TL 1790328171.621 74.2 0.6
TL 1790328171.721 121.7 1.9
TL 1790328171.821 85.4 1.4
TL 1790328171.922 269.1 3.1
TL 1790328172.022 285.7 4.1
TL 1790328172.124 2552.1 3.7
TL 1790328172.223 272.7 3.6
TL 1790328172.323 340.7 1.1
TL 1790328172.423 274.4 2.6
TL 1790328172.523 278.7 2.7
TL 1790328172.623 346.6 1.4
TL 1790328172.724 385.1 2.7
TL 1790328172.824 231.0 3.6
TL 1790328172.924 485.3 5.3
TL 1790328173.024 250.5 3.6
TL 1790328173.124 236.4 1.8
TL 1790328173.224 104.6 0.9
TL 1790328173.324 155.1 1.6
TL 1790328173.425 202.1 3.7
TL 1790328173.525 345.2 4.4
TL 1790328173.625 232.0 1.2
TL 1790328173.725 222.3 2.4
TL 1790328173.825 183.1 3.0
TL 1790328173.926 297.2 3.1
TL 1790328174.026 300.8 4.1
TL 1790328174.126 200.3 1.9
TL 1790328174.226 104.7 1.0
TL 1790328174.326 86.1 0.9
TL 1790328174.426 86.4 0.7
TL 1790328174.527 321.3 2.7
TL 1790328174.627 231.8 1.2
TL 1790328174.727 213.1 2.0
TL 1790328174.827 269.7 3.2
TL 1790328174.927 304.8 3.5
TL 1790328175.027 209.1 3.1
TL 1790328175.127 95.7 0.8
TL 1790328175.228 159.5 1.5
TL 1790328175.328 566.5 3.1
TL 1790328175.428 238.4 3.6
TL 1790328175.529 285.4 4.5
TL 1790328175.629 240.5 1.4
TL 1790328175.729 288.9 3.0
TL 1790328175.829 93.9 1.1
TL 1790328175.930 889.8 3.4
TL 1790328176.029 93.0 1.1
TL 1790328176.130 1050.7 0.8
TL 1790328176.230 337.8 3.6
TL 1790328176.330 220.0 2.3
TL 1790328176.430 94.3 2.0
TL 1790328176.531 355.9 1.4
TL 1790328176.630 106.0 0.9
TL 1790328176.731 88.4 1.0
TL 1790328176.831 45.4 0.7
TL 1790328176.932 1369.8 1.8
TL 1790328177.031 73.5 1.8
TL 1790328177.132 1410.9 1.1
TL 1790328177.232 582.7 1.7
TL 1790328177.331 83.1 1.5
TL 1790328177.431 87.2 1.8
TL 1790328177.532 58.5 2.0
TL 1790328177.632 111.6 1.6
TL 1790328177.732 117.9 1.7
TL 1790328177.832 409.4 1.5
TL 1790328177.932 74.7 1.7
TL 1790328178.032 332.9 1.8
TL 1790328178.132 89.6 1.6
TL 1790328178.232 66.6 1.3
TL 1790328178.332 89.0 1.7
TL 1790328178.432 54.0 2.5
TL 1790328178.533 100.6 1.7
TL 1790328178.633 153.0 1.7
TL 1790328178.733 100.4 1.9
TL 1790328178.833 88.4 1.5
TL 1790328178.934 1047.7 2.1
TL 1790328179.033 121.3 1.6
TL 1790328179.133 166.6 1.5
TL 1790328179.233 121.4 1.2
TL 1790328179.333 222.1 1.4
TL 1790328179.433 57.7 1.8
TL 1790328179.534 65.4 1.9
TL 1790328179.634 118.1 1.9
TL 1790328179.734 99.6 1.6
TL 1790328179.834 99.8 1.5
TL 1790328179.935 1224.4 1.9
TL 1790328180.034 51.3 2.0
TL 1790328180.137 2805.7 1.6
TL 1790328180.235 881.5 1.5
TL 1790328180.334 69.2 1.6
TL 1790328180.435 108.5 1.4
TL 1790328180.540 5982.3 1.7
TL 1790328180.635 213.2 1.6
TL 1790328180.735 86.4 1.6
TL 1790328180.840 4853.4 1.6
TL 1790328180.935 138.0 1.4
TL 1790328181.036 795.9 1.4
TL 1790328181.135 94.9 1.3
TL 1790328181.235 94.6 1.5
TL 1790328181.335 164.2 1.6
TL 1790328181.436 260.3 1.3
TL 1790328181.536 369.3 1.2
TL 1790328181.636 70.3 1.4
TL 1790328181.736 122.2 1.8
TL 1790328181.836 229.8 1.4
TL 1790328181.936 102.1 1.5
TL 1790328182.036 199.2 2.2
TL 1790328182.136 203.1 2.2
TL 1790328182.237 168.4 2.0
TL 1790328182.337 244.7 3.1
TL 1790328182.437 383.8 2.3
TL 1790328182.537 315.9 2.7
TL 1790328182.637 190.6 2.9
TL 1790328182.737 281.1 1.7
TL 1790328182.838 331.1 2.3
TL 1790328182.938 199.2 2.5
TL 1790328183.038 239.8 3.4
TL 1790328183.138 244.3 3.5
TL 1790328183.238 296.4 1.8
TL 1790328183.338 89.0 1.2
TL 1790328183.439 161.0 1.2
TL 1790328183.539 82.1 2.0
TL 1790328183.639 173.5 1.6
TL 1790328183.739 350.8 2.3
TL 1790328183.839 271.6 2.4
TL 1790328183.941 310.2 2.5
TL 1790328184.041 150.5 1.1
TL 1790328184.141 68.0 1.7
TL 1790328184.242 346.8 4.4
TL 1790328184.342 300.4 2.8
TL 1790328184.442 347.5 3.6
TL 1790328184.542 264.3 3.4
TL 1790328184.642 296.5 3.1
TL 1790328184.743 293.0 2.1
TL 1790328184.843 130.7 1.4
TL 1790328184.943 64.0 0.9
TL 1790328185.044 293.0 2.0
TL 1790328185.144 312.2 3.3
TL 1790328185.245 262.0 2.1
TL 1790328185.345 328.8 2.1
TL 1790328185.445 249.3 2.3
TL 1790328185.545 360.6 3.1
TL 1790328185.645 314.6 3.3
TL 1790328185.746 224.1 2.0
TL 1790328185.846 171.0 2.4
TL 1790328185.946 92.0 2.2
TL 1790328186.046 370.5 3.5
TL 1790328186.146 104.3 1.7
TL 1790328186.246 86.4 1.5
TL 1790328186.346 116.8 1.8
TL 1790328186.447 178.0 3.5
TL 1790328186.547 322.8 4.7
TL 1790328186.647 131.9 1.7
TL 1790328186.747 113.4 1.3
TL 1790328186.847 90.6 1.7
TL 1790328186.947 433.9 3.4
TL 1790328187.047 264.0 3.6
TL 1790328187.147 88.3 1.4
TL 1790328187.248 146.7 1.3
TL 1790328187.349 1073.1 4.1
TL 1790328187.448 207.4 3.3
TL 1790328187.548 364.3 2.3
TL 1790328187.649 322.7 3.8
TL 1790328187.748 70.5 1.2
TL 1790328187.849 327.3 3.1
TL 1790328187.949 228.5 3.9
TL 1790328188.049 214.1 2.4
TL 1790328188.149 139.5 1.2
TL 1790328188.249 70.5 1.2
TL 1790328188.350 676.0 5.1
TL 1790328188.450 159.1 1.4
TL 1790328188.550 121.7 1.6
TL 1790328188.650 78.7 1.5
TL 1790328188.750 361.1 4.1
TL 1790328188.850 218.9 1.4
TL 1790328188.950 71.6 1.8
TL 1790328189.051 399.1 3.3
TL 1790328189.151 606.8 28.9
TL 1790328189.251 331.0 2.3
TL 1790328189.351 295.0 3.7
TL 1790328189.452 323.8 2.2
TL 1790328189.552 550.1 3.9
TL 1790328189.653 377.2 3.6
TL 1790328189.753 214.9 2.4
TL 1790328189.853 87.5 1.0
TL 1790328189.953 72.7 1.2
TL 1790328190.053 446.3 2.8
TL 1790328190.153 291.8 2.6
TL 1790328190.253 306.4 2.0
TL 1790328190.353 185.5 3.0
TL 1790328190.454 320.2 3.7
TL 1790328190.554 344.7 3.6
TL 1790328190.654 144.6 1.3
TL 1790328190.754 127.1 2.0
TL 1790328190.854 91.8 3.1
TL 1790328190.954 346.3 4.2
TL 1790328191.055 220.4 3.2
TL 1790328191.155 386.4 3.2
TL 1790328191.255 224.6 2.7
TL 1790328191.355 126.6 0.7
TL 1790328191.455 123.3 0.8
TL 1790328191.556 307.2 2.7
TL 1790328191.656 318.5 2.3
TL 1790328191.756 316.6 3.0
TL 1790328191.856 681.6 3.0
TL 1790328191.956 120.5 1.8
TL 1790328192.056 96.0 1.6
TL 1790328192.156 276.7 3.8
TL 1790328192.257 479.5 3.0
TL 1790328192.357 392.4 3.3
TL 1790328192.457 295.2 2.8
TL 1790328192.557 313.1 3.3
TL 1790328192.658 271.0 1.3
TL 1790328192.758 317.3 2.5
TL 1790328192.858 343.2 3.9
TL 1790328192.958 72.0 1.5
TL 1790328193.059 730.9 2.4
TL 1790328193.158 73.8 1.5
TL 1790328193.259 228.7 3.0
TL 1790328193.359 246.7 3.7
TL 1790328193.459 125.7 2.1
TL 1790328193.559 78.4 1.9
TL 1790328193.660 412.7 2.5
TL 1790328193.760 309.1 2.1
TL 1790328193.860 226.5 1.8
TL 1790328193.960 324.6 2.9
TL 1790328194.060 133.4 1.0
TL 1790328194.160 216.1 2.8
TL 1790328194.260 281.1 3.2
TL 1790328194.361 147.8 2.1
TL 1790328194.461 66.5 0.9
TL 1790328194.561 214.1 3.1
TL 1790328194.661 311.8 3.0
TL 1790328194.761 394.6 2.2
TL 1790328194.861 287.6 2.8
TL 1790328194.962 307.6 3.5
TL 1790328195.062 222.0 2.8
TL 1790328195.162 376.7 3.4
TL 1790328195.262 140.4 1.2
TL 1790328195.362 119.1 2.8
TL 1790328195.462 254.7 4.3
TL 1790328195.563 374.7 3.2
TL 1790328195.663 96.8 1.1
TL 1790328195.763 273.8 2.9
TL 1790328195.863 343.1 2.6
TL 1790328195.963 228.0 2.9
TL 1790328196.064 285.9 2.6
TL 1790328196.164 182.8 1.3
TL 1790328196.264 80.8 1.0
TL 1790328196.364 400.4 3.3
TL 1790328196.464 271.4 2.7
TL 1790328196.565 767.8 3.0
TL 1790328196.665 242.2 3.2
TL 1790328196.765 114.4 1.5
TL 1790328196.865 283.0 4.6
TL 1790328196.965 372.3 4.1
TL 1790328197.065 68.6 1.0
TL 1790328197.166 741.4 159.2
TL 1790328197.266 472.1 2.4
TL 1790328197.366 350.5 4.0
TL 1790328197.466 143.5 1.7
TL 1790328197.566 99.0 1.7
TL 1790328197.667 347.9 4.9
TL 1790328197.767 609.4 0.8
TL 1790328197.867 407.1 3.1
TL 1790328197.967 226.7 2.9
TL 1790328198.067 326.1 2.6
TL 1790328198.167 335.8 4.0
TL 1790328198.268 332.1 2.9
TL 1790328198.368 127.0 1.1
TL 1790328198.468 241.9 1.2
TL 1790328198.568 299.8 3.0
TL 1790328198.668 240.7 1.9
TL 1790328198.769 668.8 2.0
TL 1790328198.869 333.1 4.1
TL 1790328198.969 343.7 3.9
TL 1790328199.069 295.6 3.0
TL 1790328199.170 201.1 3.4
TL 1790328199.269 67.5 1.0
TL 1790328199.370 329.3 3.6
TL 1790328199.470 269.9 3.0
TL 1790328199.570 410.0 3.1
TL 1790328199.671 582.6 1.7
TL 1790328199.771 359.8 1.9
TL 1790328199.870 55.8 1.4
TL 1790328199.971 122.7 1.5
TL 1790328200.071 95.9 1.0
TL 1790328200.171 123.3 1.0
TL 1790328200.271 238.6 1.6
TL 1790328200.371 255.3 1.7
TL 1790328200.472 611.9 3.7
TL 1790328200.572 419.2 1.1
TL 1790328200.672 266.5 2.5
TL 1790328200.772 274.6 3.0
TL 1790328200.872 514.2 1.1
TL 1790328200.972 453.4 1.8
TL 1790328201.072 70.6 1.7
TL 1790328201.172 58.8 1.7
TL 1790328201.272 163.5 1.9
TL 1790328201.372 89.9 1.8
TL 1790328201.473 410.7 1.1
TL 1790328201.573 72.8 1.6
TL 1790328201.673 72.7 1.7
TL 1790328201.773 424.5 1.5
TL 1790328201.879 6039.0 1.9
TL 1790328201.973 68.0 1.5
TL 1790328202.074 744.9 1.9
TL 1790328202.174 258.0 1.8
TL 1790328202.274 94.7 1.5
TL 1790328202.374 166.0 3.3
TL 1790328202.474 160.1 2.3
TL 1790328202.574 322.8 2.6
TL 1790328202.674 365.8 2.1
TL 1790328202.774 66.4 1.2
TL 1790328202.874 77.0 1.4
TL 1790328202.974 88.1 1.5
TL 1790328203.075 157.2 2.6
TL 1790328203.175 172.4 3.4
TL 1790328203.275 104.6 1.5
TL 1790328203.375 74.4 2.4
TL 1790328203.475 219.2 3.1
TL 1790328203.575 399.0 4.2
TL 1790328203.675 87.3 1.6
TL 1790328203.775 98.9 1.7
TL 1790328203.876 342.2 4.1
TL 1790328203.976 495.8 4.7
TL 1790328204.076 311.5 1.6
TL 1790328204.177 495.7 1.6
TL 1790328204.276 57.9 1.5
TL 1790328204.376 59.9 1.6
TL 1790328204.477 483.2 3.9
TL 1790328204.577 288.7 3.6
TL 1790328204.678 284.3 4.2
TL 1790328204.778 120.1 1.2
TL 1790328204.878 103.8 2.1
TL 1790328204.978 203.1 2.4
TL 1790328205.079 470.4 3.2
TL 1790328205.178 124.9 2.4
TL 1790328205.278 58.6 1.0
TL 1790328205.379 362.2 4.1
TL 1790328205.479 390.8 4.9
TL 1790328205.579 151.2 2.2
TL 1790328205.679 74.0 1.7
TL 1790328205.780 233.0 2.8
TL 1790328205.880 244.1 2.0
TL 1790328205.980 106.1 1.7
TL 1790328206.080 126.0 1.6
TL 1790328206.180 107.8 1.7
TL 1790328206.281 1286.6 3.8
TL 1790328206.380 154.8 3.0
TL 1790328206.480 64.7 1.5
TL 1790328206.581 88.5 1.5
TL 1790328206.681 350.6 4.4
TL 1790328206.781 159.5 2.0
TL 1790328206.881 219.9 2.2
TL 1790328206.981 94.5 1.8
TL 1790328207.081 146.2 1.7
TL 1790328207.183 1106.2 3.0
TL 1790328207.282 237.7 2.6
TL 1790328207.382 60.7 1.4
TL 1790328207.483 326.9 3.5
TL 1790328207.583 384.0 5.8
TL 1790328207.683 167.1 2.9
TL 1790328207.783 202.9 2.4
TL 1790328207.883 399.9 1.6
TL 1790328207.983 285.9 3.1
TL 1790328208.084 149.7 1.7
TL 1790328208.185 1046.1 2.5
TL 1790328208.284 126.7 1.6
TL 1790328208.384 138.6 1.8
TL 1790328208.484 129.1 1.7
TL 1790328208.584 182.9 2.6
TL 1790328208.684 168.9 1.4
TL 1790328208.784 434.8 1.7
TL 1790328208.885 373.7 3.7
TL 1790328208.984 85.7 1.3
TL 1790328209.085 144.8 1.7
TL 1790328209.185 74.7 1.7
TL 1790328209.285 87.0 1.4
TL 1790328209.385 172.6 3.7
TL 1790328209.485 329.0 3.4
TL 1790328209.585 398.1 3.3
TL 1790328209.685 318.1 4.8
TL 1790328209.786 257.2 4.5
TL 1790328209.886 152.0 2.2
TL 1790328209.986 75.8 3.0
TL 1790328210.086 162.5 26.8
TL 1790328210.186 102.2 1.6
TL 1790328210.286 547.4 1.9
TL 1790328210.387 362.5 5.3
TL 1790328210.487 274.4 3.8
TL 1790328210.587 89.9 1.6
TL 1790328210.687 509.6 3.8
TL 1790328210.787 78.7 1.5
TL 1790328210.887 148.3 1.5
TL 1790328210.987 158.2 2.5
TL 1790328211.087 87.1 1.2
TL 1790328211.190 2452.9 1.7
TL 1790328211.288 171.4 1.7
TL 1790328211.388 124.7 2.3
TL 1790328211.488 472.3 3.3
TL 1790328211.589 714.5 4.6
TL 1790328211.688 211.3 3.9
TL 1790328211.789 470.9 1.9
TL 1790328211.889 126.0 1.8
TL 1790328211.989 107.2 1.7
TL 1790328212.089 107.6 1.6
TL 1790328212.189 123.2 2.8
TL 1790328212.291 1268.1 3.2
TL 1790328212.390 310.2 2.9
TL 1790328212.490 157.0 1.7
TL 1790328212.590 105.1 2.1
TL 1790328212.690 228.8 3.0
TL 1790328212.790 164.5 1.8
TL 1790328212.890 87.8 1.6
TL 1790328212.990 116.7 2.7
TL 1790328213.091 92.0 2.9
TL 1790328213.191 163.5 1.6
TL 1790328213.291 91.6 1.7
TL 1790328213.391 94.0 1.9
TL 1790328213.491 226.6 1.7
TL 1790328213.591 87.3 2.2
TL 1790328213.691 153.8 1.6
TL 1790328213.791 57.2 1.7
TL 1790328213.891 105.9 1.5
TL 1790328213.992 114.2 1.7
TL 1790328214.092 112.3 1.6
TL 1790328214.192 165.0 1.6
TL 1790328214.292 79.4 1.6
TL 1790328214.393 1177.1 1.7
TL 1790328214.492 272.9 3.9
TL 1790328214.593 315.5 2.4
TL 1790328214.693 105.2 1.6
TL 1790328214.793 170.3 1.6
TL 1790328214.893 153.6 1.2
TL 1790328214.993 145.1 1.7
TL 1790328215.094 165.4 1.6
TL 1790328215.201 7039.8 1.8
TL 1790328215.294 242.1 3.3
TL 1790328215.394 116.4 1.2
TL 1790328215.494 185.6 3.7
TL 1790328215.594 113.7 1.4
TL 1790328215.694 181.2 1.8
TL 1790328215.794 105.9 1.9
TL 1790328215.895 211.8 4.3
TL 1790328215.995 76.7 1.5
TL 1790328216.095 63.5 1.5
TL 1790328216.195 88.2 1.8
TL 1790328216.295 179.5 2.5
TL 1790328216.395 105.1 1.9
TL 1790328216.495 80.5 1.5
TL 1790328216.595 226.0 1.5
TL 1790328216.695 177.1 1.5
TL 1790328216.795 107.0 1.9
TL 1790328216.895 93.5 1.6
TL 1790328216.996 130.7 1.4
TL 1790328217.096 139.3 1.4
TL 1790328217.196 75.0 1.8
TL 1790328217.296 87.0 0.9
TL 1790328217.397 549.4 2.7
TL 1790328217.496 107.8 1.5
TL 1790328217.597 773.7 1.5
TL 1790328217.697 126.4 2.1
TL 1790328217.797 123.7 1.6
TL 1790328217.897 89.1 1.5
TL 1790328217.997 203.7 1.6
TL 1790328218.097 279.1 1.9
TL 1790328218.197 60.5 1.7
TL 1790328218.297 110.7 1.7
TL 1790328218.397 115.8 1.7
TL 1790328218.498 130.1 1.8
TL 1790328218.598 62.2 1.0
TL 1790328218.698 85.5 1.4
TL 1790328218.798 235.0 1.4
TL 1790328218.898 104.8 1.7
TL 1790328218.998 131.2 1.4
TL 1790328219.098 176.8 1.5
TL 1790328219.198 91.1 1.5
TL 1790328219.298 78.9 2.1
TL 1790328219.399 435.1 2.9
TL 1790328219.499 104.7 1.6
TL 1790328219.599 114.0 1.8
TL 1790328219.699 164.7 1.5
TL 1790328219.799 184.8 1.6
TL 1790328219.899 111.9 1.6
TL 1790328219.999 118.1 1.7
TL 1790328220.099 187.4 2.1
TL 1790328220.201 1428.3 2.1
TL 1790328220.299 114.9 1.1
TL 1790328220.400 85.7 1.8
TL 1790328220.500 110.7 1.7
TL 1790328220.600 149.7 1.7
TL 1790328220.700 312.4 1.6
TL 1790328220.801 224.2 1.9
TL 1790328220.901 220.9 1.4
TL 1790328221.002 148.3 1.4
TL 1790328221.102 124.3 1.5
TL 1790328221.202 113.5 1.8
TL 1790328221.302 273.8 4.1
TL 1790328221.402 116.5 1.7
TL 1790328221.502 127.3 1.6
TL 1790328221.602 112.5 1.8
TL 1790328221.702 193.2 1.6
TL 1790328221.802 99.4 1.2
TL 1790328221.903 140.1 1.6
TL 1790328222.003 87.5 1.8
TL 1790328222.104 1447.6 2.0
TL 1790328222.203 128.4 1.5
TL 1790328222.303 69.3 0.9
TL 1790328222.403 132.8 1.8
TL 1790328222.503 188.2 1.9
TL 1790328222.603 93.6 1.6
TL 1790328222.703 160.4 2.7
TL 1790328222.804 161.6 1.5
TL 1790328222.904 176.5 1.8
TL 1790328223.004 158.0 1.8
TL 1790328223.104 81.2 1.2
TL 1790328223.205 374.9 1.6
TL 1790328223.304 127.7 1.6
TL 1790328223.404 103.3 1.2
TL 1790328223.505 135.9 2.1
TL 1790328223.605 173.9 2.2
TL 1790328223.705 245.6 1.8
TL 1790328223.805 126.6 2.8
TL 1790328223.905 134.2 1.7
TL 1790328224.005 133.2 2.0
TL 1790328224.105 113.6 1.4
TL 1790328224.206 436.7 1.5
TL 1790328224.306 488.5 1.5
TL 1790328224.406 97.3 3.1
TL 1790328224.506 94.1 1.7
TL 1790328224.606 117.1 1.5
TL 1790328224.706 193.0 1.5
TL 1790328224.806 137.3 1.7
TL 1790328224.906 66.4 1.6
TL 1790328225.006 65.8 1.3
TL 1790328225.107 104.4 1.8
TL 1790328225.207 191.3 1.7
TL 1790328225.307 479.2 1.5
TL 1790328225.407 106.1 1.7
TL 1790328225.507 135.1 1.9
TL 1790328225.608 118.4 1.8
TL 1790328225.708 177.4 1.4
TL 1790328225.808 109.7 1.8
TL 1790328225.908 162.1 1.7
TL 1790328226.008 114.8 1.4
TL 1790328226.108 169.0 1.6
TL 1790328226.208 83.9 1.7
TL 1790328226.308 231.4 2.1
TL 1790328226.408 138.2 1.8
TL 1790328226.509 239.8 3.6
TL 1790328226.609 75.6 1.2
TL 1790328226.709 154.2 1.4
TL 1790328226.809 153.7 2.6
TL 1790328226.909 84.8 1.5
TL 1790328227.009 103.3 1.8
TL 1790328227.109 98.4 1.3
TL 1790328227.210 320.9 3.2
TL 1790328227.310 126.8 1.8
TL 1790328227.410 177.7 1.7
TL 1790328227.510 169.5 1.7
TL 1790328227.610 94.5 1.4
TL 1790328227.710 103.9 2.2
TL 1790328227.811 105.7 1.6
TL 1790328227.911 111.4 9.5
TL 1790328228.011 177.5 1.6
TL 1790328228.111 106.7 1.6
TL 1790328228.211 156.6 1.4
TL 1790328228.311 259.9 3.5
TL 1790328228.411 133.2 2.3
TL 1790328228.511 137.7 1.7
TL 1790328228.612 346.1 1.5
TL 1790328228.712 124.6 1.7
TL 1790328228.812 176.7 3.3
TL 1790328228.912 120.7 1.6
TL 1790328229.012 110.9 1.7
TL 1790328229.112 62.0 1.7
TL 1790328229.212 135.3 1.7
TL 1790328229.312 130.6 1.8
TL 1790328229.412 90.8 1.7
TL 1790328229.513 195.2 1.8
TL 1790328229.613 95.9 1.5
TL 1790328229.713 87.4 1.6
TL 1790328229.817 3413.2 1.5
TL 1790328229.914 65.2 1.5
TL 1790328230.014 381.1 2.5
TL 1790328230.114 244.6 2.6
TL 1790328230.214 86.0 2.0
TL 1790328230.314 247.6 1.6
TL 1790328230.414 153.4 1.5
TL 1790328230.514 111.3 1.5
TL 1790328230.614 119.7 1.8
TL 1790328230.715 105.4 1.7
TL 1790328230.815 87.8 2.9
TL 1790328230.915 519.4 1.6
TL 1790328231.015 68.4 1.5
TL 1790328231.115 130.9 1.3
TL 1790328231.216 263.5 1.4
TL 1790328231.316 113.2 1.5
TL 1790328231.416 144.1 1.7
TL 1790328231.516 183.2 1.4
TL 1790328231.616 150.8 1.6
TL 1790328231.716 192.3 1.6
TL 1790328231.816 156.8 1.7
TL 1790328231.920 3029.6 1.6
TL 1790328232.017 135.6 1.4
TL 1790328232.117 63.7 2.0
TL 1790328232.217 131.6 2.0
TL 1790328232.317 270.4 2.7
TL 1790328232.417 85.7 1.4
TL 1790328232.517 93.4 1.0
TL 1790328232.617 156.2 1.5
TL 1790328232.718 87.3 1.3
TL 1790328232.818 108.3 1.6
TL 1790328232.918 96.2 1.5
TL 1790328233.018 514.9 1.4
TL 1790328233.118 118.8 1.9
TL 1790328233.218 130.7 1.5
TL 1790328233.318 199.4 2.0
TL 1790328233.418 104.3 1.9
TL 1790328233.519 268.6 1.5
TL 1790328233.618 101.6 1.4
TL 1790328233.719 131.6 1.7
TL 1790328233.819 117.3 1.6
TL 1790328233.919 116.9 3.3
TL 1790328234.019 97.7 3.0
TL 1790328234.120 298.5 1.4
TL 1790328234.220 146.1 1.4
TL 1790328234.324 3543.5 1.3
TL 1790328234.424 4347.3 3.0
TL 1790328234.520 82.9 1.5
TL 1790328234.620 81.0 2.1
TL 1790328234.721 181.0 1.7
TL 1790328234.821 259.4 1.5
TL 1790328234.921 111.0 1.7
TL 1790328235.021 121.2 2.0
TL 1790328235.121 170.8 1.9
TL 1790328235.221 114.5 1.6
TL 1790328235.321 109.3 1.5
TL 1790328235.421 253.6 1.5
TL 1790328235.521 156.8 3.0
TL 1790328235.622 234.7 1.9
TL 1790328235.722 136.9 1.0
TL 1790328235.822 108.4 1.6
TL 1790328235.922 179.5 2.6
TL 1790328236.022 121.0 1.6
TL 1790328236.122 135.6 1.4
TL 1790328236.223 571.3 1.7
TL 1790328236.322 120.8 2.3
TL 1790328236.422 105.0 1.7
TL 1790328236.525 2314.8 1.7
TL 1790328236.622 100.2 1.7
TL 1790328236.723 86.7 1.4
TL 1790328236.823 130.1 1.5
TL 1790328236.923 132.7 2.8
TL 1790328237.023 144.5 1.3
TL 1790328237.123 130.8 1.6
TL 1790328237.223 424.0 1.5
TL 1790328237.323 165.2 1.4
TL 1790328237.423 77.8 0.9
TL 1790328237.523 116.5 1.5
TL 1790328237.624 127.9 1.9
TL 1790328237.724 122.5 3.2
TL 1790328237.824 113.1 2.4
TL 1790328237.924 180.2 1.6
TL 1790328238.024 120.7 2.2
TL 1790328238.124 216.3 1.5
TL 1790328238.226 1527.4 1.7
TL 1790328238.325 201.4 4.3
TL 1790328238.425 50.6 1.7
TL 1790328238.525 128.5 2.1
TL 1790328238.625 135.5 1.7
TL 1790328238.725 242.6 1.9
TL 1790328238.825 462.1 1.7
TL 1790328238.926 677.3 1.1
TL 1790328239.026 142.1 1.4
TL 1790328239.126 169.4 1.5
TL 1790328239.226 475.7 2.0
TL 1790328239.326 397.2 3.4
TL 1790328239.426 187.8 1.8
TL 1790328239.526 241.1 1.9
TL 1790328239.626 145.5 1.7
TL 1790328239.726 119.6 1.7
TL 1790328239.826 132.8 1.7
TL 1790328239.926 117.6 1.6
TL 1790328240.027 188.5 1.4
TL 1790328240.127 204.7 1.6
TL 1790328240.227 177.2 1.4
TL 1790328240.327 463.0 2.7
TL 1790328240.427 99.3 2.1
TL 1790328240.527 185.7 1.6
TL 1790328240.627 85.1 1.4
TL 1790328240.727 130.9 1.5
TL 1790328240.827 110.5 1.4
TL 1790328240.928 98.8 1.6
TL 1790328241.030 1962.1 1.7
TL 1790328241.128 169.5 1.7
TL 1790328241.228 265.6 1.9
TL 1790328241.328 180.6 1.7
TL 1790328241.428 85.7 1.4
TL 1790328241.528 285.2 2.3
TL 1790328241.628 118.8 1.4
TL 1790328241.728 150.0 2.5
TL 1790328241.828 82.3 1.4
TL 1790328241.929 207.7 2.7
TL 1790328242.029 540.9 2.0
TL 1790328242.129 343.4 3.0
TL 1790328242.229 235.8 3.1
TL 1790328242.329 218.6 1.8
TL 1790328242.429 129.8 1.5
TL 1790328242.530 169.0 1.4
TL 1790328242.630 103.3 1.6
TL 1790328242.730 147.0 1.5
TL 1790328242.830 90.9 1.5
TL 1790328242.931 610.9 3.3
TL 1790328243.031 184.5 4.1
TL 1790328243.131 583.0 1.4
TL 1790328243.231 78.5 1.5
TL 1790328243.331 392.4 1.7
TL 1790328243.431 186.4 2.7
TL 1790328243.531 149.1 1.8
TL 1790328243.631 81.7 1.6
TL 1790328243.733 1979.3 1.5
TL 1790328243.832 261.6 2.0
TL 1790328243.932 384.8 3.4
TL 1790328244.032 106.5 1.9
TL 1790328244.132 147.4 1.8
TL 1790328244.232 125.3 1.5
TL 1790328244.337 4363.6 1.9
TL 1790328244.432 91.0 1.5
TL 1790328244.532 134.6 1.8
TL 1790328244.634 1557.9 1.6
TL 1790328244.733 76.1 1.7
TL 1790328244.833 63.1 1.5
TL 1790328244.933 167.2 2.3
TL 1790328245.033 174.7 1.6
TL 1790328245.133 388.2 1.7
TL 1790328245.233 280.6 1.7
TL 1790328245.333 162.6 1.7
TL 1790328245.433 139.0 3.5
TL 1790328245.534 105.6 1.6
TL 1790328245.634 232.8 1.6
TL 1790328245.734 126.8 1.6
TL 1790328245.834 103.8 1.5
TL 1790328245.935 987.9 1.3
TL 1790328246.034 134.0 1.5
TL 1790328246.134 324.4 2.2
TL 1790328246.234 91.7 1.9
TL 1790328246.334 110.2 1.9
TL 1790328246.434 85.9 1.2
TL 1790328246.535 131.7 1.6
TL 1790328246.635 103.7 1.7
TL 1790328246.735 155.5 1.7
TL 1790328246.835 70.5 1.6
TL 1790328246.935 77.5 1.6
TL 1790328247.035 179.0 3.0
TL 1790328247.135 292.4 1.4
TL 1790328247.235 127.7 3.1
TL 1790328247.336 172.7 1.5
TL 1790328247.436 123.8 1.6
TL 1790328247.536 154.6 2.8
TL 1790328247.636 93.8 1.4
TL 1790328247.737 1015.8 1.5
TL 1790328247.836 131.6 2.8
TL 1790328247.936 82.4 2.7
TL 1790328248.036 320.1 1.2
TL 1790328248.136 264.1 2.3
TL 1790328248.237 454.2 3.3
TL 1790328248.337 85.0 1.5
TL 1790328248.437 78.1 1.5
TL 1790328248.537 168.2 1.7
TL 1790328248.637 258.2 1.4
TL 1790328248.737 179.7 1.9
TL 1790328248.837 106.3 1.5
TL 1790328248.937 133.1 2.8
TL 1790328249.038 117.2 1.4
TL 1790328249.138 163.1 1.7
TL 1790328249.238 116.1 1.7
TL 1790328249.338 123.1 1.6
TL 1790328249.438 88.1 1.3
TL 1790328249.538 139.7 1.7
TL 1790328249.639 834.8 1.4
TL 1790328249.738 132.6 1.5
TL 1790328249.838 147.5 2.4
TL 1790328249.939 117.6 1.6
TL 1790328250.039 132.0 1.6
TL 1790328250.139 188.7 1.6
TL 1790328250.239 157.0 1.4
TL 1790328250.339 109.9 1.5
TL 1790328250.439 139.8 1.5
TL 1790328250.539 90.8 1.8
TL 1790328250.640 1051.0 1.6
TL 1790328250.739 73.2 1.2
TL 1790328250.840 176.4 1.8
TL 1790328250.940 129.6 2.0
TL 1790328251.040 324.9 1.6
TL 1790328251.140 196.5 2.4
TL 1790328251.240 185.6 1.3
TL 1790328251.340 164.8 1.7
TL 1790328251.441 200.0 1.7
TL 1790328251.541 97.9 3.2
TL 1790328251.641 89.8 1.4
TL 1790328251.741 51.7 1.6
TL 1790328251.841 126.7 1.7
TL 1790328251.941 116.0 1.8
TL 1790328252.041 151.1 1.9
TL 1790328252.141 143.4 3.3
TL 1790328252.241 111.4 1.9
TL 1790328252.341 100.6 1.5
TL 1790328252.441 62.7 1.7
TL 1790328252.541 68.1 1.8
TL 1790328252.642 125.6 1.8
TL 1790328252.742 71.6 1.2
TL 1790328252.847 5239.9 1.7
TL 1790328252.942 190.4 3.0
TL 1790328253.042 89.3 1.9
TL 1790328253.142 215.1 2.4
TL 1790328253.242 68.9 1.4
TL 1790328253.342 81.0 1.4
TL 1790328253.443 127.4 2.0
TL 1790328253.543 75.4 1.6
TL 1790328253.643 102.0 1.6
TL 1790328253.743 85.4 1.6
TL 1790328253.843 83.4 1.6
TL 1790328253.943 310.1 2.7
TL 1790328254.043 123.7 1.6
TL 1790328254.143 114.3 1.8
TL 1790328254.244 144.8 1.8
TL 1790328254.344 193.7 1.9
TL 1790328254.444 201.2 1.3
TL 1790328254.544 103.9 1.8
TL 1790328254.644 109.6 1.7
TL 1790328254.744 115.6 1.6
TL 1790328254.844 159.2 1.5
TL 1790328254.945 781.9 2.6
TL 1790328255.045 1098.5 1.8
TL 1790328255.145 228.5 2.6
TL 1790328255.245 110.1 1.7
TL 1790328255.345 61.1 1.5
TL 1790328255.445 179.6 1.6
TL 1790328255.545 240.0 3.3
TL 1790328255.645 132.4 1.5
TL 1790328255.745 116.1 1.7
TL 1790328255.845 113.4 2.9
TL 1790328255.945 90.7 1.6
TL 1790328256.048 2960.6 1.4
TL 1790328256.146 83.1 2.3
TL 1790328256.246 413.6 4.4
TL 1790328256.346 524.2 4.2
TL 1790328256.446 106.7 2.5
TL 1790328256.546 296.0 1.9
TL 1790328256.646 117.6 1.6
TL 1790328256.746 135.6 2.0
TL 1790328256.846 98.0 1.7
TL 1790328256.947 84.8 1.5
TL 1790328257.050 3344.2 1.3
TL 1790328257.147 93.4 1.2
TL 1790328257.247 101.4 1.6
TL 1790328257.347 104.3 1.4
TL 1790328257.447 334.9 1.8
TL 1790328257.547 117.8 1.6
TL 1790328257.647 81.4 1.8
TL 1790328257.747 71.4 0.8
TL 1790328257.849 2093.6 1.9
TL 1790328257.948 114.7 1.4
TL 1790328258.048 269.2 3.0
TL 1790328258.148 401.9 5.6
TL 1790328258.248 270.5 3.6
TL 1790328258.348 158.3 1.7
TL 1790328258.448 104.8 1.9
TL 1790328258.548 114.6 1.6
TL 1790328258.649 105.9 1.8
TL 1790328258.749 166.2 1.0
TL 1790328258.849 65.9 3.1
TL 1790328258.949 141.0 1.9
TL 1790328259.049 252.2 2.9
TL 1790328259.150 318.9 3.2
TL 1790328259.250 154.2 1.8
TL 1790328259.350 122.0 2.9
TL 1790328259.450 131.6 2.7
TL 1790328259.550 141.7 1.8
TL 1790328259.650 109.6 1.7
TL 1790328259.750 118.4 1.6
TL 1790328259.850 120.3 1.6
TL 1790328259.950 209.9 1.7
TL 1790328260.052 1453.6 1.7
TL 1790328260.151 127.3 2.7
TL 1790328260.251 157.7 1.8
TL 1790328260.351 63.7 1.4
TL 1790328260.451 112.3 1.5
TL 1790328260.551 201.8 1.7
TL 1790328260.651 141.4 2.2
TL 1790328260.751 137.7 1.8
TL 1790328260.851 93.0 1.4
TL 1790328260.951 178.3 1.7
TL 1790328261.052 141.0 2.0
TL 1790328261.152 548.1 3.0
TL 1790328261.252 360.7 4.1
TL 1790328261.352 138.5 1.3
TL 1790328261.452 158.3 1.5
TL 1790328261.553 149.8 1.6
TL 1790328261.653 132.6 1.6
TL 1790328261.753 141.7 1.8
TL 1790328261.853 93.5 1.6
TL 1790328261.953 105.9 1.5
TL 1790328262.053 97.8 1.8
TL 1790328262.153 114.8 1.5
TL 1790328262.263 9663.1 1.5
TL 1790328262.353 83.7 1.9
TL 1790328262.454 244.7 1.6
TL 1790328262.554 139.2 1.6
TL 1790328262.654 220.4 3.3
TL 1790328262.754 162.2 1.9
TL 1790328262.854 112.4 1.7
TL 1790328262.955 648.3 1.9
TL 1790328263.054 161.3 2.8
TL 1790328263.154 113.3 2.0
TL 1790328263.254 149.2 2.2
TL 1790328263.355 262.0 4.6
TL 1790328263.455 211.0 2.2
TL 1790328263.555 81.7 1.2
TL 1790328263.655 120.4 1.5
TL 1790328263.755 131.3 1.6
TL 1790328263.855 110.6 1.6
TL 1790328263.955 134.0 1.9
TL 1790328264.055 157.3 1.6
TL 1790328264.155 96.8 3.0
TL 1790328264.255 67.3 1.7
TL 1790328264.356 128.6 2.1
TL 1790328264.456 122.6 1.7
TL 1790328264.557 155.2 1.6
TL 1790328264.657 154.2 1.4
TL 1790328264.758 194.9 2.3
TL 1790328264.858 73.4 2.2
TL 1790328264.958 119.2 1.6
TL 1790328265.058 117.0 3.2
TL 1790328265.159 793.3 1.8
TL 1790328265.258 120.1 1.5
TL 1790328265.358 314.6 3.8
TL 1790328265.458 300.3 35.2
TL 1790328265.559 365.8 3.7
TL 1790328265.659 97.3 1.5
TL 1790328265.759 111.3 1.6
TL 1790328265.859 142.6 1.5
TL 1790328265.959 101.9 3.6
TL 1790328266.061 1994.3 3.8
TL 1790328266.160 422.9 3.7
TL 1790328266.260 187.7 1.2
TL 1790328266.360 204.8 1.8
TL 1790328266.460 123.4 1.9
TL 1790328266.560 143.8 1.7
TL 1790328266.660 125.7 1.5
TL 1790328266.760 95.5 1.9
TL 1790328266.860 115.5 2.0
TL 1790328266.960 68.3 2.1
TL 1790328267.062 2051.6 4.8
TL 1790328267.161 848.7 2.0
TL 1790328267.261 135.3 2.2
TL 1790328267.361 272.7 2.9
TL 1790328267.461 155.9 2.1
TL 1790328267.561 115.4 1.8
TL 1790328267.661 119.2 1.6
TL 1790328267.761 128.9 1.8
TL 1790328267.861 78.8 1.5
TL 1790328267.961 105.4 1.8
TL 1790328268.063 1584.7 3.6
TL 1790328268.162 174.6 2.9
TL 1790328268.263 691.7 3.7
TL 1790328268.362 145.9 1.8
TL 1790328268.462 124.2 1.9
TL 1790328268.562 153.8 4.2
TL 1790328268.663 116.2 1.8
TL 1790328268.763 156.5 1.8
TL 1790328268.863 64.9 1.9
TL 1790328268.963 85.8 1.6
TL 1790328269.064 658.0 3.0
TL 1790328269.164 456.4 3.6
TL 1790328269.264 376.6 27.7
TL 1790328269.364 96.4 1.9
TL 1790328269.464 229.8 1.7
TL 1790328269.564 125.4 2.9
TL 1790328269.664 118.8 1.8
TL 1790328269.764 293.5 2.0
TL 1790328269.864 164.0 1.7
TL 1790328269.965 768.9 1.7
TL 1790328270.065 352.5 2.8
TL 1790328270.165 429.7 4.4
TL 1790328270.266 440.8 3.0
TL 1790328270.366 116.7 2.0
TL 1790328270.466 109.1 1.7
TL 1790328270.566 55.3 1.5
TL 1790328270.666 75.8 1.9
TL 1790328270.766 159.0 1.9
TL 1790328270.868 1682.4 1.6
TL 1790328270.967 376.9 6.8
TL 1790328271.067 284.9 3.1
TL 1790328271.167 132.9 1.7
TL 1790328271.267 143.4 2.1
TL 1790328271.367 131.9 2.2
TL 1790328271.467 90.0 1.8
TL 1790328271.567 123.9 1.4
TL 1790328271.668 721.6 3.0
TL 1790328271.770 2777.1 1.7
TL 1790328271.868 109.1 3.1
TL 1790328271.968 198.9 2.0
TL 1790328272.068 292.9 3.1
TL 1790328272.168 71.6 1.3
TL 1790328272.268 183.5 1.6
TL 1790328272.368 177.0 1.9
TL 1790328272.468 121.4 1.5
TL 1790328272.568 111.1 1.9
TL 1790328272.669 82.0 2.0
TL 1790328272.772 3442.6 1.9
TL 1790328272.869 107.9 1.5
TL 1790328272.969 227.8 2.2
TL 1790328273.069 219.1 2.2
TL 1790328273.169 191.3 2.0
TL 1790328273.269 157.9 1.4
TL 1790328273.370 128.5 2.0
TL 1790328273.470 143.9 1.9
TL 1790328273.570 141.5 1.7
TL 1790328273.670 157.1 2.1
TL 1790328273.770 160.2 2.3
TL 1790328273.870 290.6 3.1
TL 1790328273.970 173.5 1.7
TL 1790328274.070 164.1 2.5
TL 1790328274.171 105.0 1.9
TL 1790328274.271 145.3 2.0
TL 1790328274.371 73.9 1.8
TL 1790328274.471 111.4 1.6
TL 1790328274.571 438.4 1.9
TL 1790328274.671 337.1 3.6
TL 1790328274.772 331.1 2.1
TL 1790328274.872 84.8 1.5
TL 1790328274.972 222.2 1.9
TL 1790328275.072 167.4 1.6
TL 1790328275.172 135.7 1.6
TL 1790328275.272 77.4 1.8
TL 1790328275.373 306.0 1.7
TL 1790328275.473 141.0 1.9
TL 1790328275.573 146.9 2.0
TL 1790328275.673 584.5 3.0
TL 1790328275.773 201.6 1.7
TL 1790328275.873 104.8 1.7
TL 1790328275.973 131.0 1.6
TL 1790328276.073 92.4 1.6
TL 1790328276.174 277.1 1.7
TL 1790328276.274 200.7 2.2
TL 1790328276.374 138.8 2.2
TL 1790328276.474 64.5 1.4
TL 1790328276.574 97.1 2.3
TL 1790328276.674 129.7 1.7
TL 1790328276.774 114.9 1.7
TL 1790328276.874 162.6 1.8
TL 1790328276.975 852.4 1.8
TL 1790328277.075 291.1 3.6
TL 1790328277.175 452.7 3.3
TL 1790328277.275 504.2 2.6
TL 1790328277.375 207.7 2.1
TL 1790328277.475 120.6 1.7
TL 1790328277.575 168.6 1.8
TL 1790328277.675 101.2 1.7
TL 1790328277.775 54.4 1.5
TL 1790328277.876 187.2 1.8
TL 1790328277.976 112.4 1.8
TL 1790328278.076 95.3 1.5
TL 1790328278.176 142.5 1.8
TL 1790328278.276 136.0 2.0
TL 1790328278.376 157.3 2.4
TL 1790328278.477 150.5 1.5
TL 1790328278.577 68.1 1.7
TL 1790328278.677 677.8 3.0
TL 1790328278.777 178.7 2.1
TL 1790328278.877 53.5 1.8
TL 1790328278.977 76.5 1.9
TL 1790328279.077 191.7 2.9
TL 1790328279.177 95.9 1.4
TL 1790328279.277 118.4 1.9
TL 1790328279.378 81.9 1.9
TL 1790328279.478 89.7 1.7
TL 1790328279.578 67.3 2.2
TL 1790328279.678 90.8 2.4
TL 1790328279.778 127.8 1.7
TL 1790328279.878 145.3 1.5
TL 1790328279.978 210.2 1.8
TL 1790328280.078 161.5 2.8
TL 1790328280.179 141.3 1.7
TL 1790328280.279 114.2 1.7
TL 1790328280.379 620.5 1.8
TL 1790328280.479 114.8 1.8
TL 1790328280.579 78.6 4.4
TL 1790328280.679 151.3 1.9
TL 1790328280.779 111.1 1.4
TL 1790328280.879 190.7 2.7
TL 1790328280.980 251.7 1.9
TL 1790328281.080 148.5 2.7
TL 1790328281.180 66.4 2.1
TL 1790328281.280 110.0 2.2
TL 1790328281.381 1474.9 1.8
TL 1790328281.480 146.4 1.9
TL 1790328281.580 95.8 1.9
TL 1790328281.680 108.8 2.4
TL 1790328281.781 462.9 4.1
TL 1790328281.881 131.6 1.7
TL 1790328281.981 162.7 3.6
TL 1790328282.081 133.4 2.0
TL 1790328282.181 139.1 1.6
TL 1790328282.281 107.2 1.6
TL 1790328282.381 155.0 2.4
TL 1790328282.482 326.1 2.6
TL 1790328282.582 552.1 3.5
TL 1790328282.682 497.2 3.0
TL 1790328282.782 303.2 2.4
TL 1790328282.882 277.2 1.8
TL 1790328282.982 76.6 1.2
TL 1790328283.082 124.1 1.5
TL 1790328283.182 112.0 1.7
TL 1790328283.282 132.9 1.9
TL 1790328283.383 169.0 1.9
TL 1790328283.483 322.4 3.9
TL 1790328283.583 146.5 2.2
TL 1790328283.683 154.9 2.4
TL 1790328283.783 139.6 2.1
TL 1790328283.883 157.7 1.9
TL 1790328283.983 69.8 1.4
TL 1790328284.087 3051.9 2.2
TL 1790328284.186 1274.4 2.2
TL 1790328284.286 159.7 1.6
TL 1790328284.386 287.2 1.8
TL 1790328284.486 99.5 1.8
TL 1790328284.586 153.0 2.1
TL 1790328284.686 235.2 1.7
TL 1790328284.787 413.6 1.7
TL 1790328284.887 90.7 1.7
TL 1790328284.987 171.8 2.0
TL 1790328285.087 206.7 2.0
TL 1790328285.187 162.1 1.8
TL 1790328285.288 131.9 2.1
TL 1790328285.388 139.4 2.1
TL 1790328285.488 270.1 2.7
TL 1790328285.588 258.4 1.7
TL 1790328285.688 127.3 1.6
TL 1790328285.788 134.5 2.2
TL 1790328285.888 67.6 2.3
TL 1790328285.988 103.7 1.8
TL 1790328286.088 76.9 3.3
TL 1790328286.189 220.9 2.5
TL 1790328286.289 148.6 1.8
TL 1790328286.389 141.0 1.7
TL 1790328286.489 128.5 1.7
TL 1790328286.589 161.6 2.0
TL 1790328286.689 171.0 2.2
TL 1790328286.790 1039.6 1.9
TL 1790328286.890 242.5 3.9
TL 1790328286.990 266.0 3.4
TL 1790328287.090 235.1 2.2
TL 1790328287.190 105.4 1.5
TL 1790328287.290 153.2 1.9
TL 1790328287.390 166.6 3.5
TL 1790328287.490 79.6 1.9
TL 1790328287.592 1783.9 1.6
TL 1790328287.691 163.2 3.1
TL 1790328287.791 102.8 2.5
TL 1790328287.891 102.3 1.9
TL 1790328287.991 137.4 2.3
TL 1790328288.091 102.7 1.6
TL 1790328288.191 79.2 4.2
TL 1790328288.291 133.5 3.8
TL 1790328288.391 102.2 3.0
TL 1790328288.492 278.9 2.0
TL 1790328288.592 234.5 2.1
TL 1790328288.692 119.1 1.8
TL 1790328288.792 95.5 1.7
TL 1790328288.892 136.6 1.9
TL 1790328288.995 3459.7 1.7
TL 1790328289.092 256.4 3.1
TL 1790328289.193 512.7 3.6
TL 1790328289.292 156.4 1.8
TL 1790328289.393 182.0 1.5
TL 1790328289.493 131.9 1.6
TL 1790328289.593 72.2 1.6
TL 1790328289.693 223.4 2.1
TL 1790328289.796 2802.2 1.6
TL 1790328289.893 150.7 1.3
TL 1790328289.994 232.7 3.6
TL 1790328290.094 186.7 2.4
TL 1790328290.194 174.9 1.8
TL 1790328290.294 129.0 1.8
TL 1790328290.394 77.1 1.2
TL 1790328290.494 128.2 2.0
TL 1790328290.594 64.9 2.3
TL 1790328290.694 162.1 2.3
TL 1790328290.794 148.9 1.8
TL 1790328290.894 84.7 1.7
TL 1790328290.995 335.0 3.7
TL 1790328291.095 166.9 1.8
TL 1790328291.195 141.3 1.8
TL 1790328291.295 164.7 1.9
TL 1790328291.395 132.2 1.7
TL 1790328291.495 224.5 1.6
TL 1790328291.596 511.9 2.0
TL 1790328291.695 137.2 2.1
TL 1790328291.796 331.6 3.7
TL 1790328291.896 525.6 2.0
TL 1790328291.996 283.5 2.8
TL 1790328292.096 145.9 2.1
TL 1790328292.196 190.1 1.6
TL 1790328292.296 219.2 2.1
TL 1790328292.396 86.6 1.9
TL 1790328292.497 298.1 1.9
TL 1790328292.597 287.4 1.9
TL 1790328292.697 363.3 3.9
TL 1790328292.798 745.8 2.9
TL 1790328292.898 546.9 1.5
TL 1790328292.997 83.9 1.5
TL 1790328293.100 2662.6 1.4
TL 1790328293.197 83.6 1.6
TL 1790328293.297 141.3 1.9
TL 1790328293.398 111.7 2.0
TL 1790328293.498 582.1 1.6
TL 1790328293.598 131.3 1.7
TL 1790328293.698 444.2 3.1
TL 1790328293.798 105.1 1.6
TL 1790328293.898 149.4 2.2
TL 1790328293.998 152.3 2.3
TL 1790328294.099 143.1 1.8
TL 1790328294.199 232.2 1.6
TL 1790328294.299 135.2 1.9
TL 1790328294.399 272.0 3.4
TL 1790328294.499 114.9 2.0
TL 1790328294.600 232.5 4.3
TL 1790328294.700 75.6 1.7
TL 1790328294.800 291.5 2.0
TL 1790328294.901 559.2 1.5
TL 1790328295.000 154.4 1.9
TL 1790328295.100 132.0 1.8
TL 1790328295.200 120.8 1.8
TL 1790328295.300 96.6 1.9
TL 1790328295.403 2437.9 1.9
TL 1790328295.501 148.6 1.8
TL 1790328295.602 535.1 2.7
TL 1790328295.702 307.7 3.6
TL 1790328295.802 323.8 3.6
TL 1790328295.902 157.6 2.3
TL 1790328296.002 91.3 1.8
TL 1790328296.102 109.2 2.0
TL 1790328296.202 118.5 2.1
TL 1790328296.302 293.1 3.2
TL 1790328296.402 89.3 2.6
TL 1790328296.503 280.9 3.6
TL 1790328296.603 404.8 3.9
TL 1790328296.703 578.2 4.3
TL 1790328296.803 94.2 1.5
TL 1790328296.903 128.5 1.6
TL 1790328297.003 128.9 1.5
TL 1790328297.103 154.9 1.8
TL 1790328297.203 99.4 1.6
TL 1790328297.304 287.8 2.2
TL 1790328297.404 398.8 1.3
TL 1790328297.504 127.6 1.6
TL 1790328297.604 123.7 2.0
TL 1790328297.704 144.1 1.9
TL 1790328297.804 130.2 1.9
TL 1790328297.907 3043.6 1.9
TL 1790328298.005 502.3 3.4
TL 1790328298.105 341.5 4.6
TL 1790328298.205 90.9 1.2
TL 1790328298.306 146.1 1.8
TL 1790328298.406 156.5 1.4
TL 1790328298.506 108.9 1.9
TL 1790328298.606 67.8 1.7
TL 1790328298.706 104.1 1.9
TL 1790328298.807 763.5 3.9
TL 1790328298.907 750.8 3.3
TL 1790328299.007 248.5 2.1
TL 1790328299.107 119.5 1.9
TL 1790328299.208 186.9 2.2
TL 1790328299.308 111.9 1.8
TL 1790328299.408 116.0 1.9
TL 1790328299.509 403.0 1.8
TL 1790328299.609 574.8 3.0
TL 1790328299.709 163.4 2.5
TL 1790328299.810 1293.8 3.9
TL 1790328299.909 80.5 1.6
TL 1790328300.009 182.0 1.6
TL 1790328300.109 178.5 1.4
TL 1790328300.209 139.8 1.5
TL 1790328300.309 156.7 1.5
TL 1790328300.410 80.2 1.6
TL 1790328300.510 426.5 1.6
TL 1790328300.610 169.7 1.5
TL 1790328300.710 109.5 2.3
TL 1790328300.811 269.5 2.5
TL 1790328300.911 203.0 2.4
TL 1790328301.011 150.1 2.2
TL 1790328301.111 168.4 1.9
TL 1790328301.211 143.3 2.0
TL 1790328301.311 100.5 1.7
TL 1790328301.411 141.6 1.8
TL 1790328301.511 121.8 1.9
TL 1790328301.611 107.2 2.0
TL 1790328301.712 177.9 3.1
TL 1790328301.812 307.0 2.2
TL 1790328301.912 203.5 3.0
TL 1790328302.012 204.6 1.8
TL 1790328302.112 129.8 1.5
TL 1790328302.212 91.5 1.5
TL 1790328302.312 154.2 1.9
TL 1790328302.413 136.1 1.8
TL 1790328302.514 1119.8 2.3
TL 1790328302.616 560.8 4.1
TL 1790328302.715 298.1 3.2
TL 1790328302.816 251.1 4.2
TL 1790328302.916 568.0 1.5
TL 1790328303.016 109.7 1.9
TL 1790328303.116 110.2 1.5
TL 1790328303.216 134.8 1.8
TL 1790328303.316 207.3 1.1
TL 1790328303.416 113.5 1.9
TL 1790328303.517 306.5 2.6
TL 1790328303.617 196.3 2.6
TL 1790328303.717 100.2 2.7
TL 1790328303.817 69.9 1.5
TL 1790328303.917 114.5 2.1
TL 1790328304.017 110.1 1.8
TL 1790328304.117 106.9 1.7
TL 1790328304.217 62.8 1.8
TL 1790328304.318 359.5 5.6
TL 1790328304.418 326.8 4.4
TL 1790328304.518 119.5 2.4
TL 1790328304.618 193.2 3.7
TL 1790328304.718 167.0 2.0
TL 1790328304.818 104.6 1.9
TL 1790328304.919 425.4 3.0
TL 1790328305.019 198.0 1.6
TL 1790328305.119 116.0 2.4
TL 1790328305.219 174.3 2.4
TL 1790328305.320 651.2 3.2
TL 1790328305.420 656.6 1.8
TL 1790328305.519 173.3 2.5
TL 1790328305.619 139.5 1.8
TL 1790328305.720 128.3 3.4
TL 1790328305.821 776.6 2.1
TL 1790328305.920 122.3 1.6
TL 1790328306.021 468.1 8.4
TL 1790328306.122 422.5 3.9
TL 1790328306.222 217.7 2.4
TL 1790328306.322 173.8 2.0
TL 1790328306.422 112.5 1.7
TL 1790328306.522 151.8 2.0
TL 1790328306.625 1344.5 2.0
TL 1790328306.724 284.7 2.4
TL 1790328306.824 390.9 3.7
TL 1790328306.925 361.6 2.7
TL 1790328307.024 80.4 2.1
TL 1790328307.125 174.1 2.9
TL 1790328307.225 141.0 1.9
TL 1790328307.325 85.9 1.9
TL 1790328307.426 943.1 4.0
TL 1790328307.526 465.1 2.7
TL 1790328307.626 282.4 3.1
TL 1790328307.726 263.0 3.5
TL 1790328307.826 148.8 4.0
TL 1790328307.926 77.2 2.2
TL 1790328308.026 111.6 1.7
TL 1790328308.126 163.6 1.8
TL 1790328308.228 2407.3 1.7
TL 1790328308.326 165.3 3.2
TL 1790328308.426 59.1 1.6
TL 1790328308.527 287.4 2.3
TL 1790328308.627 103.3 1.6
TL 1790328308.727 138.1 2.0
TL 1790328308.827 105.8 1.7
TL 1790328308.927 132.7 1.6
TL 1790328309.027 159.7 1.9
TL 1790328309.127 77.2 1.9
TL 1790328309.228 239.3 3.6
TL 1790328309.328 105.2 3.3
TL 1790328309.428 57.4 2.2
TL 1790328309.528 76.6 1.6
TL 1790328309.628 193.1 1.8
TL 1790328309.728 119.2 1.5
TL 1790328309.828 111.5 2.1
TL 1790328309.928 148.1 1.6
TL 1790328310.028 87.9 1.7
TL 1790328310.129 488.7 2.2
TL 1790328310.229 132.6 1.7
TL 1790328310.329 329.0 2.3
TL 1790328310.429 68.0 1.7
TL 1790328310.529 132.7 1.6
TL 1790328310.629 138.5 1.4
TL 1790328310.729 174.1 1.7
TL 1790328310.829 145.3 1.9
TL 1790328310.935 5521.9 2.9
TL 1790328311.030 382.8 3.7
TL 1790328311.131 701.4 3.0
TL 1790328311.230 167.3 1.6
TL 1790328311.330 177.4 2.4
TL 1790328311.431 184.7 1.7
TL 1790328311.531 242.1 1.8
TL 1790328311.631 72.3 2.3
TL 1790328311.731 68.6 1.9
TL 1790328311.831 514.4 3.3
TL 1790328311.931 218.9 1.6
TL 1790328312.031 86.9 1.6
TL 1790328312.132 575.9 2.1
TL 1790328312.232 188.9 1.9
TL 1790328312.332 246.2 2.7
TL 1790328312.432 214.7 1.5
TL 1790328312.532 129.6 1.9
TL 1790328312.633 97.0 1.8
TL 1790328312.733 104.3 2.3
TL 1790328312.833 114.8 1.7
TL 1790328312.933 220.0 1.1
TL 1790328313.034 662.1 3.4
TL 1790328313.134 385.7 3.7
TL 1790328313.234 136.5 2.2
TL 1790328313.334 333.6 1.7
TL 1790328313.434 99.0 1.0
TL 1790328313.535 123.5 1.5
TL 1790328313.636 1568.6 2.3
TL 1790328313.735 209.5 1.7
TL 1790328313.835 401.3 2.4
TL 1790328313.935 102.9 3.1
TL 1790328314.035 180.7 2.2
TL 1790328314.135 89.7 2.4
TL 1790328314.236 131.3 3.0
TL 1790328314.336 149.3 2.0
TL 1790328314.436 113.0 1.4
TL 1790328314.536 144.2 2.7
TL 1790328314.636 228.4 1.6
TL 1790328314.736 270.2 3.3
TL 1790328314.837 357.4 3.9
TL 1790328314.937 377.0 3.3
TL 1790328315.037 107.2 1.6
TL 1790328315.137 112.9 1.7
TL 1790328315.237 130.4 1.7
TL 1790328315.337 128.1 1.5
TL 1790328315.437 146.5 1.6
TL 1790328315.538 453.5 1.7
TL 1790328315.638 77.7 1.6
TL 1790328315.738 347.6 3.4
TL 1790328315.838 442.9 3.4
TL 1790328315.938 361.7 2.5
TL 1790328316.038 142.7 2.2
TL 1790328316.138 98.9 1.2
TL 1790328316.239 97.0 1.8
TL 1790328316.339 94.0 2.2
TL 1790328316.439 141.6 2.3
TL 1790328316.539 313.8 1.7
TL 1790328316.639 128.9 2.8
TL 1790328316.739 156.9 2.7
TL 1790328316.840 180.5 1.9
TL 1790328316.940 133.6 2.2
TL 1790328317.040 96.8 1.7
TL 1790328317.140 73.6 1.6
TL 1790328317.240 127.9 1.5
TL 1790328317.340 328.2 1.6
TL 1790328317.440 154.7 1.8
TL 1790328317.540 147.7 2.2
TL 1790328317.641 302.1 3.5
TL 1790328317.740 108.4 1.3
TL 1790328317.841 169.0 2.4
TL 1790328317.941 213.4 1.5
TL 1790328318.041 74.9 1.6
TL 1790328318.141 139.6 1.9
TL 1790328318.241 132.0 2.2
TL 1790328318.341 253.9 3.4
TL 1790328318.442 334.9 3.6
TL 1790328318.542 133.6 1.7
TL 1790328318.643 337.4 4.2
TL 1790328318.742 122.0 1.5
TL 1790328318.842 61.1 2.1
TL 1790328318.943 71.3 1.8
TL 1790328319.043 200.9 1.9
TL 1790328319.143 158.3 1.8
TL 1790328319.243 601.0 1.9
TL 1790328319.343 82.4 1.6
TL 1790328319.443 220.8 4.0
TL 1790328319.544 255.5 3.4
TL 1790328319.644 288.1 2.5
TL 1790328319.744 129.0 1.5
TL 1790328319.844 138.1 1.9
TL 1790328319.944 165.7 1.7
TL 1790328320.045 933.9 1.6
TL 1790328320.145 331.7 3.4
TL 1790328320.245 284.4 3.0
TL 1790328320.345 377.7 3.2
TL 1790328320.446 390.3 3.0
TL 1790328320.545 95.1 1.6
TL 1790328320.645 96.2 1.9
TL 1790328320.746 112.4 1.9
TL 1790328320.847 1488.5 1.8
TL 1790328320.946 120.1 1.3
TL 1790328321.046 238.3 4.0
TL 1790328321.146 74.9 1.9
TL 1790328321.246 205.4 2.0
TL 1790328321.346 113.5 2.0
TL 1790328321.447 274.9 2.0
TL 1790328321.547 169.8 2.0
TL 1790328321.647 202.4 3.5
TL 1790328321.748 1470.5 1.1
TL 1790328321.847 107.7 1.9
TL 1790328321.947 280.8 2.5
TL 1790328322.047 82.3 1.4
TL 1790328322.148 266.0 3.3
TL 1790328322.248 245.2 3.9
TL 1790328322.348 172.7 2.2
TL 1790328322.448 118.2 1.7
TL 1790328322.548 112.7 1.7
TL 1790328322.649 1294.4 4.5
TL 1790328322.748 384.5 5.2
TL 1790328322.849 474.2 3.4
TL 1790328322.949 109.1 1.6
TL 1790328323.050 1627.0 1.6
TL 1790328323.149 163.5 1.6
TL 1790328323.249 189.8 2.1
TL 1790328323.349 98.0 1.6
TL 1790328323.449 72.3 1.9
TL 1790328323.549 78.6 1.7
TL 1790328323.650 1073.7 1.6
TL 1790328323.750 97.1 1.7
TL 1790328323.850 266.5 4.0
TL 1790328323.950 252.3 2.9
TL 1790328324.050 192.0 1.9
TL 1790328324.150 124.5 1.7
TL 1790328324.250 161.3 1.8
TL 1790328324.351 1168.1 1.7
TL 1790328324.451 184.0 0.9
TL 1790328324.551 496.3 3.9
TL 1790328324.651 445.5 5.2
TL 1790328324.751 409.7 3.7
TL 1790328324.851 163.9 2.5
TL 1790328324.951 111.0 1.5
TL 1790328325.052 128.7 1.8
TL 1790328325.152 105.1 1.8
TL 1790328325.258 6393.5 2.7
TL 1790328325.352 657.2 3.5
TL 1790328325.453 499.8 2.8
TL 1790328325.553 356.4 3.5
TL 1790328325.653 139.1 1.9
TL 1790328325.753 59.6 2.1
TL 1790328325.853 70.7 2.2
TL 1790328325.953 156.1 1.8
TL 1790328326.059 5893.4 2.4
TL 1790328326.154 405.5 3.3
TL 1790328326.254 563.6 3.2
TL 1790328326.354 107.8 2.1
TL 1790328326.454 162.6 1.8
TL 1790328326.554 167.6 1.8
TL 1790328326.654 108.2 1.6
TL 1790328326.754 77.3 1.5
TL 1790328326.854 269.2 2.8
TL 1790328326.957 2357.6 1.8
TL 1790328327.055 244.5 2.7
TL 1790328327.155 223.4 2.2
TL 1790328327.255 335.5 2.4
TL 1790328327.355 150.7 2.0
TL 1790328327.455 93.5 1.9
TL 1790328327.555 144.6 1.9
TL 1790328327.655 124.0 2.3
TL 1790328327.756 120.7 1.8
TL 1790328327.857 1800.5 2.8
TL 1790328327.956 185.6 1.4
TL 1790328328.056 76.6 2.2
TL 1790328328.156 76.3 2.6
TL 1790328328.256 136.6 1.7
TL 1790328328.357 147.8 1.8
TL 1790328328.457 121.9 2.0
TL 1790328328.557 119.2 1.7
TL 1790328328.657 83.9 1.7
TL 1790328328.758 707.2 1.8
TL 1790328328.857 181.5 2.6
TL 1790328328.957 230.3 2.4
TL 1790328329.057 141.3 1.7
TL 1790328329.157 125.8 1.8
TL 1790328329.258 155.8 1.9
TL 1790328329.358 115.5 2.0
TL 1790328329.458 93.4 1.6
TL 1790328329.558 110.9 1.4
TL 1790328329.658 72.4 1.7
TL 1790328329.758 165.7 1.8
TL 1790328329.858 434.3 4.6
TL 1790328329.959 316.0 2.8
TL 1790328330.059 207.9 2.6
TL 1790328330.159 145.3 1.7
TL 1790328330.259 183.1 1.6
TL 1790328330.359 152.4 1.9
TL 1790328330.459 67.9 1.9
TL 1790328330.560 278.2 2.0
TL 1790328330.660 103.8 1.6
TL 1790328330.760 218.0 1.8
TL 1790328330.860 309.4 3.1
TL 1790328330.960 592.7 5.1
TL 1790328331.060 356.7 4.3
TL 1790328331.160 158.8 2.0
TL 1790328331.260 143.0 1.9
TL 1790328331.361 118.3 1.6
TL 1790328331.461 160.3 2.1
TL 1790328331.563 1776.4 1.9
TL 1790328331.661 96.9 2.8
TL 1790328331.762 488.3 4.1
TL 1790328331.862 244.6 2.4
TL 1790328331.962 138.3 1.8
TL 1790328332.062 130.9 1.7
TL 1790328332.162 104.9 1.7
TL 1790328332.263 204.8 1.8
TL 1790328332.363 88.9 2.1
TL 1790328332.464 1213.2 1.8
TL 1790328332.563 369.4 3.3
TL 1790328332.663 257.8 3.1
TL 1790328332.763 75.6 2.7
TL 1790328332.864 231.8 1.8
TL 1790328332.964 385.4 3.0
TL 1790328333.064 151.2 1.8
TL 1790328333.164 119.3 1.8
TL 1790328333.265 1360.2 1.7
TL 1790328333.364 328.9 1.6
TL 1790328333.464 152.2 1.7
TL 1790328333.565 148.0 2.0
TL 1790328333.665 135.5 1.7
TL 1790328333.765 107.4 1.7
TL 1790328333.865 109.0 1.6
TL 1790328333.965 275.8 1.8
TL 1790328334.070 5070.1 1.7
TL 1790328334.166 325.6 3.0
TL 1790328334.266 330.5 3.5
TL 1790328334.366 196.1 3.1
TL 1790328334.466 113.0 2.0
TL 1790328334.566 144.4 1.8
TL 1790328334.666 103.3 1.7
TL 1790328334.766 81.5 1.9
TL 1790328334.866 78.2 1.8
TL 1790328334.966 255.9 1.2
TL 1790328335.067 220.9 2.1
TL 1790328335.167 111.0 1.7
TL 1790328335.267 77.4 2.8
TL 1790328335.367 203.1 2.3
TL 1790328335.467 173.6 1.4
TL 1790328335.567 167.8 2.2
TL 1790328335.667 130.6 2.1
TL 1790328335.767 117.6 1.7
TL 1790328335.867 110.0 2.9
TL 1790328335.968 369.7 1.7
TL 1790328336.068 467.3 3.0
TL 1790328336.168 327.3 3.8
TL 1790328336.269 495.3 5.1
TL 1790328336.369 91.4 3.1
TL 1790328336.469 184.5 2.3
TL 1790328336.569 138.1 1.6
TL 1790328336.669 122.8 1.7
TL 1790328336.770 119.2 2.0
TL 1790328336.870 96.0 1.8
TL 1790328336.970 287.4 2.4
TL 1790328337.070 104.4 1.6
TL 1790328337.170 383.0 2.9
TL 1790328337.270 174.3 2.6
TL 1790328337.370 159.3 1.7
TL 1790328337.470 77.2 2.0
TL 1790328337.571 73.1 2.2
TL 1790328337.671 611.5 2.0
TL 1790328337.771 246.9 3.2
TL 1790328337.872 524.0 2.9
TL 1790328337.972 393.9 2.0
TL 1790328338.072 354.5 3.6
TL 1790328338.172 150.1 1.9
TL 1790328338.272 114.3 2.0
TL 1790328338.372 90.7 1.6
TL 1790328338.472 202.3 1.5
TL 1790328338.572 258.4 4.2
TL 1790328338.673 478.6 2.5
TL 1790328338.773 146.6 2.1
TL 1790328338.873 515.7 3.3
TL 1790328338.974 455.8 4.1
TL 1790328339.074 136.7 2.1
TL 1790328339.174 143.2 1.8
TL 1790328339.274 172.2 1.7
TL 1790328339.374 419.2 2.1
TL 1790328339.474 349.6 1.9
TL 1790328339.574 222.8 4.1
TL 1790328339.675 316.1 4.0
TL 1790328339.775 152.7 2.0
TL 1790328339.875 101.2 1.7
TL 1790328339.975 337.1 1.7
TL 1790328340.075 112.4 1.8
TL 1790328340.175 120.5 2.0
TL 1790328340.275 169.9 4.0
TL 1790328340.375 246.1 3.5
TL 1790328340.476 405.4 48.0
TL 1790328340.576 213.5 2.3
TL 1790328340.676 125.4 2.3
TL 1790328340.776 298.0 3.4
TL 1790328340.876 324.9 3.1
TL 1790328340.976 126.7 1.5
TL 1790328341.076 87.7 1.9
TL 1790328341.177 412.6 5.9
TL 1790328341.277 410.8 5.1
TL 1790328341.377 101.6 2.0
TL 1790328341.477 275.1 2.1
TL 1790328341.578 196.7 3.0
TL 1790328341.678 405.3 3.8
TL 1790328341.778 118.3 3.6
TL 1790328341.878 450.8 4.6
TL 1790328341.978 247.9 2.6
TL 1790328342.078 100.5 2.3
TL 1790328342.178 86.3 2.4
TL 1790328342.279 111.4 2.6
TL 1790328342.379 280.8 3.5
TL 1790328342.479 206.2 3.0
TL 1790328342.579 327.2 4.7
TL 1790328342.679 192.5 1.8
TL 1790328342.779 120.8 1.8
TL 1790328342.880 599.2 3.3
TL 1790328342.980 133.0 1.3
TL 1790328343.080 542.8 2.8
TL 1790328343.180 379.4 4.6
TL 1790328343.281 358.9 5.6
TL 1790328343.381 393.8 5.4
TL 1790328343.481 163.3 1.4
TL 1790328343.581 189.9 2.0
TL 1790328343.681 161.4 2.6
TL 1790328343.782 295.7 3.7
TL 1790328343.882 286.2 3.6
TL 1790328343.982 222.4 1.2
TL 1790328344.082 86.1 2.1
TL 1790328344.182 332.3 3.1
TL 1790328344.283 676.1 2.2
TL 1790328344.383 430.7 1.6
TL 1790328344.482 134.9 2.6
TL 1790328344.582 70.5 2.2
TL 1790328344.683 108.6 1.9
TL 1790328344.783 110.6 2.5
TL 1790328344.883 307.8 3.9
TL 1790328344.983 266.7 2.0
TL 1790328345.084 349.4 3.5
TL 1790328345.184 433.9 2.6
TL 1790328345.284 357.4 1.6
TL 1790328345.384 309.9 3.7
TL 1790328345.484 196.1 1.1
TL 1790328345.585 356.6 2.4
TL 1790328345.685 176.3 2.4
TL 1790328345.785 647.4 3.3
TL 1790328345.885 200.8 3.0
TL 1790328345.985 257.7 3.1
TL 1790328346.086 224.5 3.0
TL 1790328346.186 178.5 2.9
TL 1790328346.286 373.9 3.0
TL 1790328346.386 370.8 4.1
TL 1790328346.486 280.7 2.7
TL 1790328346.587 395.9 3.4
TL 1790328346.687 331.4 3.6
TL 1790328346.787 102.6 2.9
TL 1790328346.887 65.2 1.8
TL 1790328346.987 97.9 1.4
TL 1790328347.087 262.3 3.0
TL 1790328347.187 360.5 3.0
TL 1790328347.288 372.4 3.3
TL 1790328347.388 448.7 3.0
TL 1790328347.488 493.5 3.1
TL 1790328347.588 285.0 3.0
TL 1790328347.688 381.4 4.7
TL 1790328347.791 2674.7 2.4
TL 1790328347.889 347.3 2.7
TL 1790328347.989 286.5 1.6
TL 1790328348.089 113.0 1.5
TL 1790328348.189 396.6 3.4
TL 1790328348.289 219.0 2.1
TL 1790328348.389 296.1 4.6
TL 1790328348.489 97.0 1.3
TL 1790328348.590 311.4 2.2
TL 1790328348.690 541.4 2.3
TL 1790328348.790 273.0 2.7
TL 1790328348.890 77.3 2.0
TL 1790328348.990 433.7 2.2
TL 1790328349.090 314.8 1.7
TL 1790328349.190 160.4 2.0
TL 1790328349.291 359.2 2.6
TL 1790328349.391 373.9 1.3
TL 1790328349.491 125.2 1.2
TL 1790328349.591 297.8 1.5
TL 1790328349.691 808.5 6.5
TL 1790328349.791 378.9 3.2
TL 1790328349.891 357.0 3.6
TL 1790328349.992 353.1 3.8
TL 1790328350.092 329.0 2.3
TL 1790328350.192 369.1 4.0
TL 1790328350.292 321.3 3.7
TL 1790328350.392 243.3 1.8
TL 1790328350.492 98.2 1.1
TL 1790328350.593 336.9 3.0
TL 1790328350.693 375.7 2.3
TL 1790328350.793 249.2 1.7
TL 1790328350.893 292.8 2.4
TL 1790328350.994 275.3 0.9
TL 1790328351.094 522.4 2.7
TL 1790328351.194 257.9 2.7
TL 1790328351.295 333.4 3.0
TL 1790328351.395 127.9 3.7
TL 1790328351.495 93.1 1.2
TL 1790328351.595 458.2 2.1
TL 1790328351.695 88.3 2.0
TL 1790328351.796 503.3 1.9
TL 1790328351.896 343.0 3.6
TL 1790328351.996 375.4 1.4
TL 1790328352.096 440.7 4.2
TL 1790328352.197 466.2 3.0
TL 1790328352.297 169.8 1.7
TL 1790328352.397 334.4 3.0
TL 1790328352.497 255.3 2.5
TL 1790328352.597 368.5 1.4
TL 1790328352.697 351.7 2.5
TL 1790328352.797 119.7 2.2
TL 1790328352.898 557.2 3.2
TL 1790328352.998 297.7 2.0
TL 1790328353.098 123.2 1.8
TL 1790328353.198 75.8 2.8
TL 1790328353.298 139.9 2.0
TL 1790328353.398 101.9 1.6
TL 1790328353.499 245.0 2.8
TL 1790328353.599 806.7 1.8
TL 1790328353.699 75.2 2.6
TL 1790328353.799 124.2 1.6
TL 1790328353.899 186.4 3.3
TL 1790328353.999 64.4 2.2
TL 1790328354.099 75.7 3.0
TL 1790328354.199 180.5 2.6
TL 1790328354.299 74.1 2.5
TL 1790328354.400 190.0 2.6
TL 1790328354.500 246.2 1.9
TL 1790328354.600 142.2 1.4
TL 1790328354.700 370.3 3.5
TL 1790328354.800 92.7 3.1
TL 1790328354.900 104.1 2.0
TL 1790328355.000 110.5 1.4
TL 1790328355.100 72.0 1.7
TL 1790328355.201 107.8 1.9
TL 1790328355.301 88.6 3.0
TL 1790328355.401 121.8 1.6
TL 1790328355.501 119.6 1.8
TL 1790328355.601 279.4 2.0
TL 1790328355.702 516.2 1.3
TL 1790328355.801 196.8 2.4
TL 1790328355.901 130.1 1.8
TL 1790328356.001 81.1 2.9
TL 1790328356.102 85.2 0.7
TL 1790328356.202 131.9 2.6
TL 1790328356.302 115.4 2.8
TL 1790328356.403 1155.9 2.2
TL 1790328356.502 102.0 2.9
TL 1790328356.604 1677.0 1.9
TL 1790328356.703 175.7 2.3
TL 1790328356.803 212.9 2.4
TL 1790328356.904 905.2 1.4
TL 1790328357.003 109.4 2.4
TL 1790328357.103 197.6 2.5
TL 1790328357.203 83.8 2.4
TL 1790328357.303 100.9 2.5
TL 1790328357.403 191.0 1.5
TL 1790328357.504 125.0 2.3
TL 1790328357.604 124.9 2.5
TL 1790328357.704 123.4 2.6
TL 1790328357.804 111.9 2.5
TL 1790328357.904 105.5 2.6
TL 1790328358.004 166.9 2.3
TL 1790328358.104 162.7 1.4
TL 1790328358.205 88.5 2.5
TL 1790328358.305 253.4 2.6
TL 1790328358.405 157.1 3.2
TL 1790328358.505 142.9 1.6
TL 1790328358.605 444.5 1.6
TL 1790328358.705 72.4 3.2
TL 1790328358.806 959.5 2.2
TL 1790328358.906 315.1 3.3
TL 1790328359.006 134.4 2.1
TL 1790328359.106 171.9 2.9
TL 1790328359.206 313.1 2.6
TL 1790328359.306 284.6 2.6
TL 1790328359.406 281.5 3.0
TL 1790328359.506 263.5 1.8
TL 1790328359.606 170.8 2.8
TL 1790328359.707 347.2 3.4
TL 1790328359.808 360.6 4.2
TL 1790328359.908 122.1 2.1
TL 1790328360.008 110.5 1.7
TL 1790328360.108 84.3 1.8
TL 1790328360.208 328.6 5.2
TL 1790328360.309 365.9 2.2
TL 1790328360.409 906.4 4.4
TL 1790328360.509 240.2 2.7
TL 1790328360.609 342.9 3.0
TL 1790328360.709 434.2 1.3
TL 1790328360.810 343.4 3.5
TL 1790328360.910 305.6 5.2
TL 1790328361.010 289.2 1.9
TL 1790328361.110 327.7 3.2
TL 1790328361.210 156.5 2.3
TL 1790328361.311 273.0 4.2
TL 1790328361.411 458.7 3.0
