TL 1790357128.412 4388.0 2.0
TL 1790357128.508 197.5 2.2
TL 1790357128.609 124.5 2.1
TL 1790357128.709 260.8 3.1
TL 1790357128.809 279.2 4.9
TL 1790357128.909 225.4 2.5
TL 1790357129.009 517.4 2.1
TL 1790357129.109 184.2 2.7
TL 1790357129.210 269.3 4.1
TL 1790357129.311 569.7 3.7
TL 1790357129.411 165.1 2.2
TL 1790357129.511 315.3 2.6
TL 1790357129.611 209.9 3.2
TL 1790357129.712 324.5 2.3
TL 1790357129.812 443.1 3.3
TL 1790357129.913 487.9 3.0
TL 1790357130.013 258.1 3.1
TL 1790357130.114 326.6 3.7
TL 1790357130.214 366.9 3.3
TL 1790357130.314 274.9 2.8
TL 1790357130.414 252.8 3.1
TL 1790357130.514 251.3 2.6
TL 1790357130.614 213.4 3.2
TL 1790357130.715 491.2 3.3
TL 1790357130.815 176.6 3.7
TL 1790357130.915 343.6 3.4
TL 1790357131.015 115.1 2.2
TL 1790357131.115 313.6 20.8
TL 1790357131.216 367.2 2.7
TL 1790357131.316 422.0 2.2
TL 1790357131.416 341.1 2.0
TL 1790357131.516 210.7 1.6
TL 1790357131.616 678.3 3.8
TL 1790357131.716 280.2 3.1
TL 1790357131.816 332.8 4.3
TL 1790357131.917 356.8 4.5
TL 1790357132.017 345.3 2.0
TL 1790357132.117 257.5 2.1
TL 1790357132.217 338.4 2.1
TL 1790357132.318 464.1 3.5
TL 1790357132.418 238.2 2.5
TL 1790357132.518 288.7 2.9
TL 1790357132.618 214.3 2.1
TL 1790357132.719 421.0 2.1
TL 1790357132.819 237.2 3.3
TL 1790357132.919 338.0 3.3
TL 1790357133.019 344.4 2.0
TL 1790357133.119 360.1 2.2
TL 1790357133.219 336.2 1.9
TL 1790357133.320 371.6 3.8
TL 1790357133.420 381.8 2.5
TL 1790357133.520 384.1 2.3
TL 1790357133.620 695.2 3.3
TL 1790357133.720 247.0 1.9
TL 1790357133.821 366.4 3.5
TL 1790357133.921 231.1 2.6
TL 1790357134.021 245.4 1.9
TL 1790357134.121 315.4 2.3
TL 1790357134.221 234.4 3.2
TL 1790357134.322 827.6 3.1
TL 1790357134.422 763.8 2.1
TL 1790357134.521 280.7 2.7
TL 1790357134.622 369.8 2.5
TL 1790357134.722 211.3 2.2
TL 1790357134.823 249.4 3.5
TL 1790357134.923 333.1 2.2
TL 1790357135.024 753.7 2.9
TL 1790357135.124 425.6 2.7
TL 1790357135.224 466.9 2.3
TL 1790357135.324 338.0 2.1
TL 1790357135.424 474.4 4.0
TL 1790357135.526 421.2 3.7
TL 1790357135.626 294.0 2.2
TL 1790357135.726 287.7 1.9
TL 1790357135.826 151.9 2.1
TL 1790357135.926 217.8 2.3
TL 1790357136.026 336.4 2.7
TL 1790357136.127 345.7 2.1
TL 1790357136.227 302.3 2.1
TL 1790357136.327 682.8 2.9
TL 1790357136.427 254.4 2.6
TL 1790357136.527 419.9 5.1
TL 1790357136.628 329.0 3.3
TL 1790357136.728 239.7 2.1
TL 1790357136.828 372.7 4.5
TL 1790357136.928 247.0 2.4
TL 1790357137.028 297.7 2.9
TL 1790357137.129 242.9 2.3
TL 1790357137.229 339.3 2.1
TL 1790357137.329 333.4 2.7
TL 1790357137.429 380.8 2.8
TL 1790357137.529 231.0 2.7
TL 1790357137.630 331.4 2.2
TL 1790357137.730 346.0 3.4
TL 1790357137.830 790.1 4.2
TL 1790357137.930 238.4 3.4
TL 1790357138.033 3227.4 1.7
TL 1790357138.131 463.1 2.3
TL 1790357138.231 339.7 3.1
TL 1790357138.331 482.6 3.2
TL 1790357138.432 329.2 3.0
TL 1790357138.532 304.8 1.1
TL 1790357138.632 428.8 2.3
TL 1790357138.732 344.8 1.9
TL 1790357138.833 486.9 2.9
TL 1790357138.933 224.2 2.7
TL 1790357139.034 337.2 4.2
TL 1790357139.134 268.2 2.2
TL 1790357139.234 381.4 3.9
TL 1790357139.334 393.1 5.4
TL 1790357139.435 275.5 2.6
TL 1790357139.535 274.4 2.1
TL 1790357139.635 351.1 2.0
TL 1790357139.735 301.8 2.5
TL 1790357139.835 196.0 3.1
TL 1790357139.935 275.4 3.0
TL 1790357140.036 297.4 1.6
TL 1790357140.136 702.5 2.8
TL 1790357140.236 516.1 3.2
TL 1790357140.337 643.8 3.3
TL 1790357140.436 377.0 4.2
TL 1790357140.537 281.7 2.0
TL 1790357140.637 313.9 3.3
TL 1790357140.737 592.6 4.1
TL 1790357140.839 1184.0 2.3
TL 1790357140.938 280.4 3.9
TL 1790357141.039 401.2 3.1
TL 1790357141.139 847.6 5.0
TL 1790357141.240 628.7 3.0
TL 1790357141.340 435.6 4.3
TL 1790357141.440 316.1 4.6
TL 1790357141.540 548.8 2.9
TL 1790357141.640 602.7 3.9
TL 1790357141.741 545.0 2.7
TL 1790357141.841 381.6 3.7
TL 1790357141.941 244.9 3.5
TL 1790357142.041 273.8 3.6
TL 1790357142.141 483.0 3.0
TL 1790357142.241 270.4 3.0
TL 1790357142.342 420.3 4.3
TL 1790357142.442 278.6 2.5
TL 1790357142.543 872.8 2.1
TL 1790357142.642 256.8 2.4
TL 1790357142.742 274.1 1.8
TL 1790357142.842 288.2 2.4
TL 1790357142.942 224.9 2.9
TL 1790357143.043 267.8 2.1
TL 1790357143.143 219.6 2.1
TL 1790357143.243 313.3 3.7
TL 1790357143.343 356.5 2.7
TL 1790357143.444 722.5 1.6
TL 1790357143.544 927.7 2.0
TL 1790357143.644 311.0 1.0
TL 1790357143.744 291.0 2.9
TL 1790357143.844 392.3 4.2
TL 1790357143.944 285.3 2.9
TL 1790357144.044 238.1 2.0
TL 1790357144.145 583.1 3.4
TL 1790357144.245 420.8 5.7
TL 1790357144.345 387.0 3.9
TL 1790357144.445 274.4 2.7
TL 1790357144.545 256.0 2.3
TL 1790357144.645 280.3 2.7
TL 1790357144.745 283.4 3.3
TL 1790357144.846 398.5 3.1
TL 1790357144.946 351.6 3.5
TL 1790357145.047 1031.9 2.8
TL 1790357145.146 237.0 2.2
TL 1790357145.247 359.1 3.0
TL 1790357145.348 457.7 2.9
TL 1790357145.448 195.3 2.7
TL 1790357145.549 924.7 2.6
TL 1790357145.649 187.8 1.9
TL 1790357145.749 462.9 2.0
TL 1790357145.849 266.7 3.2
TL 1790357145.949 431.9 2.8
TL 1790357146.049 336.6 1.9
TL 1790357146.149 279.6 2.2
TL 1790357146.250 264.8 2.2
TL 1790357146.350 361.7 3.2
TL 1790357146.450 667.4 2.2
TL 1790357146.550 149.0 1.3
TL 1790357146.651 363.6 3.1
TL 1790357146.751 254.5 2.4
TL 1790357146.853 737.4 2.8
TL 1790357146.952 224.8 1.5
TL 1790357147.053 334.3 2.2
TL 1790357147.153 212.1 1.4
TL 1790357147.253 202.6 2.7
TL 1790357147.354 265.3 2.2
TL 1790357147.454 708.8 2.9
TL 1790357147.554 482.3 3.1
TL 1790357147.655 289.2 2.7
TL 1790357147.755 347.1 2.2
TL 1790357147.855 536.5 3.4
TL 1790357147.955 449.2 2.3
TL 1790357148.056 1064.3 3.2
TL 1790357148.156 268.6 2.0
TL 1790357148.256 280.1 2.6
TL 1790357148.356 576.6 2.2
TL 1790357148.456 353.3 2.1
TL 1790357148.556 384.8 3.4
TL 1790357148.656 398.3 2.2
TL 1790357148.756 223.9 2.4
TL 1790357148.857 363.7 2.8
TL 1790357148.957 268.8 2.3
TL 1790357149.057 503.1 3.0
TL 1790357149.157 394.3 3.2
TL 1790357149.258 306.8 2.1
TL 1790357149.358 445.9 2.8
TL 1790357149.458 281.2 3.1
TL 1790357149.558 338.4 2.3
TL 1790357149.658 177.5 2.9
TL 1790357149.758 333.6 3.0
TL 1790357149.858 340.9 2.3
TL 1790357149.959 242.9 4.1
TL 1790357150.059 187.7 1.5
TL 1790357150.159 225.1 3.2
TL 1790357150.260 609.4 2.3
TL 1790357150.360 173.2 3.9
TL 1790357150.460 358.9 2.7
TL 1790357150.563 256.3 2.0
TL 1790357150.663 362.3 2.7
TL 1790357150.763 544.8 5.1
TL 1790357150.863 286.0 3.2
TL 1790357150.963 247.3 2.6
TL 1790357151.064 477.4 2.8
TL 1790357151.164 330.6 1.6
TL 1790357151.264 347.7 3.2
TL 1790357151.364 347.0 5.2
TL 1790357151.465 635.9 2.3
TL 1790357151.565 190.9 1.3
TL 1790357151.665 247.8 2.1
TL 1790357151.765 375.6 3.4
TL 1790357151.865 196.5 3.4
TL 1790357151.966 319.9 2.5
TL 1790357152.066 389.8 2.1
TL 1790357152.166 174.8 1.3
TL 1790357152.267 753.6 3.8
TL 1790357152.366 287.0 2.6
TL 1790357152.467 364.4 1.8
TL 1790357152.567 342.1 2.4
TL 1790357152.667 182.2 2.1
TL 1790357152.768 403.9 3.2
TL 1790357152.868 290.4 2.0
TL 1790357152.968 266.8 2.0
TL 1790357153.068 396.3 2.0
TL 1790357153.168 469.2 3.5
TL 1790357153.268 455.6 2.7
TL 1790357153.369 762.0 4.0
TL 1790357153.469 229.4 2.1
TL 1790357153.569 453.7 2.3
TL 1790357153.669 279.6 1.7
TL 1790357153.769 366.0 2.6
TL 1790357153.869 328.6 2.8
TL 1790357153.969 331.0 2.6
TL 1790357154.070 290.7 2.7
TL 1790357154.170 326.6 2.1
TL 1790357154.270 139.3 1.9
TL 1790357154.370 336.2 3.0
TL 1790357154.471 394.9 1.9
TL 1790357154.571 348.3 2.0
TL 1790357154.671 331.4 2.0
TL 1790357154.771 499.1 2.8
TL 1790357154.871 274.8 3.1
TL 1790357154.971 224.5 2.1
TL 1790357155.072 351.7 2.6
TL 1790357155.172 562.1 2.8
TL 1790357155.272 388.1 4.2
TL 1790357155.372 338.9 2.3
TL 1790357155.472 291.8 2.7
TL 1790357155.573 405.1 3.2
TL 1790357155.673 585.9 2.2
TL 1790357155.773 460.2 2.9
TL 1790357155.873 302.6 2.6
TL 1790357155.974 269.8 3.0
TL 1790357156.074 188.6 1.3
TL 1790357156.174 240.3 3.6
TL 1790357156.274 140.9 2.2
TL 1790357156.374 324.1 3.1
TL 1790357156.474 274.5 1.9
TL 1790357156.575 248.1 2.8
TL 1790357156.675 325.0 3.4
TL 1790357156.775 264.4 4.1
TL 1790357156.876 816.4 2.8
TL 1790357156.976 801.8 3.4
TL 1790357157.076 359.9 1.8
TL 1790357157.176 366.3 2.2
TL 1790357157.277 603.0 3.6
TL 1790357157.377 306.4 2.3
TL 1790357157.477 357.7 2.6
TL 1790357157.577 214.4 1.9
TL 1790357157.677 178.1 2.1
TL 1790357157.778 305.2 3.6
TL 1790357157.878 290.1 2.6
TL 1790357157.978 217.9 1.9
TL 1790357158.079 433.8 1.9
TL 1790357158.179 342.7 2.6
TL 1790357158.279 219.1 4.0
TL 1790357158.379 319.5 2.5
TL 1790357158.481 1650.6 3.1
TL 1790357158.580 383.5 2.9
TL 1790357158.680 252.2 2.4
TL 1790357158.780 390.1 3.4
TL 1790357158.880 351.9 2.9
TL 1790357158.981 283.9 2.8
TL 1790357159.081 339.3 2.2
TL 1790357159.181 223.0 2.6
TL 1790357159.281 524.5 3.5
TL 1790357159.381 157.4 2.0
TL 1790357159.481 325.4 2.9
TL 1790357159.581 225.1 1.7
TL 1790357159.682 279.3 2.6
TL 1790357159.782 574.1 3.3
TL 1790357159.882 341.8 2.9
TL 1790357159.983 628.4 3.1
TL 1790357160.083 366.1 4.8
TL 1790357160.183 264.1 2.4
TL 1790357160.283 386.9 3.4
TL 1790357160.383 234.1 3.0
TL 1790357160.483 175.7 1.8
TL 1790357160.583 316.5 2.8
TL 1790357160.684 140.4 1.9
TL 1790357160.785 499.8 3.5
TL 1790357160.884 243.3 2.7
TL 1790357160.985 273.6 2.1
TL 1790357161.085 198.0 2.2
TL 1790357161.185 404.5 2.8
TL 1790357161.285 210.8 3.2
TL 1790357161.385 271.8 2.5
TL 1790357161.485 310.9 2.2
TL 1790357161.586 349.5 1.9
TL 1790357161.686 182.6 2.1
TL 1790357161.787 306.9 3.4
TL 1790357161.887 156.1 1.9
TL 1790357161.987 388.3 2.0
TL 1790357162.087 332.8 2.6
TL 1790357162.187 273.4 2.2
TL 1790357162.288 658.9 2.8
TL 1790357162.388 296.0 3.0
TL 1790357162.488 276.5 3.3
TL 1790357162.589 459.7 1.8
TL 1790357162.689 291.0 2.2
TL 1790357162.789 329.2 2.3
TL 1790357162.889 231.7 3.2
TL 1790357162.989 316.2 2.5
TL 1790357163.089 249.5 2.0
TL 1790357163.189 346.5 3.1
TL 1790357163.290 323.5 2.8
TL 1790357163.390 274.3 2.3
TL 1790357163.490 218.8 3.1
TL 1790357163.590 301.0 2.7
TL 1790357163.691 269.8 2.1
TL 1790357163.791 222.7 3.4
TL 1790357163.891 385.3 4.0
TL 1790357163.991 345.0 2.0
TL 1790357164.092 516.0 1.5
TL 1790357164.192 143.1 2.1
TL 1790357164.292 309.0 3.6
TL 1790357164.392 302.8 3.7
TL 1790357164.493 367.8 3.0
TL 1790357164.593 298.0 3.1
TL 1790357164.694 1079.5 2.0
TL 1790357164.795 1005.8 2.8
TL 1790357164.895 298.5 3.7
TL 1790357164.995 177.8 2.4
TL 1790357165.095 340.4 2.3
TL 1790357165.195 343.1 1.6
TL 1790357165.295 231.3 3.7
TL 1790357165.395 207.2 2.6
TL 1790357165.496 373.5 3.0
TL 1790357165.596 339.6 2.3
TL 1790357165.696 338.6 1.9
TL 1790357165.796 304.9 3.3
TL 1790357165.897 275.7 2.2
TL 1790357165.997 227.7 1.5
TL 1790357166.097 343.6 2.2
TL 1790357166.197 221.8 2.0
TL 1790357166.297 230.5 2.3
TL 1790357166.397 226.7 2.3
TL 1790357166.497 314.4 2.2
TL 1790357166.597 104.5 0.8
TL 1790357166.698 327.6 2.7
TL 1790357166.799 487.9 2.1
TL 1790357166.899 376.5 2.9
TL 1790357166.999 185.3 1.9
TL 1790357167.099 249.5 2.2
TL 1790357167.199 248.9 2.0
TL 1790357167.300 310.8 2.1
TL 1790357167.400 390.5 2.5
TL 1790357167.500 424.2 2.6
TL 1790357167.600 379.7 1.7
TL 1790357167.700 388.6 2.4
TL 1790357167.801 430.5 3.4
TL 1790357167.901 341.4 2.7
TL 1790357168.001 251.5 2.2
TL 1790357168.101 631.0 2.1
TL 1790357168.201 240.9 1.9
TL 1790357168.301 272.1 2.6
TL 1790357168.401 320.1 2.3
TL 1790357168.501 302.7 2.9
TL 1790357168.602 261.5 2.1
TL 1790357168.702 217.6 2.0
TL 1790357168.802 353.8 3.7
TL 1790357168.902 257.4 2.9
TL 1790357169.002 321.7 2.1
TL 1790357169.102 246.5 3.9
TL 1790357169.203 191.5 2.0
TL 1790357169.303 340.2 3.0
TL 1790357169.403 166.5 3.9
TL 1790357169.503 298.8 2.2
TL 1790357169.604 216.4 2.7
TL 1790357169.704 295.0 1.7
TL 1790357169.804 240.8 2.6
TL 1790357169.904 426.9 3.0
TL 1790357170.004 245.7 1.9
TL 1790357170.104 265.4 2.3
TL 1790357170.205 319.7 2.1
TL 1790357170.305 308.0 3.3
TL 1790357170.405 528.7 2.2
TL 1790357170.505 238.6 2.4
TL 1790357170.606 347.0 2.9
TL 1790357170.706 287.2 2.7
TL 1790357170.806 117.6 2.2
TL 1790357170.906 583.0 2.5
TL 1790357171.006 362.6 2.4
TL 1790357171.106 259.2 3.1
TL 1790357171.207 367.3 3.0
TL 1790357171.307 367.3 4.2
TL 1790357171.407 425.1 2.9
TL 1790357171.507 388.9 3.9
TL 1790357171.607 226.9 2.7
TL 1790357171.708 375.3 2.1
TL 1790357171.808 433.1 2.6
TL 1790357171.909 348.3 3.0
TL 1790357172.009 395.5 3.5
TL 1790357172.110 636.2 5.7
TL 1790357172.210 296.6 2.1
TL 1790357172.310 828.2 2.8
TL 1790357172.410 264.7 3.0
TL 1790357172.510 277.5 3.0
TL 1790357172.610 345.8 2.0
TL 1790357172.711 313.4 2.0
TL 1790357172.811 354.5 3.2
TL 1790357172.911 285.4 3.4
TL 1790357173.011 309.7 1.7
TL 1790357173.111 309.6 1.8
TL 1790357173.211 318.0 1.9
TL 1790357173.311 332.6 2.9
TL 1790357173.411 299.8 3.1
TL 1790357173.514 429.0 2.6
TL 1790357173.614 237.5 2.2
TL 1790357173.714 354.7 2.3
TL 1790357173.814 366.2 3.4
TL 1790357173.914 259.6 3.6
TL 1790357174.015 346.6 1.8
TL 1790357174.115 332.3 2.0
TL 1790357174.215 263.0 1.9
TL 1790357174.315 230.7 2.7
TL 1790357174.415 343.1 3.1
TL 1790357174.515 258.5 2.9
TL 1790357174.616 582.6 2.5
TL 1790357174.716 309.9 1.0
TL 1790357174.816 186.6 2.1
TL 1790357174.916 162.6 0.9
TL 1790357175.016 238.1 2.6
TL 1790357175.116 306.8 2.4
TL 1790357175.217 480.3 2.1
TL 1790357175.317 380.4 2.7
TL 1790357175.418 446.4 3.2
TL 1790357175.517 203.0 2.9
TL 1790357175.618 243.4 2.4
TL 1790357175.718 373.9 1.8
TL 1790357175.818 348.5 3.6
TL 1790357175.918 273.9 3.2
TL 1790357176.018 111.4 1.3
TL 1790357176.119 338.3 62.6
TL 1790357176.219 238.0 2.6
TL 1790357176.319 225.5 3.7
TL 1790357176.419 248.3 3.1
TL 1790357176.520 223.6 2.3
TL 1790357176.620 256.6 2.5
TL 1790357176.720 405.8 3.0
TL 1790357176.821 694.3 2.9
TL 1790357176.921 251.0 3.2
TL 1790357177.022 585.4 2.5
TL 1790357177.121 198.9 1.8
TL 1790357177.222 224.5 2.0
TL 1790357177.322 384.4 3.2
TL 1790357177.422 227.7 2.8
TL 1790357177.522 317.6 2.0
TL 1790357177.622 290.5 1.9
TL 1790357177.723 368.9 2.3
TL 1790357177.823 371.6 2.8
TL 1790357177.923 280.7 1.9
TL 1790357178.023 231.8 1.8
TL 1790357178.123 340.4 2.3
TL 1790357178.223 368.7 2.8
TL 1790357178.324 347.9 2.2
TL 1790357178.424 707.6 2.4
TL 1790357178.524 345.4 3.9
TL 1790357178.624 224.8 2.9
TL 1790357178.725 296.5 2.2
TL 1790357178.825 324.0 2.4
TL 1790357178.925 319.2 2.9
TL 1790357179.025 236.0 2.8
TL 1790357179.125 287.2 1.9
TL 1790357179.226 343.1 1.9
TL 1790357179.326 274.9 2.2
TL 1790357179.426 502.3 2.8
TL 1790357179.527 340.7 2.2
TL 1790357179.627 372.5 2.4
TL 1790357179.727 516.0 2.7
TL 1790357179.827 336.0 3.0
TL 1790357179.927 329.7 3.1
TL 1790357180.027 319.7 1.9
TL 1790357180.127 260.6 1.9
TL 1790357180.229 266.4 2.5
TL 1790357180.329 246.5 3.1
TL 1790357180.429 226.1 3.4
TL 1790357180.529 249.3 3.6
TL 1790357180.629 254.0 2.2
TL 1790357180.729 206.2 1.9
TL 1790357180.830 269.3 2.6
TL 1790357180.930 374.4 4.2
TL 1790357181.031 1241.1 2.9
TL 1790357181.131 902.2 3.1
TL 1790357181.231 810.5 2.7
TL 1790357181.332 890.8 3.4
TL 1790357181.431 422.4 3.9
TL 1790357181.531 251.5 2.6
TL 1790357181.632 236.4 2.2
TL 1790357181.732 362.0 1.5
TL 1790357181.832 218.7 2.5
TL 1790357181.933 361.4 3.1
TL 1790357182.033 365.0 2.2
TL 1790357182.133 252.9 2.2
TL 1790357182.233 263.0 2.4
TL 1790357182.333 301.1 4.0
TL 1790357182.433 264.2 3.6
TL 1790357182.533 271.5 2.3
TL 1790357182.633 240.3 2.9
TL 1790357182.734 379.8 2.4
TL 1790357182.834 277.3 3.9
TL 1790357182.934 288.4 2.6
TL 1790357183.034 368.4 2.2
TL 1790357183.134 393.6 2.9
TL 1790357183.235 255.4 5.6
TL 1790357183.335 316.2 4.2
TL 1790357183.435 250.5 4.4
TL 1790357183.535 264.5 2.3
TL 1790357183.635 283.7 3.2
TL 1790357183.735 345.6 2.6
TL 1790357183.835 103.2 1.6
TL 1790357183.936 198.7 2.9
TL 1790357184.036 647.9 2.0
TL 1790357184.136 390.6 3.4
TL 1790357184.237 376.2 2.2
TL 1790357184.337 253.2 4.8
TL 1790357184.437 278.0 2.2
TL 1790357184.537 257.2 2.2
TL 1790357184.637 272.9 2.2
TL 1790357184.739 1780.1 2.1
TL 1790357184.838 308.8 4.5
TL 1790357184.938 458.0 2.3
TL 1790357185.038 255.9 2.4
TL 1790357185.139 331.6 1.8
TL 1790357185.239 306.6 2.0
TL 1790357185.339 407.0 3.9
TL 1790357185.439 242.2 2.5
TL 1790357185.540 368.5 2.4
TL 1790357185.640 227.8 1.8
TL 1790357185.740 333.1 2.2
TL 1790357185.840 349.5 3.7
TL 1790357185.940 336.4 4.0
TL 1790357186.040 227.3 2.3
TL 1790357186.141 247.4 3.8
TL 1790357186.241 254.5 2.1
TL 1790357186.341 217.9 3.6
TL 1790357186.442 250.8 4.1
TL 1790357186.542 344.1 2.2
TL 1790357186.642 219.3 2.1
TL 1790357186.742 263.4 2.1
TL 1790357186.842 300.9 2.3
TL 1790357186.942 356.9 2.1
TL 1790357187.043 320.1 2.1
TL 1790357187.143 213.1 3.1
TL 1790357187.243 333.7 4.9
TL 1790357187.343 771.4 3.1
TL 1790357187.443 395.3 2.9
TL 1790357187.543 286.0 3.5
TL 1790357187.644 311.3 2.4
TL 1790357187.745 805.8 2.8
TL 1790357187.845 469.9 2.6
TL 1790357187.945 405.2 2.1
TL 1790357188.045 230.1 3.0
TL 1790357188.145 313.5 1.8
TL 1790357188.245 159.8 1.8
TL 1790357188.346 936.6 3.0
TL 1790357188.446 267.4 2.5
TL 1790357188.546 335.2 3.2
TL 1790357188.646 245.7 2.3
TL 1790357188.746 153.1 1.7
TL 1790357188.847 846.7 3.3
TL 1790357188.946 91.7 2.7
TL 1790357189.046 195.2 1.6
TL 1790357189.147 307.6 1.6
TL 1790357189.247 575.3 2.9
TL 1790357189.347 142.0 2.8
TL 1790357189.447 82.1 1.6
TL 1790357189.571 24640.3 2.8
TL 1790357189.647 154.4 3.2
TL 1790357189.747 95.0 1.5
TL 1790357189.847 222.8 1.9
TL 1790357189.948 478.9 3.3
TL 1790357190.047 85.7 2.1
TL 1790357190.148 82.3 1.8
TL 1790357190.248 222.9 1.6
TL 1790357190.348 188.1 3.6
TL 1790357190.448 135.2 3.1
TL 1790357190.548 202.4 4.2
TL 1790357190.649 1291.4 1.9
TL 1790357190.748 175.8 1.8
TL 1790357190.850 1266.7 2.0
TL 1790357190.949 942.4 2.2
TL 1790357191.049 53.4 2.2
TL 1790357191.149 142.4 2.6
TL 1790357191.249 290.4 1.9
TL 1790357191.350 1261.8 1.8
TL 1790357191.449 171.0 1.9
TL 1790357191.551 1601.9 2.8
TL 1790357191.649 147.2 3.7
TL 1790357191.749 81.9 2.0
TL 1790357191.850 870.8 2.6
TL 1790357191.950 788.3 2.0
TL 1790357192.050 63.7 2.7
TL 1790357192.151 916.3 2.0
TL 1790357192.250 124.0 3.0
TL 1790357192.350 136.8 2.0
TL 1790357192.450 85.7 1.5
TL 1790357192.550 75.2 0.9
TL 1790357192.650 79.8 1.1
TL 1790357192.751 94.2 0.8
TL 1790357192.851 574.4 1.8
TL 1790357192.951 210.9 2.6
TL 1790357193.051 66.9 2.4
TL 1790357193.152 322.8 1.0
TL 1790357193.252 269.1 1.9
TL 1790357193.352 279.3 3.0
TL 1790357193.452 82.9 1.8
TL 1790357193.552 156.3 1.4
TL 1790357193.652 161.0 1.7
TL 1790357193.753 104.6 0.6
TL 1790357193.853 120.8 1.9
TL 1790357193.953 296.3 1.9
TL 1790357194.064 11666.8 2.4
TL 1790357194.153 109.0 2.0
TL 1790357194.253 153.7 3.1
TL 1790357194.353 171.8 1.8
TL 1790357194.455 176.9 1.8
TL 1790357194.555 102.1 1.7
TL 1790357194.656 748.6 1.9
TL 1790357194.755 90.4 1.9
TL 1790357194.858 2496.2 1.1
TL 1790357194.968 12697.7 2.2
TL 1790357195.056 176.3 2.2
TL 1790357195.157 1438.1 2.2
TL 1790357195.256 94.3 1.6
TL 1790357195.356 248.9 2.3
TL 1790357195.457 575.5 2.8
TL 1790357195.558 2248.5 2.3
TL 1790357195.656 130.8 2.0
TL 1790357195.757 259.5 1.8
TL 1790357195.859 2483.4 2.2
TL 1790357195.963 6179.4 2.6
TL 1790357196.057 106.5 1.8
TL 1790357196.158 1287.2 2.2
TL 1790357196.257 56.9 2.2
TL 1790357196.634 277005.5 1.6
TL 1790357196.634 77.8 0.9
TL 1790357196.749 14489.8 3.4
TL 1790357196.835 454.2 2.0
TL 1790357196.939 4280.9 3.1
TL 1790357197.083 48205.4 2.2
TL 1790357197.135 55.2 1.9
TL 1790357197.235 503.4 1.9
TL 1790357197.335 378.3 1.7
TL 1790357197.436 1272.6 1.9
TL 1790357197.535 251.9 2.9
TL 1790357197.638 2167.1 2.5
TL 1790357197.737 1940.7 2.1
TL 1790357197.836 62.9 1.3
TL 1790357197.938 2393.6 2.3
TL 1790357198.061 24991.5 2.5
TL 1790357198.160 24071.6 3.1
TL 1790357198.240 3609.6 3.3
TL 1790357198.340 3908.0 2.2
TL 1790357198.437 416.5 3.0
TL 1790357198.538 1331.7 2.5
TL 1790357198.637 108.1 3.1
TL 1790357198.737 624.2 2.0
TL 1790357198.840 2871.0 1.5
TL 1790357198.950 12907.2 3.6
TL 1790357199.081 43976.1 2.2
TL 1790357199.139 630.5 2.0
TL 1790357199.248 10086.4 3.7
TL 1790357199.416 77937.1 4.2
TL 1790357199.439 610.3 2.4
TL 1790357199.539 418.2 2.2
TL 1790357199.651 11525.6 2.0
TL 1790357199.795 55427.5 2.2
TL 1790357200.028 188838.1 2.0
TL 1790357200.030 1615.8 0.7
TL 1790357200.221 92223.1 2.4
TL 1790357200.229 184.8 1.1
TL 1790357200.329 246.7 2.9
TL 1790357200.429 196.7 2.7
TL 1790357200.534 4951.4 1.9
TL 1790357200.629 607.9 2.0
TL 1790357200.729 148.9 1.7
TL 1790357200.902 72558.6 3.7
TL 1790357200.929 160.7 1.9
TL 1790357201.030 627.1 2.6
TL 1790357201.574 444124.0 1.1
TL 1790357201.574 799.3 0.6
TL 1790357201.829 155184.6 3.4
TL 1790357201.829 166.7 1.1
TL 1790357201.930 714.7 2.0
TL 1790357202.033 3434.4 1.9
TL 1790357202.133 3058.3 1.6
TL 1790357202.230 258.3 2.0
TL 1790357202.330 95.2 2.6
TL 1790357202.430 419.5 1.2
TL 1790357202.530 80.3 2.4
TL 1790357202.746 116124.0 2.8
TL 1790357202.747 262.9 0.8
TL 1790357203.353 506425.2 3.6
TL 1790357203.589 235613.8 3.5
TL 1790357203.589 98.7 1.3
TL 1790357203.689 91.8 2.9
TL 1790357203.790 1251.0 2.7
TL 1790357204.147 257539.8 1.8
TL 1790357204.353 206153.5 1.6
TL 1790357204.353 72.2 0.5
TL 1790357204.463 10358.7 2.1
TL 1790357204.564 11421.0 2.0
TL 1790357204.653 191.1 3.1
TL 1790357204.753 193.8 2.0
TL 1790357204.857 3768.3 1.7
TL 1790357204.955 242.2 1.6
TL 1790357205.060 5814.2 1.8
TL 1790357205.623 467943.6 1.9
TL 1790357205.714 91193.1 1.5
TL 1790357205.823 100110.7 3.2
TL 1790357205.824 1097.9 1.1
TL 1790357205.941 18251.7 2.6
TL 1790357206.100 77296.6 3.4
TL 1790357206.230 106958.1 3.1
TL 1790357206.231 75.1 1.2
TL 1790357206.341 10462.7 3.0
TL 1790357206.462 30649.1 2.3
TL 1790357206.831 299958.5 2.6
TL 1790357207.129 298200.3 2.9
TL 1790357207.130 235.8 1.0
TL 1790357207.390 160692.7 1.9
TL 1790357207.391 170.1 0.7
TL 1790357207.491 531.3 1.9
TL 1790357207.591 411.4 0.8
TL 1790357207.691 186.3 1.5
TL 1790357207.801 10036.2 1.6
TL 1790357207.930 38826.4 1.9
TL 1790357207.992 388.6 1.7
TL 1790357208.092 683.6 2.7
TL 1790357208.192 86.0 2.8
TL 1790357208.292 437.6 3.6
TL 1790357208.392 242.8 3.3
TL 1790357208.493 405.2 1.6
TL 1790357208.593 349.6 1.6
TL 1790357208.694 1796.1 2.9
TL 1790357208.793 259.0 2.1
TL 1790357208.893 100.3 2.7
TL 1790357208.993 277.6 1.6
TL 1790357209.093 109.1 1.6
TL 1790357209.193 166.5 1.7
TL 1790357209.293 220.7 3.1
TL 1790357209.393 119.0 2.6
TL 1790357209.494 130.5 1.4
TL 1790357209.594 136.8 2.0
TL 1790357209.694 86.8 2.3
TL 1790357209.794 151.3 1.8
TL 1790357209.895 371.9 2.2
TL 1790357209.995 326.2 1.9
TL 1790357210.095 285.4 3.1
TL 1790357210.195 222.5 2.3
TL 1790357210.295 96.3 1.1
TL 1790357210.395 104.2 2.2
TL 1790357210.495 115.3 1.0
TL 1790357210.595 144.1 1.7
TL 1790357210.696 110.2 0.8
TL 1790357210.796 500.3 4.5
TL 1790357210.896 381.4 3.0
TL 1790357210.997 412.0 3.1
TL 1790357211.097 318.8 2.3
TL 1790357211.197 377.8 2.4
TL 1790357211.297 364.0 3.5
TL 1790357211.397 426.9 3.3
TL 1790357211.497 173.7 2.7
TL 1790357211.598 518.2 3.6
TL 1790357211.698 858.8 2.1
TL 1790357211.798 343.0 2.2
TL 1790357211.898 311.2 2.1
TL 1790357211.998 365.3 3.2
TL 1790357212.098 160.9 3.0
TL 1790357212.199 390.1 2.7
TL 1790357212.299 256.2 1.2
TL 1790357212.399 221.9 3.0
TL 1790357212.499 114.8 1.1
TL 1790357212.600 348.0 2.0
TL 1790357212.700 308.8 2.7
TL 1790357212.800 188.7 1.6
TL 1790357212.900 213.7 2.2
TL 1790357213.001 377.0 2.3
TL 1790357213.100 164.9 1.0
TL 1790357213.201 255.5 2.3
TL 1790357213.301 293.0 2.8
TL 1790357213.401 303.0 3.1
TL 1790357213.502 391.7 2.1
TL 1790357213.602 129.1 1.2
TL 1790357213.702 227.0 1.7
TL 1790357213.802 135.4 1.6
TL 1790357213.902 355.1 2.8
TL 1790357214.003 475.1 3.0
TL 1790357214.111 8256.5 2.9
TL 1790357214.203 253.6 2.3
TL 1790357214.303 264.8 2.9
TL 1790357214.405 2366.6 1.9
TL 1790357214.503 331.7 2.6
TL 1790357214.603 253.2 3.2
TL 1790357214.703 155.3 1.7
TL 1790357214.804 197.0 2.8
TL 1790357214.904 135.9 1.6
TL 1790357215.004 348.8 2.9
TL 1790357215.105 646.0 2.5
TL 1790357215.204 110.0 1.9
TL 1790357215.304 120.4 1.6
TL 1790357215.404 102.8 2.0
TL 1790357215.509 5059.7 1.9
TL 1790357215.607 2483.7 3.4
TL 1790357215.705 95.6 1.9
TL 1790357215.805 348.0 2.3
TL 1790357215.908 98.4 2.4
TL 1790357216.008 93.2 15.1
TL 1790357216.109 365.1 3.0
TL 1790357216.208 76.8 2.6
TL 1790357216.309 689.1 3.5
TL 1790357216.409 355.7 3.3
TL 1790357216.509 383.8 2.7
TL 1790357216.610 1048.3 2.8
TL 1790357216.710 597.1 1.7
TL 1790357216.809 224.6 3.1
TL 1790357216.910 192.8 1.6
TL 1790357217.010 301.0 1.9
TL 1790357217.110 160.2 2.1
TL 1790357217.211 944.7 2.3
TL 1790357217.310 155.3 1.8
TL 1790357217.410 138.6 2.0
TL 1790357217.511 416.0 2.0
TL 1790357217.611 227.7 3.4
TL 1790357217.711 479.7 4.4
TL 1790357217.811 265.2 2.3
TL 1790357217.911 357.1 4.5
TL 1790357218.012 386.5 3.1
TL 1790357218.112 463.4 2.9
TL 1790357218.212 409.9 1.9
TL 1790357218.313 306.1 3.6
TL 1790357218.413 169.0 2.6
TL 1790357218.513 208.3 1.0
TL 1790357218.613 283.4 2.3
TL 1790357218.713 273.8 2.6
TL 1790357218.813 294.8 2.7
TL 1790357218.913 359.0 4.4
TL 1790357219.013 142.2 1.6
TL 1790357219.114 501.1 3.2
TL 1790357219.214 397.6 4.3
TL 1790357219.314 344.5 3.2
TL 1790357219.414 764.9 3.3
TL 1790357219.514 194.1 1.3
TL 1790357219.614 197.2 1.6
TL 1790357219.715 461.9 3.5
TL 1790357219.815 340.0 3.4
TL 1790357219.915 354.1 3.9
TL 1790357220.015 162.2 1.8
TL 1790357220.115 183.3 1.7
TL 1790357220.215 366.7 3.6
TL 1790357220.315 307.9 3.5
TL 1790357220.416 419.2 3.9
TL 1790357220.516 147.0 1.4
TL 1790357220.616 305.5 3.6
TL 1790357220.716 192.8 2.1
TL 1790357220.816 389.2 1.8
TL 1790357220.916 169.5 1.6
TL 1790357221.016 93.9 1.5
TL 1790357221.117 380.9 2.0
TL 1790357221.217 108.6 3.4
TL 1790357221.317 70.3 2.0
TL 1790357221.418 736.6 2.1
TL 1790357221.547 29895.0 1.3
TL 1790357221.756 139171.2 2.4
TL 1790357221.757 372.1 0.6
TL 1790357221.857 290.1 2.2
TL 1790357221.962 5254.4 1.9
TL 1790357222.057 348.7 1.7
TL 1790357222.158 115.3 1.8
TL 1790357222.258 126.3 3.0
TL 1790357222.358 169.7 2.1
TL 1790357222.459 1398.5 2.3
TL 1790357222.558 230.7 2.6
TL 1790357222.662 3401.2 2.4
TL 1790357222.761 2492.3 2.8
TL 1790357222.859 78.9 1.3
TL 1790357222.963 4612.7 2.6
TL 1790357223.060 1587.9 2.9
TL 1790357223.160 1448.0 4.4
TL 1790357223.262 3105.5 2.6
TL 1790357223.364 4932.7 1.5
TL 1790357223.470 10844.2 2.3
TL 1790357223.561 1124.8 2.6
TL 1790357223.662 2298.3 1.7
TL 1790357223.841 81514.0 2.5
TL 1790357223.862 2203.0 3.0
TL 1790357223.971 11166.0 2.6
TL 1790357224.074 14116.7 2.8
TL 1790357224.181 20804.3 2.6
TL 1790357224.263 2178.0 2.1
TL 1790357224.361 487.8 2.2
TL 1790357224.462 1013.3 2.8
TL 1790357224.570 9244.3 2.6
TL 1790357224.673 11601.4 3.5
TL 1790357224.762 749.6 3.4
TL 1790357224.866 4370.3 2.8
TL 1790357224.984 22638.0 2.2
TL 1790357225.065 3134.3 2.0
TL 1790357225.165 2730.1 1.6
TL 1790357225.264 1427.5 1.9
TL 1790357225.363 207.9 2.3
TL 1790357225.474 11508.6 2.6
TL 1790357225.631 68473.1 2.4
TL 1790357225.665 2397.1 1.9
TL 1790357225.774 10963.9 2.2
TL 1790357225.873 10478.9 2.2
TL 1790357225.965 1698.9 3.2
TL 1790357226.063 273.2 1.6
TL 1790357226.175 11527.1 2.2
TL 1790357226.372 108498.5 3.2
TL 1790357226.372 114.2 0.5
TL 1790357226.499 26523.7 3.6
TL 1790357226.574 1232.6 3.0
TL 1790357226.681 8649.3 2.8
TL 1790357226.799 26309.0 2.1
TL 1790357226.873 121.8 1.9
TL 1790357227.032 58156.6 2.4
TL 1790357227.082 8702.1 2.3
TL 1790357227.180 6389.7 2.1
TL 1790357227.274 85.1 2.1
TL 1790357227.382 8096.6 2.3
TL 1790357227.483 8664.6 2.1
TL 1790357227.712 137895.4 3.0
TL 1790357227.712 130.4 1.2
TL 1790357227.831 18897.4 3.0
TL 1790357227.948 35768.8 2.8
TL 1790357228.019 6015.7 2.4
TL 1790357228.113 183.2 3.2
TL 1790357228.214 1138.6 1.8
TL 1790357228.315 1266.6 1.8
TL 1790357228.414 334.1 2.3
TL 1790357228.514 95.7 2.0
TL 1790357228.615 434.1 1.6
TL 1790357228.714 93.0 1.5
TL 1790357228.814 74.2 1.4
TL 1790357228.915 441.3 1.9
TL 1790357229.015 427.8 1.9
TL 1790357229.115 503.1 2.0
TL 1790357229.215 237.7 1.9
TL 1790357229.315 146.2 2.0
TL 1790357229.415 115.5 1.6
TL 1790357229.515 239.6 1.7
TL 1790357229.615 85.4 2.0
TL 1790357229.715 140.0 1.9
TL 1790357229.816 104.8 1.7
TL 1790357229.916 217.8 1.6
TL 1790357230.016 218.5 32.1
TL 1790357230.116 210.9 1.9
TL 1790357230.216 555.1 2.7
TL 1790357230.317 580.4 2.3
TL 1790357230.417 353.2 2.0
TL 1790357230.517 488.1 2.3
TL 1790357230.617 167.4 2.4
TL 1790357230.717 252.5 1.7
TL 1790357230.817 140.1 2.2
TL 1790357230.917 71.7 2.0
TL 1790357231.017 87.9 1.9
TL 1790357231.118 1012.6 1.8
TL 1790357231.217 135.7 1.8
TL 1790357231.317 144.8 2.0
TL 1790357231.418 339.7 1.7
TL 1790357231.517 86.0 1.8
TL 1790357231.618 131.5 1.7
TL 1790357231.718 684.7 2.4
TL 1790357231.818 584.5 2.6
TL 1790357231.918 185.0 1.8
TL 1790357232.018 254.0 2.0
TL 1790357232.120 1309.8 1.8
TL 1790357232.219 485.3 1.7
TL 1790357232.319 162.1 1.9
TL 1790357232.419 272.0 1.6
TL 1790357232.521 1784.4 2.1
TL 1790357232.653 33998.3 3.0
TL 1790357232.719 414.4 3.6
TL 1790357232.820 380.1 3.4
TL 1790357232.922 2687.0 2.5
TL 1790357233.020 319.5 3.4
TL 1790357233.120 227.2 1.8
TL 1790357233.220 248.4 1.5
TL 1790357233.320 111.3 1.9
TL 1790357233.420 435.1 2.2
TL 1790357233.520 150.0 1.8
TL 1790357233.620 112.3 1.8
TL 1790357233.721 569.8 2.0
TL 1790357233.821 260.3 1.6
TL 1790357233.921 382.2 1.8
TL 1790357234.021 469.2 2.0
TL 1790357234.122 918.1 1.7
TL 1790357234.221 79.1 1.5
TL 1790357234.321 300.5 1.6
TL 1790357234.421 230.1 1.9
TL 1790357234.521 128.8 1.6
TL 1790357234.622 166.5 1.7
TL 1790357234.722 682.3 1.9
TL 1790357234.822 246.0 3.4
TL 1790357234.922 123.7 1.4
TL 1790357235.024 1062.1 2.7
TL 1790357235.123 74.2 3.2
TL 1790357235.224 259.3 1.3
TL 1790357235.324 743.4 1.7
TL 1790357235.424 445.5 2.1
TL 1790357235.524 264.2 2.4
TL 1790357235.625 1350.9 3.8
TL 1790357235.724 346.1 2.6
TL 1790357235.824 63.4 2.9
TL 1790357235.927 2782.1 2.0
TL 1790357236.025 649.4 1.6
TL 1790357236.125 114.5 3.7
TL 1790357236.225 108.4 1.0
TL 1790357236.326 950.7 3.2
TL 1790357236.425 89.9 1.7
TL 1790357236.525 121.8 1.7
TL 1790357236.625 99.9 1.5
TL 1790357236.726 781.7 1.5
TL 1790357236.826 140.4 1.9
TL 1790357236.926 211.5 1.7
TL 1790357237.028 522.0 1.5
TL 1790357237.128 194.8 3.1
TL 1790357237.228 164.4 1.0
TL 1790357237.328 102.8 1.5
TL 1790357237.428 114.3 1.8
TL 1790357237.529 436.6 1.8
TL 1790357237.629 129.0 2.1
TL 1790357237.729 240.5 1.6
TL 1790357237.829 155.6 1.6
TL 1790357237.930 141.0 1.5
TL 1790357238.030 295.3 2.2
TL 1790357238.131 189.8 2.4
TL 1790357238.253 22033.0 2.9
TL 1790357238.334 2765.8 2.6
TL 1790357238.434 2843.7 2.0
TL 1790357238.551 19242.2 2.3
TL 1790357238.632 71.9 2.6
TL 1790357238.734 2018.7 1.8
TL 1790357238.846 14163.3 3.2
TL 1790357238.938 5733.6 3.7
TL 1790357239.034 1571.6 3.1
TL 1790357239.134 1249.5 1.8
TL 1790357239.233 220.3 2.3
TL 1790357239.333 79.3 1.8
TL 1790357239.433 107.5 2.1
TL 1790357239.533 222.8 1.7
TL 1790357239.633 200.1 1.8
TL 1790357239.733 185.5 1.6
TL 1790357239.833 231.4 2.0
TL 1790357239.934 970.0 2.9
TL 1790357240.034 252.2 2.0
TL 1790357240.134 506.5 3.0
TL 1790357240.235 334.3 1.8
TL 1790357240.335 395.5 2.6
TL 1790357240.435 538.3 2.7
TL 1790357240.536 642.3 2.8
TL 1790357240.635 266.8 1.7
TL 1790357240.736 915.7 2.0
TL 1790357240.836 332.0 2.8
TL 1790357240.936 238.6 1.9
TL 1790357241.036 179.1 1.9
TL 1790357241.136 499.1 3.5
TL 1790357241.236 162.6 1.8
TL 1790357241.336 305.5 3.4
TL 1790357241.437 255.3 2.2
TL 1790357241.537 290.1 3.1
TL 1790357241.637 527.4 3.0
TL 1790357241.738 326.5 2.6
TL 1790357241.837 88.1 2.0
TL 1790357241.938 241.9 2.0
TL 1790357242.038 180.9 1.8
TL 1790357242.139 826.2 3.1
TL 1790357242.239 711.0 3.9
TL 1790357242.339 414.4 2.5
TL 1790357242.439 401.5 3.9
TL 1790357242.539 294.2 3.1
TL 1790357242.639 455.3 3.6
TL 1790357242.741 1070.7 3.7
TL 1790357242.840 352.1 3.5
TL 1790357242.945 5254.8 2.4
TL 1790357243.041 531.5 2.5
TL 1790357243.141 294.4 1.9
TL 1790357243.241 383.1 3.4
TL 1790357243.341 246.2 3.2
TL 1790357243.441 282.3 1.8
TL 1790357243.542 1215.0 3.4
TL 1790357243.642 450.2 3.3
TL 1790357243.743 752.8 3.6
TL 1790357243.844 691.8 4.0
TL 1790357243.944 366.2 339.8
TL 1790357244.044 390.0 2.5
TL 1790357244.145 1225.6 4.5
TL 1790357244.244 261.0 2.0
TL 1790357244.345 589.7 2.4
TL 1790357244.445 649.3 3.5
TL 1790357244.546 698.6 2.3
TL 1790357244.646 406.6 2.0
TL 1790357244.746 381.9 2.5
TL 1790357244.846 390.9 2.8
TL 1790357244.947 621.7 3.0
TL 1790357245.046 222.4 2.4
TL 1790357245.146 215.2 2.1
TL 1790357245.247 233.0 2.7
TL 1790357245.347 439.2 2.2
TL 1790357245.447 394.7 3.2
TL 1790357245.547 321.5 4.7
TL 1790357245.648 660.8 3.4
TL 1790357245.747 229.4 2.8
TL 1790357245.848 886.5 2.8
TL 1790357245.948 731.8 3.2
TL 1790357246.049 664.0 2.8
TL 1790357246.148 383.6 4.2
TL 1790357246.249 405.7 2.9
TL 1790357246.349 256.9 1.7
TL 1790357246.449 457.2 2.6
TL 1790357246.549 242.4 2.0
TL 1790357246.649 312.6 2.3
TL 1790357246.750 392.6 3.3
TL 1790357246.850 399.3 3.3
TL 1790357246.950 641.8 2.9
TL 1790357247.050 320.5 2.0
TL 1790357247.150 281.1 3.1
TL 1790357247.251 418.5 3.2
TL 1790357247.351 196.7 0.9
TL 1790357247.451 329.2 2.1
TL 1790357247.551 481.7 3.5
TL 1790357247.652 493.9 3.0
TL 1790357247.752 872.4 2.1
TL 1790357247.852 240.2 3.0
TL 1790357247.953 601.8 174.7
TL 1790357248.053 456.6 3.1
TL 1790357248.153 259.1 2.0
TL 1790357248.254 1111.1 4.0
TL 1790357248.354 185.6 0.8
TL 1790357248.454 451.2 3.5
TL 1790357248.554 356.4 3.5
TL 1790357248.655 582.8 3.4
TL 1790357248.754 132.0 2.3
TL 1790357248.856 1523.3 2.1
TL 1790357248.961 6731.3 3.3
TL 1790357249.137 82276.4 3.0
TL 1790357249.220 65371.4 3.3
TL 1790357249.343 87514.6 3.6
TL 1790357249.359 3629.4 1.9
TL 1790357249.461 6100.8 2.4
TL 1790357249.587 31305.0 2.9
TL 1790357249.656 236.0 2.4
TL 1790357249.757 811.8 3.6
TL 1790357249.856 547.3 3.0
TL 1790357249.957 493.1 3.2
TL 1790357250.057 812.3 2.9
TL 1790357250.157 810.5 3.4
TL 1790357250.257 348.0 2.0
TL 1790357250.357 495.6 3.1
TL 1790357250.458 326.5 1.5
TL 1790357250.558 396.8 3.2
TL 1790357250.658 333.0 1.9
TL 1790357250.758 451.1 2.4
TL 1790357250.858 428.3 3.9
TL 1790357250.958 247.8 3.0
TL 1790357251.059 671.3 2.9
TL 1790357251.159 671.2 3.5
TL 1790357251.259 808.2 3.3
TL 1790357251.360 497.8 3.5
TL 1790357251.461 656.4 2.9
TL 1790357251.561 499.9 3.2
TL 1790357251.661 566.0 3.3
TL 1790357251.761 397.9 3.9
TL 1790357251.861 380.6 3.0
TL 1790357251.961 155.7 1.7
TL 1790357252.062 305.3 3.5
TL 1790357252.162 787.7 2.4
TL 1790357252.262 365.0 2.3
TL 1790357252.363 1425.6 2.7
TL 1790357252.462 618.9 2.6
TL 1790357252.562 140.5 2.2
TL 1790357252.663 593.0 3.9
TL 1790357252.763 504.9 4.4
TL 1790357252.863 273.0 2.6
TL 1790357252.963 334.0 2.3
TL 1790357253.064 644.4 2.1
TL 1790357253.163 144.9 1.7
TL 1790357253.263 120.4 1.8
TL 1790357253.364 694.4 2.3
TL 1790357253.464 197.4 2.4
TL 1790357253.565 1428.9 2.5
TL 1790357253.665 463.2 3.7
TL 1790357253.764 152.2 3.2
TL 1790357253.865 367.9 3.4
TL 1790357253.965 207.4 1.6
TL 1790357254.065 447.7 2.0
TL 1790357254.165 152.0 2.3
TL 1790357254.265 72.9 2.8
TL 1790357254.366 299.6 2.3
TL 1790357254.466 126.0 1.3
TL 1790357254.566 402.6 2.2
TL 1790357254.666 208.7 1.8
TL 1790357254.766 432.1 2.7
TL 1790357254.866 166.1 2.0
TL 1790357254.967 309.6 2.6
TL 1790357255.067 343.6 2.4
TL 1790357255.167 280.5 2.3
TL 1790357255.267 307.9 2.5
TL 1790357255.367 267.0 2.0
TL 1790357255.468 428.5 1.7
TL 1790357255.568 717.2 3.9
TL 1790357255.668 383.8 3.7
TL 1790357255.768 360.1 2.2
TL 1790357255.869 394.2 1.7
TL 1790357255.968 235.3 1.9
TL 1790357256.069 326.7 2.2
TL 1790357256.169 300.5 2.5
TL 1790357256.269 366.2 2.6
TL 1790357256.369 212.2 1.9
TL 1790357256.469 215.9 1.5
TL 1790357256.569 498.6 2.6
TL 1790357256.670 437.6 3.8
TL 1790357256.770 398.9 3.2
TL 1790357256.870 313.4 2.4
TL 1790357256.970 216.5 2.8
TL 1790357257.070 389.8 2.3
TL 1790357257.170 110.0 2.1
TL 1790357257.270 189.9 2.5
TL 1790357257.371 317.1 2.3
TL 1790357257.471 450.2 0.9
TL 1790357257.571 203.3 1.8
TL 1790357257.671 208.3 2.5
TL 1790357257.771 216.7 1.8
TL 1790357257.871 157.7 2.2
TL 1790357257.971 173.4 1.9
TL 1790357258.072 279.1 2.7
TL 1790357258.172 418.8 2.2
TL 1790357258.272 320.7 2.8
TL 1790357258.373 319.8 2.6
TL 1790357258.473 253.2 1.1
TL 1790357258.573 151.6 2.1
TL 1790357258.673 373.0 2.7
TL 1790357258.773 477.1 3.7
TL 1790357258.873 301.1 3.2
TL 1790357258.974 561.1 2.8
TL 1790357259.074 185.6 1.9
TL 1790357259.174 421.2 2.1
TL 1790357259.274 362.6 2.2
TL 1790357259.375 474.6 3.4
TL 1790357259.475 237.7 0.9
TL 1790357259.579 4102.9 3.2
TL 1790357259.675 472.5 2.7
TL 1790357259.776 340.2 2.9
TL 1790357259.876 328.4 2.3
TL 1790357259.976 128.0 1.6
TL 1790357260.076 207.3 2.0
TL 1790357260.176 132.2 2.5
TL 1790357260.276 117.6 1.8
TL 1790357260.377 437.5 3.6
TL 1790357260.477 154.2 1.1
TL 1790357260.577 388.5 2.1
TL 1790357260.684 7636.4 1.7
TL 1790357260.777 344.2 2.2
TL 1790357260.878 430.5 3.3
TL 1790357260.980 411.4 2.3
TL 1790357261.080 392.3 2.0
TL 1790357261.180 225.4 2.1
TL 1790357261.280 273.8 2.4
TL 1790357261.380 249.2 2.4
TL 1790357261.480 175.6 1.1
TL 1790357261.581 282.3 1.8
TL 1790357261.681 309.5 1.8
TL 1790357261.781 198.4 2.2
TL 1790357261.881 312.0 3.6
TL 1790357261.981 383.9 3.4
TL 1790357262.082 432.0 1.9
TL 1790357262.182 154.7 2.2
TL 1790357262.282 369.0 2.6
TL 1790357262.383 459.4 3.3
TL 1790357262.483 240.8 2.7
TL 1790357262.583 290.9 2.0
TL 1790357262.683 314.8 1.7
TL 1790357262.783 290.5 2.8
TL 1790357262.883 377.6 2.0
TL 1790357262.984 342.2 3.5
TL 1790357263.084 695.6 2.2
TL 1790357263.185 568.4 3.0
TL 1790357263.285 168.5 2.2
TL 1790357263.386 449.5 2.8
TL 1790357263.486 313.9 2.1
TL 1790357263.587 411.6 2.9
TL 1790357263.687 261.6 2.4
TL 1790357263.787 249.8 2.0
TL 1790357263.887 210.4 1.7
TL 1790357263.987 286.0 2.3
TL 1790357264.087 159.8 2.6
TL 1790357264.188 255.4 2.7
TL 1790357264.288 344.1 3.3
TL 1790357264.388 300.7 3.2
TL 1790357264.489 467.3 2.0
TL 1790357264.589 299.5 1.6
TL 1790357264.689 296.7 2.3
TL 1790357264.789 284.4 2.4
TL 1790357264.890 258.8 2.8
TL 1790357264.990 336.2 1.9
TL 1790357265.090 230.9 3.0
TL 1790357265.190 164.8 2.0
TL 1790357265.290 236.8 2.3
TL 1790357265.390 339.6 2.0
TL 1790357265.491 411.4 3.1
TL 1790357265.591 241.8 2.3
TL 1790357265.691 328.8 2.8
TL 1790357265.791 418.0 2.4
TL 1790357265.891 320.8 2.5
TL 1790357265.992 363.2 2.9
TL 1790357266.092 275.5 2.6
TL 1790357266.192 399.6 3.7
TL 1790357266.292 251.6 3.1
TL 1790357266.392 252.1 2.1
TL 1790357266.492 142.2 2.4
TL 1790357266.593 466.4 3.5
TL 1790357266.693 260.8 4.0
TL 1790357266.793 503.1 1.9
TL 1790357266.893 270.8 2.4
TL 1790357266.993 272.3 2.1
TL 1790357267.094 312.1 2.4
TL 1790357267.194 240.1 2.2
TL 1790357267.294 333.0 2.9
TL 1790357267.394 237.7 3.3
TL 1790357267.494 351.4 1.9
TL 1790357267.595 198.7 2.7
TL 1790357267.695 319.3 1.7
TL 1790357267.795 376.5 2.8
TL 1790357267.895 622.7 2.8
TL 1790357267.995 239.9 2.1
TL 1790357268.095 359.6 2.6
TL 1790357268.196 368.6 2.8
TL 1790357268.296 327.0 2.3
TL 1790357268.396 380.7 2.1
TL 1790357268.496 315.1 2.6
TL 1790357268.596 286.0 2.3
TL 1790357268.698 1506.4 2.4
TL 1790357268.797 256.3 2.3
TL 1790357268.897 412.4 2.7
TL 1790357268.997 275.9 2.4
TL 1790357269.098 919.8 2.2
TL 1790357269.198 364.3 3.0
TL 1790357269.298 424.3 2.5
TL 1790357269.399 285.9 2.6
TL 1790357269.499 255.3 2.2
TL 1790357269.599 244.4 2.1
TL 1790357269.700 340.7 2.1
TL 1790357269.800 396.5 2.1
TL 1790357269.900 353.2 2.8
TL 1790357270.001 625.0 2.3
TL 1790357270.101 364.7 3.0
TL 1790357270.201 418.5 2.3
TL 1790357270.301 404.0 2.6
TL 1790357270.401 388.1 2.1
TL 1790357270.502 440.1 2.1
TL 1790357270.602 217.0 2.4
TL 1790357270.703 1059.7 1.9
TL 1790357270.802 165.3 2.3
TL 1790357270.902 374.6 3.9
TL 1790357271.002 332.2 2.5
TL 1790357271.102 327.7 2.2
TL 1790357271.202 228.1 2.0
TL 1790357271.303 445.4 3.1
TL 1790357271.403 245.9 2.1
TL 1790357271.503 339.0 2.4
TL 1790357271.603 215.1 2.5
TL 1790357271.703 177.9 1.9
TL 1790357271.803 190.0 2.5
TL 1790357271.903 332.9 2.1
TL 1790357272.004 447.9 2.0
TL 1790357272.104 289.5 2.3
TL 1790357272.204 245.2 1.9
TL 1790357272.304 744.6 2.8
TL 1790357272.404 244.6 2.1
TL 1790357272.504 305.3 2.3
TL 1790357272.605 236.5 3.0
TL 1790357272.705 459.4 2.4
TL 1790357272.805 312.6 3.1
TL 1790357272.905 366.6 2.1
TL 1790357273.005 277.3 1.9
TL 1790357273.105 193.2 2.4
TL 1790357273.206 320.2 3.3
TL 1790357273.306 284.8 3.0
TL 1790357273.406 352.4 2.4
TL 1790357273.506 243.1 2.4
TL 1790357273.606 93.7 2.8
TL 1790357273.706 416.5 3.1
TL 1790357273.807 400.6 3.4
TL 1790357273.907 310.5 2.3
TL 1790357274.007 284.4 3.1
TL 1790357274.107 286.0 2.1
TL 1790357274.207 207.7 2.5
TL 1790357274.307 300.4 2.1
TL 1790357274.408 366.6 2.2
TL 1790357274.508 395.0 2.6
TL 1790357274.608 402.1 4.3
TL 1790357274.708 412.4 2.4
TL 1790357274.808 288.8 3.0
TL 1790357274.909 504.0 2.6
TL 1790357275.009 302.7 2.6
TL 1790357275.109 281.5 2.9
TL 1790357275.209 199.7 2.6
TL 1790357275.309 336.1 2.1
TL 1790357275.410 464.4 2.1
TL 1790357275.510 396.1 2.4
TL 1790357275.611 336.7 2.3
TL 1790357275.711 345.8 2.9
TL 1790357275.811 251.8 2.0
TL 1790357275.912 695.9 2.5
TL 1790357276.012 437.1 2.0
TL 1790357276.112 294.9 2.2
TL 1790357276.212 397.3 2.1
TL 1790357276.312 294.4 2.3
TL 1790357276.412 456.2 2.0
TL 1790357276.512 290.5 2.1
TL 1790357276.613 767.0 1.8
TL 1790357276.713 307.5 2.3
TL 1790357276.813 137.2 2.1
TL 1790357276.913 530.5 2.4
TL 1790357277.013 208.0 2.4
TL 1790357277.114 409.6 2.7
TL 1790357277.214 221.2 2.3
TL 1790357277.316 2384.7 2.4
TL 1790357277.414 336.4 3.1
TL 1790357277.514 373.6 2.2
TL 1790357277.614 233.0 2.6
TL 1790357277.715 364.8 2.3
TL 1790357277.820 5595.1 2.3
TL 1790357277.915 112.4 2.5
TL 1790357278.015 174.7 3.0
TL 1790357278.115 430.1 2.8
TL 1790357278.215 251.6 3.2
TL 1790357278.315 71.7 3.4
TL 1790357278.415 145.4 3.6
TL 1790357278.515 103.7 2.8
TL 1790357278.615 112.7 2.8
TL 1790357278.716 187.6 3.1
TL 1790357278.816 179.8 3.2
TL 1790357278.916 413.4 3.1
TL 1790357279.016 194.0 2.4
TL 1790357279.116 122.8 2.8
TL 1790357279.216 139.4 2.4
TL 1790357279.317 135.4 3.1
TL 1790357279.417 179.2 2.8
TL 1790357279.517 117.0 3.0
TL 1790357279.617 249.6 2.2
TL 1790357279.717 185.8 3.3
TL 1790357279.817 181.0 2.7
TL 1790357279.917 121.4 2.3
TL 1790357280.018 129.7 2.5
TL 1790357280.118 205.1 2.5
TL 1790357280.218 193.7 2.5
TL 1790357280.318 159.2 2.7
TL 1790357280.418 239.0 2.9
TL 1790357280.518 169.0 2.6
TL 1790357280.618 141.5 2.8
TL 1790357280.719 856.5 2.6
TL 1790357280.819 117.2 2.3
TL 1790357280.919 440.7 3.2
TL 1790357281.019 247.6 3.1
TL 1790357281.119 134.2 2.8
TL 1790357281.219 111.8 2.7
TL 1790357281.320 235.2 1.7
TL 1790357281.420 221.9 3.0
TL 1790357281.520 95.8 2.2
TL 1790357281.620 205.1 3.1
TL 1790357281.720 82.9 2.7
TL 1790357281.820 147.9 2.9
TL 1790357281.921 231.3 1.9
TL 1790357282.021 339.1 1.9
TL 1790357282.121 436.7 2.4
TL 1790357282.221 288.9 2.1
TL 1790357282.322 238.5 2.6
TL 1790357282.422 193.8 2.4
TL 1790357282.522 364.3 2.2
TL 1790357282.622 271.0 2.6
TL 1790357282.722 451.7 2.7
TL 1790357282.822 288.8 2.8
TL 1790357282.924 1122.5 2.1
TL 1790357283.023 244.2 2.1
TL 1790357283.123 404.3 2.7
TL 1790357283.223 281.6 43.8
TL 1790357283.324 372.0 2.0
TL 1790357283.432 358.5 2.3
TL 1790357283.533 332.1 2.6
TL 1790357283.633 512.2 2.8
TL 1790357283.733 885.9 2.5
TL 1790357283.833 301.5 2.1
TL 1790357283.933 324.5 2.5
TL 1790357284.034 436.4 2.0
TL 1790357284.134 209.7 2.7
TL 1790357284.234 508.9 2.6
TL 1790357284.334 370.5 2.3
TL 1790357284.434 474.0 2.4
TL 1790357284.534 314.3 2.6
TL 1790357284.635 988.0 2.2
TL 1790357284.735 235.8 2.1
TL 1790357284.835 467.1 2.0
TL 1790357284.935 196.8 1.9
TL 1790357285.035 323.1 1.9
TL 1790357285.135 498.9 2.2
TL 1790357285.236 615.6 2.1
TL 1790357285.335 277.7 2.8
TL 1790357285.436 303.1 2.2
TL 1790357285.536 299.1 2.9
TL 1790357285.636 298.7 2.8
TL 1790357285.736 617.4 3.0
TL 1790357285.836 131.8 3.0
TL 1790357285.937 374.6 2.7
TL 1790357286.036 188.9 3.0
TL 1790357286.137 379.4 2.3
TL 1790357286.237 222.7 2.0
TL 1790357286.337 381.6 2.1
TL 1790357286.437 265.0 2.0
TL 1790357286.537 322.8 1.9
TL 1790357286.637 225.7 2.5
TL 1790357286.738 436.2 2.4
TL 1790357286.838 148.1 2.0
TL 1790357286.938 236.1 2.3
TL 1790357287.039 670.4 2.9
TL 1790357287.139 480.2 2.4
TL 1790357287.239 275.9 2.4
TL 1790357287.339 397.8 2.0
TL 1790357287.439 219.6 2.8
TL 1790357287.539 426.9 3.0
TL 1790357287.639 298.0 2.1
TL 1790357287.739 212.8 2.0
TL 1790357287.840 444.9 2.7
TL 1790357287.940 274.4 2.5
TL 1790357288.040 192.9 2.0
TL 1790357288.140 439.7 1.9
TL 1790357288.240 315.5 2.2
TL 1790357288.341 622.6 2.2
TL 1790357288.441 480.5 2.9
TL 1790357288.541 447.3 2.3
TL 1790357288.641 250.2 2.3
TL 1790357288.741 414.2 2.3
TL 1790357288.841 446.7 2.2
TL 1790357288.942 655.1 2.0
TL 1790357289.043 1317.6 2.7
TL 1790357289.142 234.4 2.3
TL 1790357289.242 400.3 3.5
TL 1790357289.342 640.5 2.3
TL 1790357289.442 238.6 1.8
TL 1790357289.542 208.6 1.8
TL 1790357289.642 155.6 2.5
TL 1790357289.743 279.3 2.3
TL 1790357289.843 301.0 2.8
TL 1790357289.943 345.2 2.9
TL 1790357290.043 399.1 2.4
TL 1790357290.144 446.5 1.7
TL 1790357290.244 467.3 2.0
TL 1790357290.344 226.8 2.6
TL 1790357290.445 246.5 2.1
TL 1790357290.545 229.0 2.2
TL 1790357290.645 264.1 2.2
TL 1790357290.746 301.2 2.2
TL 1790357290.846 378.2 2.2
TL 1790357290.946 387.4 2.2
TL 1790357291.046 239.1 2.1
TL 1790357291.146 355.4 3.1
TL 1790357291.246 352.9 3.1
TL 1790357291.347 442.0 2.3
TL 1790357291.447 385.6 2.4
TL 1790357291.548 175.6 2.2
TL 1790357291.649 464.4 3.1
TL 1790357291.749 303.0 3.1
TL 1790357291.849 250.8 3.7
TL 1790357291.949 295.7 2.2
TL 1790357292.049 305.2 2.4
TL 1790357292.149 164.7 2.1
TL 1790357292.249 289.4 2.2
TL 1790357292.350 210.3 2.6
TL 1790357292.450 239.1 2.2
TL 1790357292.550 428.3 2.2
TL 1790357292.650 445.4 2.1
TL 1790357292.750 361.0 2.7
TL 1790357292.851 398.6 2.6
TL 1790357292.951 776.9 3.1
TL 1790357293.051 435.4 1.9
TL 1790357293.156 5155.4 2.0
TL 1790357293.252 363.0 2.9
TL 1790357293.352 321.0 2.3
TL 1790357293.452 266.2 2.2
TL 1790357293.552 328.7 2.7
TL 1790357293.654 1870.7 1.9
TL 1790357293.752 296.3 2.6
TL 1790357293.853 526.4 2.9
TL 1790357293.953 140.9 2.2
TL 1790357294.054 356.7 2.5
TL 1790357294.154 242.8 1.9
TL 1790357294.254 250.6 2.0
TL 1790357294.354 229.7 2.1
TL 1790357294.454 394.6 2.2
TL 1790357294.554 329.7 2.3
TL 1790357294.656 663.9 1.9
TL 1790357294.756 280.3 2.9
TL 1790357294.856 291.8 2.1
TL 1790357294.956 359.1 1.9
TL 1790357295.057 443.9 2.6
TL 1790357295.157 194.4 2.2
TL 1790357295.257 710.4 2.3
TL 1790357295.357 82.0 2.1
TL 1790357295.457 245.6 2.6
TL 1790357295.557 150.0 2.1
TL 1790357295.657 166.7 0.8
TL 1790357295.758 454.4 2.6
TL 1790357295.858 524.5 2.4
TL 1790357295.958 191.5 1.8
TL 1790357296.058 231.5 2.3
TL 1790357296.158 271.1 2.4
TL 1790357296.259 311.3 2.5
TL 1790357296.359 403.1 1.8
TL 1790357296.459 407.0 2.0
TL 1790357296.559 262.7 2.5
TL 1790357296.659 231.9 1.1
TL 1790357296.759 319.8 2.3
TL 1790357296.859 190.3 2.9
TL 1790357296.960 479.8 2.3
TL 1790357297.060 506.3 2.2
TL 1790357297.160 360.1 2.3
TL 1790357297.260 605.6 3.4
TL 1790357297.360 389.7 2.6
TL 1790357297.460 309.3 2.3
TL 1790357297.561 510.2 2.4
TL 1790357297.661 158.8 1.1
TL 1790357297.761 318.5 2.6
TL 1790357297.861 242.3 3.3
TL 1790357297.961 311.1 2.7
TL 1790357298.061 329.9 3.1
TL 1790357298.162 596.2 3.4
TL 1790357298.263 554.1 2.3
TL 1790357298.362 303.4 2.8
TL 1790357298.463 473.7 3.0
TL 1790357298.563 350.5 3.1
TL 1790357298.663 266.9 1.7
TL 1790357298.764 1613.6 2.9
TL 1790357298.863 608.5 2.3
TL 1790357298.963 462.7 2.2
TL 1790357299.063 372.6 2.6
TL 1790357299.164 522.5 2.3
TL 1790357299.265 353.8 2.7
TL 1790357299.366 313.1 2.6
TL 1790357299.466 419.4 2.3
TL 1790357299.566 500.6 2.3
TL 1790357299.666 355.7 2.2
TL 1790357299.767 624.7 2.1
TL 1790357299.866 146.9 2.1
TL 1790357299.966 267.9 2.6
TL 1790357300.067 209.0 2.6
TL 1790357300.167 278.0 2.1
TL 1790357300.267 232.9 2.8
TL 1790357300.368 767.8 2.2
TL 1790357300.468 543.3 3.0
TL 1790357300.568 315.6 2.9
TL 1790357300.668 399.0 2.6
TL 1790357300.768 919.7 2.5
TL 1790357300.868 412.8 1.8
TL 1790357300.968 385.9 3.6
TL 1790357301.069 539.1 2.7
TL 1790357301.169 331.6 2.1
TL 1790357301.269 568.7 2.6
TL 1790357301.369 551.9 2.4
TL 1790357301.469 361.7 2.6
TL 1790357301.569 293.3 2.6
TL 1790357301.669 186.7 2.3
TL 1790357301.770 533.1 3.2
TL 1790357301.870 332.8 3.6
TL 1790357301.970 311.2 2.7
TL 1790357302.070 442.1 2.3
TL 1790357302.171 771.6 2.3
TL 1790357302.271 251.1 2.6
TL 1790357302.371 439.4 2.0
TL 1790357302.471 646.3 2.4
TL 1790357302.572 1147.3 1.9
TL 1790357302.671 292.5 2.4
TL 1790357302.771 301.6 2.2
TL 1790357302.871 328.6 2.6
TL 1790357302.972 754.7 2.3
TL 1790357303.072 472.2 4.0
TL 1790357303.172 375.2 2.2
TL 1790357303.273 745.7 2.8
TL 1790357303.373 573.0 3.1
TL 1790357303.473 373.5 116.2
TL 1790357303.573 375.4 3.1
TL 1790357303.673 576.9 3.4
TL 1790357303.773 329.1 2.5
TL 1790357303.874 523.4 2.7
TL 1790357303.974 343.7 2.3
TL 1790357304.074 290.6 2.3
TL 1790357304.175 195.5 2.0
TL 1790357304.275 301.4 2.3
TL 1790357304.375 395.1 3.3
TL 1790357304.476 253.0 2.1
TL 1790357304.576 421.1 2.8
TL 1790357304.676 368.7 3.1
TL 1790357304.776 408.6 1.8
TL 1790357304.876 186.2 2.1
TL 1790357304.977 465.9 2.3
TL 1790357305.077 339.3 2.3
TL 1790357305.177 761.4 2.6
TL 1790357305.277 375.6 2.3
TL 1790357305.378 511.6 2.7
TL 1790357305.478 353.9 2.6
TL 1790357305.579 794.8 2.6
TL 1790357305.679 492.3 2.7
TL 1790357305.779 628.1 2.5
TL 1790357305.879 535.5 2.3
TL 1790357305.979 536.4 2.6
TL 1790357306.079 554.6 2.9
TL 1790357306.179 179.3 2.3
TL 1790357306.280 571.4 2.2
TL 1790357306.381 951.2 2.0
TL 1790357306.480 369.6 2.9
TL 1790357306.581 448.7 2.2
TL 1790357306.681 521.4 2.3
TL 1790357306.781 520.8 3.3
TL 1790357306.882 168.2 2.2
TL 1790357306.982 314.0 2.8
TL 1790357307.083 359.7 2.9
TL 1790357307.183 304.4 2.4
TL 1790357307.283 344.0 3.7
TL 1790357307.383 689.6 2.9
TL 1790357307.483 283.6 3.1
TL 1790357307.583 514.4 3.0
TL 1790357307.683 364.8 1.9
TL 1790357307.784 693.4 2.8
TL 1790357307.884 272.7 2.6
TL 1790357307.984 500.4 3.0
TL 1790357308.084 233.1 2.7
TL 1790357308.184 395.4 2.6
TL 1790357308.285 492.8 2.8
TL 1790357308.385 709.1 2.4
TL 1790357308.485 397.3 2.9
TL 1790357308.585 528.2 2.4
TL 1790357308.685 334.6 2.6
TL 1790357308.785 443.2 2.2
TL 1790357308.886 474.9 3.2
TL 1790357308.988 474.3 2.2
TL 1790357309.088 274.9 2.1
TL 1790357309.188 649.3 2.1
TL 1790357309.288 277.0 2.0
TL 1790357309.389 366.6 3.5
TL 1790357309.490 362.7 2.3
TL 1790357309.590 302.1 2.7
TL 1790357309.690 336.9 2.9
TL 1790357309.790 200.2 1.9
TL 1790357309.890 401.5 3.7
TL 1790357309.991 571.5 2.0
TL 1790357310.091 314.6 1.9
TL 1790357310.191 368.9 2.4
TL 1790357310.291 323.7 2.3
TL 1790357310.392 432.7 2.6
TL 1790357310.492 454.8 2.2
TL 1790357310.592 434.8 2.3
TL 1790357310.692 183.6 1.1
TL 1790357310.792 281.9 2.0
TL 1790357310.893 532.3 2.2
TL 1790357310.993 208.2 2.9
TL 1790357311.093 440.9 2.1
TL 1790357311.193 590.8 2.7
TL 1790357311.294 839.9 3.4
TL 1790357311.394 664.3 2.9
TL 1790357311.494 418.0 2.0
TL 1790357311.594 334.6 2.4
TL 1790357311.694 293.9 2.6
TL 1790357311.794 434.4 2.8
TL 1790357311.894 517.1 2.9
TL 1790357311.995 451.2 1.8
TL 1790357312.095 367.9 3.4
TL 1790357312.195 509.9 2.7
TL 1790357312.295 518.7 2.1
TL 1790357312.395 321.5 3.1
TL 1790357312.496 511.8 2.3
TL 1790357312.596 354.0 3.1
TL 1790357312.696 401.0 2.0
TL 1790357312.796 425.2 2.4
TL 1790357312.896 454.7 2.2
TL 1790357312.996 391.6 2.6
TL 1790357313.096 375.8 2.4
TL 1790357313.196 366.0 2.6
TL 1790357313.297 605.5 3.2
TL 1790357313.397 491.6 2.7
TL 1790357313.497 467.4 2.9
TL 1790357313.597 433.6 2.2
TL 1790357313.697 186.8 2.1
TL 1790357313.798 497.9 3.4
TL 1790357313.898 472.4 3.1
TL 1790357313.999 760.9 2.8
TL 1790357314.100 357.1 2.8
TL 1790357314.200 249.9 2.2
TL 1790357314.301 314.1 2.8
TL 1790357314.401 591.8 3.0
TL 1790357314.502 608.0 3.1
TL 1790357314.602 543.3 2.4
TL 1790357314.702 279.3 2.2
TL 1790357314.802 241.7 2.6
TL 1790357314.902 233.8 3.5
TL 1790357315.002 594.4 2.3
TL 1790357315.102 522.8 2.7
TL 1790357315.202 271.7 2.3
TL 1790357315.303 401.3 2.9
TL 1790357315.403 402.2 2.2
TL 1790357315.503 361.1 2.7
TL 1790357315.603 486.1 2.3
TL 1790357315.704 685.6 2.6
TL 1790357315.803 303.2 3.3
TL 1790357315.904 472.9 3.9
TL 1790357316.004 463.7 2.3
TL 1790357316.104 515.7 2.9
TL 1790357316.204 488.6 3.6
TL 1790357316.304 595.9 2.1
TL 1790357316.404 365.9 2.8
TL 1790357316.504 406.1 2.1
TL 1790357316.605 468.3 3.0
TL 1790357316.705 305.5 2.6
TL 1790357316.805 450.4 2.4
TL 1790357316.905 655.0 2.3
TL 1790357317.005 409.3 2.9
TL 1790357317.106 594.8 2.4
TL 1790357317.206 583.4 3.4
TL 1790357317.306 442.2 2.3
TL 1790357317.406 386.9 2.8
TL 1790357317.506 322.4 2.3
TL 1790357317.606 334.4 2.6
TL 1790357317.707 261.3 2.5
TL 1790357317.807 431.1 2.4
TL 1790357317.907 335.2 2.6
TL 1790357318.007 177.2 2.0
TL 1790357318.107 361.8 2.2
TL 1790357318.209 1061.1 2.7
TL 1790357318.308 262.0 2.7
TL 1790357318.408 300.6 2.8
TL 1790357318.509 522.6 2.4
TL 1790357318.609 402.3 2.7
TL 1790357318.709 425.0 2.9
TL 1790357318.809 256.4 2.2
TL 1790357318.909 440.8 3.0
TL 1790357319.010 446.1 2.1
TL 1790357319.110 449.1 2.1
TL 1790357319.210 390.0 2.3
TL 1790357319.310 245.9 3.4
TL 1790357319.410 372.8 2.0
TL 1790357319.511 571.5 2.7
TL 1790357319.611 546.8 2.6
TL 1790357319.711 463.1 2.7
TL 1790357319.811 219.3 1.8
TL 1790357319.911 439.1 3.0
TL 1790357320.011 289.4 2.3
TL 1790357320.111 316.1 3.3
TL 1790357320.211 423.8 2.8
TL 1790357320.312 454.2 2.0
TL 1790357320.412 662.9 2.4
TL 1790357320.512 261.7 2.2
TL 1790357320.612 384.2 2.6
TL 1790357320.712 86.1 2.0
TL 1790357320.812 664.1 2.3
TL 1790357320.912 379.9 3.2
TL 1790357321.012 307.0 2.3
TL 1790357321.113 335.7 2.2
TL 1790357321.213 630.8 2.7
TL 1790357321.313 482.3 1.9
TL 1790357321.414 833.8 2.4
TL 1790357321.514 476.5 2.2
TL 1790357321.614 306.3 1.9
TL 1790357321.714 556.0 3.1
TL 1790357321.814 636.4 2.2
TL 1790357321.914 359.9 2.3
TL 1790357322.015 624.0 3.1
TL 1790357322.115 438.0 2.4
TL 1790357322.215 371.5 2.9
TL 1790357322.315 462.6 3.7
TL 1790357322.415 418.8 2.4
TL 1790357322.516 535.7 2.5
TL 1790357322.616 484.2 2.4
TL 1790357322.716 524.9 2.2
TL 1790357322.816 423.6 3.2
TL 1790357322.917 471.2 2.3
TL 1790357323.017 350.2 2.0
TL 1790357323.117 554.5 2.6
TL 1790357323.217 483.4 3.1
TL 1790357323.317 340.1 1.9
TL 1790357323.417 371.1 2.3
TL 1790357323.518 582.3 2.3
TL 1790357323.618 406.9 2.6
TL 1790357323.718 443.4 3.7
TL 1790357323.818 541.8 3.4
TL 1790357323.919 551.6 3.1
TL 1790357324.019 384.8 2.9
TL 1790357324.119 609.5 2.3
TL 1790357324.219 349.9 2.2
TL 1790357324.319 300.3 2.6
TL 1790357324.419 495.3 2.4
TL 1790357324.520 1172.8 2.0
TL 1790357324.619 280.2 2.8
TL 1790357324.720 521.6 3.0
TL 1790357324.820 431.7 2.4
TL 1790357324.920 542.8 2.4
TL 1790357325.021 536.0 2.2
TL 1790357325.121 530.3 2.4
TL 1790357325.221 363.9 2.5
TL 1790357325.321 457.9 2.8
TL 1790357325.421 409.6 1.9
TL 1790357325.522 977.1 3.2
TL 1790357325.621 339.2 2.9
TL 1790357325.722 583.8 2.7
TL 1790357325.822 304.0 2.0
TL 1790357325.922 390.2 3.2
TL 1790357326.022 410.7 2.4
TL 1790357326.122 428.4 2.8
TL 1790357326.223 563.1 2.7
TL 1790357326.323 397.5 2.4
TL 1790357326.423 255.4 2.3
TL 1790357326.523 306.3 1.9
TL 1790357326.623 380.7 1.9
TL 1790357326.723 406.6 2.0
TL 1790357326.824 674.6 2.0
TL 1790357326.924 718.8 2.0
TL 1790357327.024 453.2 2.1
TL 1790357327.124 347.1 2.0
TL 1790357327.225 635.1 2.4
TL 1790357327.325 732.0 1.9
TL 1790357327.425 335.6 2.7
TL 1790357327.525 164.4 1.9
TL 1790357327.625 309.8 2.4
TL 1790357327.725 374.6 2.7
TL 1790357327.825 269.7 2.4
TL 1790357327.925 340.2 2.6
TL 1790357328.025 280.4 2.8
TL 1790357328.126 329.4 3.0
TL 1790357328.226 422.5 2.9
TL 1790357328.326 541.5 2.7
TL 1790357328.426 585.7 2.5
TL 1790357328.526 309.8 2.6
TL 1790357328.626 499.4 2.3
TL 1790357328.727 515.9 2.1
TL 1790357328.827 284.1 2.6
TL 1790357328.927 618.8 3.2
TL 1790357329.027 758.0 2.7
TL 1790357329.127 404.5 2.0
TL 1790357329.228 497.1 3.2
TL 1790357329.328 422.8 1.9
TL 1790357329.428 388.6 2.6
TL 1790357329.528 502.2 2.4
TL 1790357329.630 1235.1 2.6
TL 1790357329.730 373.0 3.0
TL 1790357329.830 327.3 3.4
TL 1790357329.930 363.6 3.0
TL 1790357330.030 374.1 20.8
TL 1790357330.130 344.7 2.6
TL 1790357330.231 390.4 3.0
TL 1790357330.331 585.3 2.7
TL 1790357330.431 298.2 2.7
TL 1790357330.531 617.8 2.1
TL 1790357330.632 475.1 2.1
TL 1790357330.732 226.3 2.0
TL 1790357330.832 296.5 2.3
TL 1790357330.932 435.6 2.3
TL 1790357331.032 644.1 2.9
TL 1790357331.132 264.2 2.3
TL 1790357331.233 457.5 2.9
TL 1790357331.333 302.0 2.1
TL 1790357331.433 321.3 2.0
TL 1790357331.533 478.5 3.3
TL 1790357331.634 868.8 2.3
TL 1790357331.734 445.4 2.7
TL 1790357331.834 298.3 3.3
TL 1790357331.934 443.5 4.4
TL 1790357332.035 594.2 2.1
TL 1790357332.135 253.8 2.4
TL 1790357332.235 620.8 2.3
TL 1790357332.335 398.5 2.1
TL 1790357332.435 408.0 2.7
TL 1790357332.539 263.6 2.3
TL 1790357332.639 507.3 2.3
TL 1790357332.739 400.8 3.2
TL 1790357332.840 303.5 2.9
TL 1790357332.940 306.4 2.4
TL 1790357333.040 471.3 2.2
TL 1790357333.140 446.4 2.7
TL 1790357333.240 346.2 2.8
TL 1790357333.341 508.3 2.3
TL 1790357333.441 368.6 3.0
TL 1790357333.541 310.8 2.9
TL 1790357333.641 287.5 2.9
TL 1790357333.742 644.8 2.4
TL 1790357333.841 393.6 2.0
TL 1790357333.942 320.7 2.8
TL 1790357334.042 290.9 2.4
TL 1790357334.142 453.6 2.7
TL 1790357334.242 395.7 3.5
TL 1790357334.343 575.2 3.5
TL 1790357334.443 489.6 2.0
TL 1790357334.543 391.5 31.6
TL 1790357334.643 500.7 2.1
TL 1790357334.744 853.5 2.4
TL 1790357334.844 357.8 2.2
TL 1790357334.944 302.8 2.8
TL 1790357335.044 774.9 2.6
TL 1790357335.145 642.1 2.6
TL 1790357335.245 272.5 2.5
TL 1790357335.345 423.4 3.2
TL 1790357335.445 258.5 2.0
TL 1790357335.545 638.4 2.8
TL 1790357335.646 532.4 2.6
TL 1790357335.746 366.4 1.8
TL 1790357335.846 297.8 3.1
TL 1790357335.946 507.9 2.8
TL 1790357336.047 760.8 2.9
TL 1790357336.148 397.9 2.5
TL 1790357336.249 390.5 2.6
TL 1790357336.349 341.5 2.2
TL 1790357336.449 295.3 2.7
TL 1790357336.549 206.4 2.3
TL 1790357336.659 5458.4 2.3
TL 1790357336.754 373.1 2.9
TL 1790357336.854 490.1 3.0
TL 1790357336.954 327.9 2.0
TL 1790357337.054 320.1 3.2
TL 1790357337.163 3717.5 2.4
TL 1790357337.260 302.7 2.2
TL 1790357337.360 355.9 3.0
TL 1790357337.460 362.4 2.5
TL 1790357337.560 253.2 2.4
TL 1790357337.661 323.1 2.3
TL 1790357337.761 360.3 3.4
TL 1790357337.861 318.6 2.8
TL 1790357337.961 416.2 142.2
TL 1790357338.061 507.2 2.4
TL 1790357338.161 344.0 2.3
TL 1790357338.262 483.5 2.7
TL 1790357338.362 205.5 2.5
TL 1790357338.462 373.2 1.7
TL 1790357338.562 565.8 2.0
TL 1790357338.662 419.1 2.4
TL 1790357338.762 266.9 1.9
TL 1790357338.863 364.8 2.0
TL 1790357338.963 295.2 3.2
TL 1790357339.064 1142.5 2.4
TL 1790357339.164 568.9 2.8
TL 1790357339.264 263.9 2.4
TL 1790357339.364 531.2 1.8
TL 1790357339.464 485.7 1.8
TL 1790357339.564 363.7 2.6
TL 1790357339.664 291.0 2.6
TL 1790357339.765 617.4 3.0
TL 1790357339.864 292.3 1.9
TL 1790357339.965 364.2 2.3
TL 1790357340.065 413.5 4.4
TL 1790357340.165 437.2 2.1
TL 1790357340.265 588.5 2.7
TL 1790357340.365 234.3 2.7
TL 1790357340.466 554.6 2.6
TL 1790357340.566 806.4 2.0
TL 1790357340.665 208.2 2.2
TL 1790357340.766 595.4 2.1
TL 1790357340.866 283.7 2.9
TL 1790357340.966 816.5 2.0
TL 1790357341.066 394.1 2.7
TL 1790357341.167 301.1 2.6
TL 1790357341.267 455.7 2.7
TL 1790357341.367 442.2 2.8
TL 1790357341.468 498.9 2.2
TL 1790357341.568 349.5 2.5
TL 1790357341.668 512.4 2.6
TL 1790357341.768 289.2 3.5
TL 1790357341.869 405.3 1.5
TL 1790357341.969 433.0 3.1
TL 1790357342.069 255.1 2.8
TL 1790357342.169 381.9 3.0
TL 1790357342.269 327.7 2.1
TL 1790357342.369 289.4 3.0
TL 1790357342.470 139.4 2.5
TL 1790357342.570 422.4 2.2
TL 1790357342.670 336.7 2.3
TL 1790357342.770 256.1 3.0
TL 1790357342.871 299.5 2.0
TL 1790357342.971 292.6 3.5
TL 1790357343.071 282.7 2.4
TL 1790357343.171 210.5 2.4
TL 1790357343.272 380.2 3.7
TL 1790357343.372 607.2 2.2
TL 1790357343.472 482.0 2.1
TL 1790357343.572 338.6 2.1
TL 1790357343.672 464.4 3.2
TL 1790357343.772 281.1 2.0
TL 1790357343.873 361.9 2.0
TL 1790357343.973 655.1 2.9
TL 1790357344.073 330.8 3.4
TL 1790357344.173 318.3 2.0
TL 1790357344.273 484.8 3.1
TL 1790357344.374 382.6 3.2
TL 1790357344.474 651.6 3.2
TL 1790357344.574 359.6 3.0
TL 1790357344.674 397.6 2.8
TL 1790357344.775 506.4 3.0
TL 1790357344.875 244.0 2.4
TL 1790357344.975 503.2 3.1
TL 1790357345.075 213.6 2.0
TL 1790357345.175 205.4 2.3
TL 1790357345.275 319.7 2.4
TL 1790357345.375 288.4 2.7
TL 1790357345.475 134.5 2.2
TL 1790357345.576 226.8 2.6
TL 1790357345.676 285.7 2.3
TL 1790357345.776 414.7 3.4
TL 1790357345.876 411.7 1.1
TL 1790357345.976 432.5 3.5
TL 1790357346.076 316.1 1.5
TL 1790357346.177 431.8 3.2
TL 1790357346.277 318.6 2.3
TL 1790357346.377 347.9 3.6
TL 1790357346.477 349.7 2.1
TL 1790357346.578 370.1 3.1
TL 1790357346.678 323.5 4.3
TL 1790357346.778 204.5 3.2
TL 1790357346.878 257.5 2.0
TL 1790357346.978 239.8 1.9
TL 1790357347.078 445.5 3.6
TL 1790357347.178 281.8 2.8
TL 1790357347.279 369.6 2.2
TL 1790357347.379 192.6 3.7
TL 1790357347.479 241.8 2.0
TL 1790357347.579 143.7 2.9
TL 1790357347.679 316.0 1.9
TL 1790357347.779 421.0 2.8
TL 1790357347.879 242.3 1.3
TL 1790357347.979 178.2 1.8
TL 1790357348.080 339.9 2.5
TL 1790357348.180 394.1 4.4
TL 1790357348.280 525.3 2.3
TL 1790357348.380 422.7 4.5
TL 1790357348.481 549.3 2.2
TL 1790357348.581 320.9 3.6
TL 1790357348.681 329.0 2.6
TL 1790357348.781 364.9 3.2
TL 1790357348.881 224.4 1.3
TL 1790357348.982 270.7 2.7
TL 1790357349.082 397.4 3.1
TL 1790357349.182 210.6 2.0
TL 1790357349.282 558.9 3.8
TL 1790357349.382 410.8 3.6
TL 1790357349.482 226.6 1.9
TL 1790357349.583 371.8 1.8
TL 1790357349.683 245.3 2.0
TL 1790357349.783 336.5 2.4
TL 1790357349.883 150.2 1.2
TL 1790357349.984 289.3 2.0
TL 1790357350.084 234.1 1.7
TL 1790357350.184 244.4 2.5
TL 1790357350.284 341.4 2.2
TL 1790357350.384 263.8 2.1
TL 1790357350.485 312.0 2.7
TL 1790357350.585 336.1 1.9
TL 1790357350.685 252.4 2.2
TL 1790357350.785 213.4 3.2
TL 1790357350.886 381.9 4.1
TL 1790357350.986 353.3 3.1
TL 1790357351.086 293.8 2.2
TL 1790357351.187 368.0 3.7
TL 1790357351.287 571.2 3.2
TL 1790357351.387 459.2 3.6
TL 1790357351.487 294.1 2.2
TL 1790357351.587 240.7 3.0
TL 1790357351.688 271.6 2.2
TL 1790357351.788 313.3 2.2
TL 1790357351.888 368.6 2.2
TL 1790357351.988 411.9 2.8
TL 1790357352.088 401.9 2.7
TL 1790357352.189 277.6 2.8
TL 1790357352.289 482.9 1.7
TL 1790357352.389 480.9 2.0
TL 1790357352.489 218.9 2.8
TL 1790357352.590 577.8 2.3
TL 1790357352.690 414.9 3.1
TL 1790357352.790 339.7 2.2
TL 1790357352.890 330.0 3.3
TL 1790357352.991 304.1 1.6
TL 1790357353.091 356.3 3.1
TL 1790357353.191 288.2 2.1
TL 1790357353.291 267.4 3.5
TL 1790357353.391 226.1 2.2
TL 1790357353.492 347.2 2.2
TL 1790357353.593 336.1 2.6
TL 1790357353.693 308.1 3.9
TL 1790357353.793 136.9 1.8
TL 1790357353.893 277.4 2.6
TL 1790357353.994 314.6 2.9
TL 1790357354.094 278.0 2.8
TL 1790357354.194 359.6 2.6
TL 1790357354.294 355.5 2.3
TL 1790357354.395 462.9 2.9
TL 1790357354.495 313.6 2.7
TL 1790357354.596 453.6 3.5
TL 1790357354.695 235.2 2.2
TL 1790357354.796 310.6 4.0
TL 1790357354.896 344.6 2.5
TL 1790357354.996 310.9 3.0
TL 1790357355.097 372.2 1.9
TL 1790357355.197 534.5 2.6
TL 1790357355.297 377.1 2.6
TL 1790357355.397 358.2 1.7
TL 1790357355.497 147.8 2.6
TL 1790357355.598 304.1 2.1
TL 1790357355.698 380.5 3.7
TL 1790357355.798 581.5 2.2
TL 1790357355.898 310.3 3.4
TL 1790357355.998 256.0 2.1
TL 1790357356.099 270.8 3.1
TL 1790357356.199 140.7 2.5
TL 1790357356.299 326.3 3.8
TL 1790357356.399 269.9 1.9
TL 1790357356.500 277.9 2.3
TL 1790357356.600 326.1 2.1
TL 1790357356.700 218.0 2.7
TL 1790357356.800 592.3 2.2
TL 1790357356.900 144.4 1.3
TL 1790357357.000 298.1 2.6
TL 1790357357.101 348.9 3.2
TL 1790357357.201 279.8 3.0
TL 1790357357.301 332.0 2.0
TL 1790357357.401 293.7 3.6
TL 1790357357.501 294.1 4.5
TL 1790357357.602 312.8 2.5
TL 1790357357.702 384.1 3.4
TL 1790357357.802 233.1 1.9
TL 1790357357.902 321.7 2.0
TL 1790357358.002 359.2 2.7
TL 1790357358.103 318.5 1.8
TL 1790357358.203 370.6 3.1
TL 1790357358.303 542.1 3.6
TL 1790357358.404 632.3 2.4
TL 1790357358.503 186.9 2.1
TL 1790357358.603 161.6 1.9
TL 1790357358.704 344.3 3.5
TL 1790357358.804 182.2 1.6
TL 1790357358.904 372.8 2.7
TL 1790357359.004 443.1 2.8
TL 1790357359.105 1006.8 2.4
TL 1790357359.204 278.5 2.3
TL 1790357359.305 263.6 2.7
TL 1790357359.405 355.6 2.5
TL 1790357359.505 383.4 3.1
TL 1790357359.605 474.5 3.0
TL 1790357359.705 238.1 2.8
TL 1790357359.805 210.1 2.4
TL 1790357359.906 338.9 4.4
TL 1790357360.006 465.1 3.2
TL 1790357360.108 492.0 2.3
TL 1790357360.208 594.4 3.6
TL 1790357360.308 309.5 2.4
TL 1790357360.408 184.6 2.4
TL 1790357360.508 319.1 3.1
TL 1790357360.609 277.6 2.9
TL 1790357360.711 2184.6 1.1
TL 1790357360.809 234.4 2.2
TL 1790357360.909 514.1 2.6
TL 1790357361.009 452.6 3.0
TL 1790357361.109 308.9 3.0
TL 1790357361.210 357.0 2.4
TL 1790357361.310 232.2 3.0
TL 1790357361.410 293.7 1.7
TL 1790357361.511 572.9 3.4
TL 1790357361.611 198.6 2.0
TL 1790357361.711 322.2 3.0
TL 1790357361.811 294.3 2.7
TL 1790357361.911 354.9 2.9
TL 1790357362.011 334.8 1.6
TL 1790357362.112 422.1 3.0
TL 1790357362.212 274.1 2.0
TL 1790357362.312 314.8 2.2
TL 1790357362.412 288.9 2.0
TL 1790357362.513 335.9 2.3
TL 1790357362.613 539.0 3.2
TL 1790357362.713 335.5 2.2
TL 1790357362.813 173.0 2.8
TL 1790357362.913 150.1 3.4
TL 1790357363.013 346.4 2.7
TL 1790357363.114 276.7 2.2
TL 1790357363.214 368.5 2.2
TL 1790357363.314 417.8 1.7
TL 1790357363.414 164.8 1.4
TL 1790357363.514 384.2 3.0
TL 1790357363.614 173.5 2.8
TL 1790357363.715 361.9 3.4
TL 1790357363.815 315.9 1.9
TL 1790357363.915 298.9 2.9
TL 1790357364.015 153.1 2.3
TL 1790357364.115 442.9 2.4
TL 1790357364.216 341.4 2.1
TL 1790357364.316 424.3 2.0
TL 1790357364.416 352.0 1.7
TL 1790357364.517 401.6 3.1
TL 1790357364.617 417.9 2.0
TL 1790357364.717 365.2 3.1
TL 1790357364.817 283.1 2.3
TL 1790357364.917 520.9 3.5
TL 1790357365.017 331.7 1.7
TL 1790357365.118 416.9 3.0
TL 1790357365.218 306.0 2.2
TL 1790357365.318 270.9 2.5
TL 1790357365.419 448.0 4.0
TL 1790357365.519 147.2 2.3
TL 1790357365.619 304.8 2.2
TL 1790357365.719 267.3 2.3
TL 1790357365.819 409.3 3.7
TL 1790357365.920 297.2 1.8
TL 1790357366.020 507.3 2.1
TL 1790357366.120 339.5 2.0
TL 1790357366.220 407.6 3.2
TL 1790357366.320 297.0 28.4
TL 1790357366.420 454.5 2.8
TL 1790357366.520 139.0 2.1
TL 1790357366.621 467.9 4.0
TL 1790357366.721 211.0 2.3
TL 1790357366.821 345.5 2.7
TL 1790357366.921 203.2 2.3
TL 1790357367.022 683.3 3.5
TL 1790357367.121 150.6 3.0
TL 1790357367.222 347.3 3.2
TL 1790357367.322 350.9 2.2
TL 1790357367.422 231.0 2.0
TL 1790357367.522 320.1 2.0
TL 1790357367.623 357.9 3.0
TL 1790357367.723 219.5 2.4
TL 1790357367.823 175.1 1.4
TL 1790357367.923 354.7 2.9
TL 1790357368.024 664.4 2.7
TL 1790357368.123 308.4 2.0
TL 1790357368.223 277.5 1.9
TL 1790357368.323 241.2 2.0
TL 1790357368.424 217.2 1.6
TL 1790357368.524 323.8 2.4
TL 1790357368.624 310.7 2.8
TL 1790357368.724 391.9 3.9
TL 1790357368.824 157.6 1.9
TL 1790357368.924 350.1 3.3
TL 1790357369.025 273.4 1.4
TL 1790357369.125 379.0 3.3
TL 1790357369.225 390.2 2.4
TL 1790357369.326 487.0 3.1
TL 1790357369.425 167.8 2.3
TL 1790357369.526 276.5 3.0
TL 1790357369.626 334.6 2.1
TL 1790357369.726 398.0 3.0
TL 1790357369.827 292.3 2.7
TL 1790357369.927 428.3 3.2
TL 1790357370.027 206.1 1.9
TL 1790357370.128 674.4 3.4
TL 1790357370.228 411.6 2.5
TL 1790357370.328 210.4 2.8
TL 1790357370.428 317.8 2.3
TL 1790357370.528 318.3 3.2
TL 1790357370.629 303.3 2.5
TL 1790357370.729 103.2 2.8
TL 1790357370.830 305.8 2.0
TL 1790357370.930 335.1 3.1
TL 1790357371.030 369.8 1.7
TL 1790357371.130 329.6 2.9
TL 1790357371.230 382.6 2.0
TL 1790357371.330 221.5 2.9
TL 1790357371.431 326.6 1.7
TL 1790357371.532 430.1 3.7
TL 1790357371.632 362.6 1.9
TL 1790357371.732 432.1 1.9
TL 1790357371.832 324.6 2.2
TL 1790357371.933 394.8 3.1
TL 1790357372.033 223.8 1.9
TL 1790357372.133 376.4 4.1
TL 1790357372.234 443.3 2.3
TL 1790357372.334 404.8 3.4
TL 1790357372.433 139.6 2.6
TL 1790357372.534 337.3 3.8
TL 1790357372.634 154.9 2.3
TL 1790357372.734 492.1 3.7
TL 1790357372.834 226.4 2.3
TL 1790357372.935 264.0 2.1
TL 1790357373.035 201.9 1.8
TL 1790357373.136 555.8 3.4
TL 1790357373.236 454.1 2.4
TL 1790357373.336 328.3 2.9
TL 1790357373.436 506.9 2.6
TL 1790357373.536 410.4 2.9
TL 1790357373.636 420.4 2.1
TL 1790357373.737 474.0 2.8
TL 1790357373.836 160.0 2.7
TL 1790357373.937 329.5 3.4
TL 1790357374.037 222.7 1.6
TL 1790357374.137 491.2 3.3
TL 1790357374.237 196.9 3.3
TL 1790357374.338 399.2 3.8
TL 1790357374.438 231.7 2.2
TL 1790357374.538 717.1 3.0
TL 1790357374.638 327.7 2.0
TL 1790357374.738 537.7 3.3
TL 1790357374.838 326.7 2.3
TL 1790357374.939 353.3 3.2
TL 1790357375.039 312.7 1.8
TL 1790357375.139 399.0 3.6
TL 1790357375.239 430.6 4.5
TL 1790357375.340 326.0 2.1
TL 1790357375.440 527.7 2.3
TL 1790357375.540 348.4 2.2
TL 1790357375.641 582.5 3.6
TL 1790357375.741 237.4 1.9
TL 1790357375.841 268.5 2.3
TL 1790357375.941 268.9 1.8
TL 1790357376.042 434.4 2.8
TL 1790357376.142 186.9 2.8
TL 1790357376.242 538.4 3.4
TL 1790357376.342 384.1 2.7
TL 1790357376.442 327.6 3.1
TL 1790357376.543 290.2 2.6
TL 1790357376.643 320.7 3.5
TL 1790357376.743 152.3 1.8
TL 1790357376.843 144.6 2.1
TL 1790357376.943 320.9 2.7
TL 1790357377.043 257.8 2.8
TL 1790357377.144 314.9 2.0
TL 1790357377.244 597.0 2.9
TL 1790357377.344 505.2 3.0
TL 1790357377.445 358.7 2.7
TL 1790357377.545 300.4 2.5
TL 1790357377.646 281.6 2.4
TL 1790357377.746 389.6 3.0
TL 1790357377.846 270.4 2.1
TL 1790357377.946 413.4 3.5
TL 1790357378.046 344.1 2.1
TL 1790357378.146 442.0 3.4
TL 1790357378.246 265.9 2.3
TL 1790357378.347 338.9 3.5
TL 1790357378.447 601.1 2.4
TL 1790357378.547 258.3 3.0
TL 1790357378.647 339.6 3.0
TL 1790357378.747 296.2 2.3
TL 1790357378.848 240.4 3.4
TL 1790357378.948 396.9 2.3
TL 1790357379.048 271.1 2.0
TL 1790357379.149 284.3 2.1
TL 1790357379.249 335.5 3.1
TL 1790357379.349 298.3 2.8
TL 1790357379.449 375.6 3.2
TL 1790357379.549 323.2 2.9
TL 1790357379.649 392.7 3.5
TL 1790357379.753 2433.3 3.2
TL 1790357379.851 372.8 3.1
TL 1790357379.951 223.5 3.0
TL 1790357380.051 261.5 2.0
TL 1790357380.152 476.0 1.7
TL 1790357380.252 302.0 3.1
TL 1790357380.352 272.7 2.9
TL 1790357380.452 429.9 3.5
TL 1790357380.552 226.3 1.7
TL 1790357380.653 614.9 2.9
TL 1790357380.753 220.8 1.9
TL 1790357380.853 301.4 2.2
TL 1790357380.953 401.3 3.1
TL 1790357381.053 228.0 1.6
TL 1790357381.154 263.9 1.8
TL 1790357381.254 258.9 1.8
TL 1790357381.354 364.5 3.6
TL 1790357381.454 234.3 2.4
TL 1790357381.554 369.1 2.9
TL 1790357381.655 313.6 2.3
TL 1790357381.755 434.7 4.3
TL 1790357381.855 361.6 2.6
TL 1790357381.956 597.0 3.1
TL 1790357382.056 388.0 2.1
TL 1790357382.156 522.6 1.8
TL 1790357382.256 433.3 2.3
TL 1790357382.356 184.6 2.0
TL 1790357382.456 363.9 1.8
TL 1790357382.556 375.0 2.6
TL 1790357382.656 288.8 2.7
TL 1790357382.757 312.8 2.0
TL 1790357382.857 287.4 2.8
TL 1790357382.957 269.4 1.9
TL 1790357383.058 572.2 3.3
TL 1790357383.158 364.1 2.1
TL 1790357383.258 527.6 4.0
TL 1790357383.358 227.5 2.1
TL 1790357383.459 397.7 3.6
TL 1790357383.559 159.6 1.7
TL 1790357383.659 520.1 3.2
TL 1790357383.759 211.4 2.3
TL 1790357383.860 636.6 2.2
TL 1790357383.960 263.9 2.6
TL 1790357384.060 311.4 1.8
TL 1790357384.160 367.0 2.1
TL 1790357384.260 350.4 2.9
TL 1790357384.360 231.6 2.4
TL 1790357384.460 144.3 3.0
TL 1790357384.561 219.4 2.2
TL 1790357384.661 269.6 2.8
TL 1790357384.761 354.3 2.7
TL 1790357384.861 273.3 2.6
TL 1790357384.961 440.8 1.9
TL 1790357385.062 372.7 1.5
TL 1790357385.162 195.4 2.9
TL 1790357385.262 240.4 1.9
TL 1790357385.363 314.6 3.3
TL 1790357385.463 429.1 3.8
TL 1790357385.563 210.1 2.6
TL 1790357385.663 310.3 1.9
TL 1790357385.763 336.9 3.2
TL 1790357385.863 314.2 2.3
TL 1790357385.963 244.5 2.1
TL 1790357386.064 455.9 1.8
TL 1790357386.164 299.9 2.1
TL 1790357386.264 378.8 3.0
TL 1790357386.364 174.5 3.0
TL 1790357386.464 259.7 3.9
TL 1790357386.565 331.3 1.9
TL 1790357386.665 202.7 2.3
TL 1790357386.765 312.4 2.1
TL 1790357386.865 244.2 2.6
TL 1790357386.965 374.6 2.4
TL 1790357387.065 286.1 2.6
TL 1790357387.166 279.5 1.6
TL 1790357387.266 539.8 2.7
TL 1790357387.366 312.3 3.1
TL 1790357387.466 182.0 2.6
TL 1790357387.566 479.1 2.9
TL 1790357387.666 273.1 2.3
TL 1790357387.767 469.2 2.6
TL 1790357387.867 233.9 2.1
TL 1790357387.967 433.3 3.7
TL 1790357388.067 194.7 1.9
TL 1790357388.169 1771.2 2.7
TL 1790357388.267 184.1 3.1
TL 1790357388.368 429.5 2.6
TL 1790357388.468 580.8 2.5
TL 1790357388.568 230.6 2.1
TL 1790357388.668 316.7 1.8
TL 1790357388.768 516.5 3.1
TL 1790357388.868 389.1 2.3
TL 1790357388.969 222.7 1.8
TL 1790357389.069 277.6 2.3
TL 1790357389.169 316.0 2.8
TL 1790357389.269 299.6 1.8
TL 1790357389.370 519.6 2.7
TL 1790357389.470 316.1 3.8
TL 1790357389.570 352.0 2.9
TL 1790357389.670 263.6 2.6
TL 1790357389.770 420.6 3.0
TL 1790357389.870 236.8 3.0
TL 1790357389.971 518.2 2.8
TL 1790357390.071 432.1 2.7
TL 1790357390.171 222.3 2.7
TL 1790357390.271 242.9 1.8
TL 1790357390.371 333.2 2.2
TL 1790357390.471 225.1 2.5
TL 1790357390.572 420.2 2.2
TL 1790357390.672 242.3 2.2
TL 1790357390.772 358.8 3.1
TL 1790357390.872 326.3 2.0
TL 1790357390.972 571.4 2.7
TL 1790357391.073 310.7 1.5
TL 1790357391.173 234.2 2.0
TL 1790357391.273 364.0 2.6
TL 1790357391.374 598.3 3.1
TL 1790357391.474 317.6 1.9
TL 1790357391.575 330.0 2.9
TL 1790357391.675 460.6 2.9
TL 1790357391.775 403.4 3.2
TL 1790357391.876 283.7 2.3
TL 1790357391.976 260.9 2.7
TL 1790357392.076 369.3 1.8
TL 1790357392.176 328.8 2.9
TL 1790357392.279 2068.3 2.6
TL 1790357392.377 222.3 3.1
TL 1790357392.478 268.6 2.4
TL 1790357392.578 291.5 1.8
TL 1790357392.678 277.8 3.1
TL 1790357392.778 162.8 2.5
TL 1790357392.878 350.8 2.2
TL 1790357392.978 182.8 3.9
TL 1790357393.079 699.7 2.7
TL 1790357393.179 177.6 2.5
TL 1790357393.279 404.8 3.2
TL 1790357393.379 292.4 2.0
TL 1790357393.479 318.1 3.7
TL 1790357393.580 409.7 3.0
TL 1790357393.680 354.8 5.5
TL 1790357393.781 407.2 3.5
TL 1790357393.881 269.3 2.0
TL 1790357393.981 238.8 3.0
TL 1790357394.081 344.8 2.7
TL 1790357394.181 280.0 2.6
TL 1790357394.282 354.2 3.6
TL 1790357394.382 289.5 2.9
TL 1790357394.482 255.9 3.2
TL 1790357394.582 178.0 3.1
TL 1790357394.683 525.8 2.7
TL 1790357394.785 267.4 2.4
TL 1790357394.885 595.1 3.9
TL 1790357394.985 272.3 1.8
TL 1790357395.086 351.8 2.2
TL 1790357395.185 176.8 1.8
TL 1790357395.286 383.4 2.9
TL 1790357395.386 375.2 2.0
TL 1790357395.486 391.1 3.5
TL 1790357395.586 215.4 1.9
TL 1790357395.687 497.2 3.1
TL 1790357395.787 388.1 2.3
TL 1790357395.887 298.1 2.3
TL 1790357395.987 291.4 2.4
TL 1790357396.087 281.0 1.0
TL 1790357396.187 360.6 3.7
TL 1790357396.287 293.1 3.4
TL 1790357396.388 436.8 2.1
TL 1790357396.488 422.4 2.3
TL 1790357396.588 386.6 3.0
TL 1790357396.688 361.7 3.1
TL 1790357396.789 479.5 3.0
TL 1790357396.889 575.9 3.5
TL 1790357396.989 567.1 3.1
TL 1790357397.089 593.3 2.2
TL 1790357397.189 226.6 2.5
TL 1790357397.289 332.7 2.8
TL 1790357397.389 304.7 2.9
TL 1790357397.490 471.5 3.9
TL 1790357397.590 339.3 2.4
TL 1790357397.690 281.9 2.9
TL 1790357397.791 1170.8 2.0
TL 1790357397.890 338.2 2.5
TL 1790357397.991 892.4 3.2
TL 1790357398.090 192.9 1.5
TL 1790357398.190 291.1 3.2
TL 1790357398.291 179.9 2.2
TL 1790357398.391 315.1 3.4
TL 1790357398.491 303.5 2.0
TL 1790357398.591 541.9 3.3
TL 1790357398.691 274.9 3.7
TL 1790357398.791 321.4 3.8
TL 1790357398.891 211.4 3.6
TL 1790357398.992 268.1 2.3
TL 1790357399.092 301.9 2.4
TL 1790357399.192 552.0 2.7
TL 1790357399.292 487.2 3.7
TL 1790357399.393 502.1 2.4
TL 1790357399.493 289.5 3.9
TL 1790357399.593 427.3 3.0
TL 1790357399.693 295.9 3.1
TL 1790357399.793 278.9 2.6
TL 1790357399.893 256.3 2.3
TL 1790357399.994 753.0 2.7
TL 1790357400.094 201.9 1.8
TL 1790357400.194 514.5 3.0
TL 1790357400.294 362.8 2.8
TL 1790357400.394 244.7 1.9
TL 1790357400.495 475.3 3.5
TL 1790357400.595 183.0 1.9
TL 1790357400.695 326.8 1.0
TL 1790357400.795 266.5 2.5
TL 1790357400.897 1541.0 3.1
TL 1790357400.995 285.9 2.1
TL 1790357401.096 257.5 2.7
TL 1790357401.196 407.7 2.0
TL 1790357401.296 267.8 2.9
TL 1790357401.397 276.7 2.0
TL 1790357401.497 264.0 3.6
TL 1790357401.597 413.7 3.0
TL 1790357401.698 372.3 3.5
TL 1790357401.799 847.4 2.7
TL 1790357401.898 365.6 2.0
TL 1790357401.999 234.1 2.1
TL 1790357402.099 569.9 1.6
TL 1790357402.199 494.5 3.4
TL 1790357402.299 322.9 2.3
TL 1790357402.399 300.2 3.0
TL 1790357402.500 368.9 2.3
TL 1790357402.600 342.0 4.0
TL 1790357402.700 267.7 2.1
TL 1790357402.801 1051.5 2.8
TL 1790357402.901 371.4 2.6
TL 1790357403.001 504.1 3.6
TL 1790357403.101 231.7 1.8
TL 1790357403.201 429.5 4.2
TL 1790357403.302 324.6 2.4
TL 1790357403.402 372.3 3.1
TL 1790357403.502 290.0 2.1
TL 1790357403.602 302.4 3.7
TL 1790357403.702 308.2 2.2
TL 1790357403.802 233.5 2.7
TL 1790357403.903 341.1 2.3
TL 1790357404.003 297.5 3.5
TL 1790357404.103 250.7 1.9
TL 1790357404.203 269.5 3.2
TL 1790357404.303 356.8 2.8
TL 1790357404.404 414.6 2.8
TL 1790357404.504 498.3 2.6
TL 1790357404.604 259.6 2.1
TL 1790357404.704 381.6 2.5
TL 1790357404.804 302.2 2.1
TL 1790357404.905 494.2 2.6
TL 1790357405.005 341.1 2.7
TL 1790357405.105 206.0 0.8
TL 1790357405.205 223.3 1.9
TL 1790357405.305 283.0 2.5
TL 1790357405.406 330.3 2.3
TL 1790357405.506 229.5 2.3
TL 1790357405.606 318.1 2.4
TL 1790357405.706 275.3 3.1
TL 1790357405.806 144.9 2.7
TL 1790357405.906 316.4 2.4
TL 1790357406.006 169.2 3.0
TL 1790357406.107 208.4 1.2
TL 1790357406.207 165.3 2.8
TL 1790357406.307 319.2 3.7
TL 1790357406.407 347.8 2.6
TL 1790357406.507 247.8 2.9
TL 1790357406.608 274.2 2.4
TL 1790357406.708 358.9 3.8
TL 1790357406.808 328.2 1.9
TL 1790357406.909 344.7 3.5
TL 1790357407.009 212.2 3.0
TL 1790357407.109 294.8 1.9
TL 1790357407.209 206.3 1.8
TL 1790357407.309 339.4 3.1
TL 1790357407.409 291.5 2.3
TL 1790357407.510 352.2 2.1
TL 1790357407.609 159.2 2.5
TL 1790357407.710 412.6 2.6
TL 1790357407.810 191.7 2.1
TL 1790357407.910 380.6 2.6
TL 1790357408.011 308.9 2.3
TL 1790357408.111 319.4 2.0
TL 1790357408.211 467.5 4.4
TL 1790357408.311 182.6 1.7
TL 1790357408.411 346.3 3.4
TL 1790357408.511 273.2 2.2
TL 1790357408.612 400.7 2.2
TL 1790357408.712 260.4 2.2
TL 1790357408.812 459.8 2.9
TL 1790357408.912 376.1 2.6
TL 1790357409.013 569.8 2.9
TL 1790357409.113 417.6 2.4
TL 1790357409.213 405.9 2.9
TL 1790357409.313 500.3 2.2
TL 1790357409.413 252.2 3.0
TL 1790357409.514 466.6 2.7
TL 1790357409.614 367.5 2.8
TL 1790357409.714 305.1 2.6
TL 1790357409.814 157.6 2.4
TL 1790357409.914 213.0 2.3
TL 1790357410.014 245.5 2.9
TL 1790357410.114 409.8 2.1
TL 1790357410.215 564.7 2.4
TL 1790357410.315 185.5 2.2
TL 1790357410.415 363.3 2.8
TL 1790357410.515 308.6 2.1
TL 1790357410.615 497.6 3.4
TL 1790357410.715 147.1 1.5
TL 1790357410.816 366.6 2.6
TL 1790357410.916 558.6 2.3
TL 1790357411.016 224.6 2.9
TL 1790357411.116 306.2 2.2
TL 1790357411.216 367.9 3.5
TL 1790357411.317 357.2 1.8
TL 1790357411.417 312.7 3.1
TL 1790357411.517 296.4 2.2
TL 1790357411.617 215.1 2.9
TL 1790357411.717 304.2 1.9
TL 1790357411.817 437.4 3.2
TL 1790357411.918 315.6 2.3
TL 1790357412.018 222.3 2.7
TL 1790357412.118 324.6 2.7
TL 1790357412.218 399.1 2.7
TL 1790357412.318 275.7 2.8
TL 1790357412.418 470.6 3.5
TL 1790357412.519 944.8 1.8
TL 1790357412.618 245.4 3.2
TL 1790357412.719 284.1 1.9
TL 1790357412.819 225.1 2.8
TL 1790357412.919 584.3 2.0
TL 1790357413.019 262.1 2.2
TL 1790357413.119 151.6 1.9
TL 1790357413.219 311.7 2.9
TL 1790357413.320 317.8 2.3
TL 1790357413.420 479.8 2.3
TL 1790357413.520 403.3 2.6
TL 1790357413.621 752.9 2.9
TL 1790357413.720 241.5 2.7
TL 1790357413.821 451.8 2.9
TL 1790357413.920 141.1 2.2
TL 1790357414.021 419.5 3.3
TL 1790357414.121 251.5 2.7
TL 1790357414.221 438.6 2.7
TL 1790357414.321 135.5 2.3
TL 1790357414.421 382.1 4.4
TL 1790357414.521 360.8 2.9
TL 1790357414.622 366.6 3.4
TL 1790357414.722 157.7 3.0
TL 1790357414.822 418.0 3.5
TL 1790357414.922 304.4 2.6
TL 1790357415.022 173.2 1.9
TL 1790357415.122 100.1 2.2
TL 1790357415.222 227.7 1.8
TL 1790357415.322 190.0 2.1
TL 1790357415.423 486.8 3.5
TL 1790357415.523 366.8 2.1
TL 1790357415.623 342.4 4.2
TL 1790357415.723 230.0 1.9
TL 1790357415.824 531.2 3.9
TL 1790357415.924 395.0 3.3
TL 1790357416.025 1233.7 3.0
TL 1790357416.125 1331.6 2.3
TL 1790357416.225 628.5 3.4
TL 1790357416.325 331.5 2.5
TL 1790357416.425 224.9 2.1
TL 1790357416.526 1161.6 3.7
TL 1790357416.626 563.6 3.0
TL 1790357416.726 361.8 35.5
TL 1790357416.826 337.1 3.4
TL 1790357416.926 192.1 2.6
TL 1790357417.026 386.2 2.8
TL 1790357417.126 392.2 3.4
TL 1790357417.226 263.4 3.2
TL 1790357417.327 194.9 2.8
TL 1790357417.427 369.4 3.0
TL 1790357417.527 637.2 3.1
TL 1790357417.627 173.5 1.9
TL 1790357417.727 382.2 2.2
TL 1790357417.827 249.5 2.3
TL 1790357417.928 365.2 1.9
TL 1790357418.028 343.9 2.9
TL 1790357418.128 387.8 2.9
TL 1790357418.228 172.6 2.0
TL 1790357418.329 263.0 1.9
TL 1790357418.429 196.1 2.7
TL 1790357418.529 368.7 2.6
TL 1790357418.629 262.8 2.9
TL 1790357418.729 390.9 2.7
TL 1790357418.830 277.4 4.6
TL 1790357418.930 370.8 2.2
TL 1790357419.031 593.9 3.1
TL 1790357419.131 276.0 2.9
TL 1790357419.231 462.5 2.8
TL 1790357419.331 159.4 2.0
TL 1790357419.432 819.5 1.9
TL 1790357419.532 249.5 1.9
TL 1790357419.633 388.5 3.1
TL 1790357419.733 178.8 2.9
TL 1790357419.833 430.3 3.0
TL 1790357419.933 261.5 2.3
TL 1790357420.034 415.4 3.9
TL 1790357420.134 330.3 2.6
TL 1790357420.234 352.2 3.1
TL 1790357420.334 299.7 3.7
TL 1790357420.434 447.8 4.4
TL 1790357420.534 225.6 2.2
TL 1790357420.635 414.0 3.9
TL 1790357420.735 273.1 2.1
TL 1790357420.835 290.6 2.0
TL 1790357420.935 356.6 3.2
TL 1790357421.036 335.9 2.3
TL 1790357421.136 345.1 3.0
TL 1790357421.236 241.1 2.1
TL 1790357421.336 322.3 2.2
TL 1790357421.436 301.7 3.2
TL 1790357421.537 320.3 3.1
TL 1790357421.637 201.6 2.3
TL 1790357421.737 370.8 2.4
TL 1790357421.837 160.4 2.9
TL 1790357421.937 356.0 3.2
TL 1790357422.037 450.2 1.8
TL 1790357422.138 355.9 3.2
TL 1790357422.238 320.6 2.2
TL 1790357422.338 584.6 3.2
TL 1790357422.438 422.1 2.3
TL 1790357422.538 332.0 3.7
TL 1790357422.639 281.8 3.1
TL 1790357422.739 411.5 2.8
TL 1790357422.839 299.2 1.8
TL 1790357422.939 274.4 3.8
TL 1790357423.039 557.2 2.7
TL 1790357423.140 369.0 3.4
TL 1790357423.240 279.4 2.4
TL 1790357423.340 324.4 2.3
TL 1790357423.440 489.9 3.0
TL 1790357423.540 360.2 2.0
TL 1790357423.640 315.8 2.6
TL 1790357423.741 373.4 2.7
TL 1790357423.841 260.7 2.8
TL 1790357423.941 342.4 3.2
TL 1790357424.041 510.7 3.7
TL 1790357424.141 348.2 2.5
TL 1790357424.242 595.1 3.6
TL 1790357424.342 356.7 2.9
TL 1790357424.442 293.3 3.4
TL 1790357424.543 383.2 2.0
TL 1790357424.643 226.0 3.2
TL 1790357424.743 301.2 2.2
TL 1790357424.843 305.6 2.0
TL 1790357424.943 172.0 2.2
TL 1790357425.044 388.1 3.2
TL 1790357425.144 181.4 2.2
TL 1790357425.244 262.2 2.2
TL 1790357425.344 442.0 2.4
TL 1790357425.444 389.1 3.6
TL 1790357425.545 410.2 2.2
TL 1790357425.645 180.4 2.0
TL 1790357425.745 141.1 2.4
TL 1790357425.845 299.5 2.8
TL 1790357425.945 269.2 1.9
TL 1790357426.046 426.8 3.1
TL 1790357426.146 444.7 2.4
TL 1790357426.246 271.6 2.6
TL 1790357426.346 275.9 2.9
TL 1790357426.446 359.1 3.2
TL 1790357426.547 344.9 63.9
TL 1790357426.647 425.3 3.0
TL 1790357426.747 762.8 2.8
TL 1790357426.847 167.3 2.3
TL 1790357426.947 450.2 2.1
TL 1790357427.047 279.8 3.6
TL 1790357427.149 692.6 2.3
TL 1790357427.249 324.1 3.8
TL 1790357427.349 260.0 1.9
TL 1790357427.449 390.9 3.2
TL 1790357427.549 433.0 3.4
TL 1790357427.650 621.4 3.3
TL 1790357427.750 492.9 3.1
TL 1790357427.850 241.4 2.1
TL 1790357427.950 319.5 3.1
TL 1790357428.050 503.2 3.0
TL 1790357428.151 646.7 3.0
TL 1790357428.251 374.9 3.2
TL 1790357428.351 246.9 2.7
TL 1790357428.451 389.5 2.8
TL 1790357428.552 727.1 2.7
TL 1790357428.652 292.8 2.9
TL 1790357428.752 324.6 2.4
TL 1790357428.852 282.3 3.1
TL 1790357428.952 174.6 3.4
TL 1790357429.053 377.0 3.1
TL 1790357429.153 371.8 1.9
TL 1790357429.253 112.9 2.1
TL 1790357429.353 145.2 2.0
