0001 014a 00000001
0001 0145 00000001
0003 0039 000048c2
0003 0035 0001655f
0003 0036 00025023
0000 0000 00000000
0003 0035 00016433
0003 0036 00024f81
0000 0000 00000000
0003 0035 0001619d
0003 0036 00024e55
0000 0000 00000000
0003 0035 00015fe7
0003 0036 00024dbf
0000 0000 00000000
0003 0035 00015e25
0003 0036 00024d35
0000 0000 00000000
0003 0035 00015c4a
0003 0036 00024cb8
0000 0000 00000000
0003 0035 000159d9
0003 0036 00024c16
0000 0000 00000000
0003 0035 00015711
0003 0036 00024b73
0000 0000 00000000
0003 0035 00015493
0003 0036 00024ab8
0000 0000 00000000
0003 0035 0001522f
0003 0036 000249f0
0000 0000 00000000
0003 0035 00014f5a
0003 0036 0002490f
0000 0000 00000000
0003 0035 00014bd6
0003 0036 00024808
0000 0000 00000000
0003 0035 00014884
0003 0036 000246e9
0000 0000 00000000
0003 0035 000145ed
0003 0036 00024608
0000 0000 00000000
0003 0035 00014395
0003 0036 00024533
0000 0000 00000000
0003 0035 0001414a
0003 0036 00024452
0000 0000 00000000
0003 0035 00013f49
0003 0036 00024397
0000 0000 00000000
0003 0035 00013d49
0003 0036 000242db
0000 0000 00000000
0003 0035 00013b48
0003 0036 00024213
0000 0000 00000000
0003 0035 00013986
0003 0036 00024158
0000 0000 00000000
0003 0035 000137dd
0003 0036 000240a9
0000 0000 00000000
0003 0035 00013673
0003 0036 0002401f
0000 0000 00000000
0003 0035 0001352e
0003 0036 00023fa2
0000 0000 00000000
0003 0035 0001340e
0003 0036 00023f32
0000 0000 00000000
0003 0035 000132bd
0003 0036 00023ece
0000 0000 00000000
0003 0035 00013146
0003 0036 00023e51
0000 0000 00000000
0003 0035 00013001
0003 0036 00023dd4
0000 0000 00000000
0003 0035 00012ed5
0003 0036 00023d70
0000 0000 00000000
0003 0035 00012e00
0003 0036 00023d25
0000 0000 00000000
0003 0035 00012d13
0003 0036 00023cc1
0000 0000 00000000
0003 0035 00012c89
0003 0036 00023c82
0000 0000 00000000
0003 0035 00012bf3
0003 0036 00023c5d
0000 0000 00000000
0003 0035 00012b5d
0003 0036 00023c2b
0000 0000 00000000
0003 0035 00012ac7
0003 0036 00023bd3
0000 0000 00000000
0003 0035 00012a70
0003 0036 00023b88
0000 0000 00000000
0003 0035 00012a18
0003 0036 00023b4a
0000 0000 00000000
0003 0035 00012982
0003 0036 00023aff
0000 0000 00000000
0003 0035 00012905
0003 0036 00023ac0
0000 0000 00000000
0003 0035 0001287c
0003 0036 00023a9b
0000 0000 00000000
0003 0035 000127d9
0003 0036 00023a69
0000 0000 00000000
0003 0035 00012705
0003 0036 00023a37
0000 0000 00000000
0003 0035 00012617
0003 0036 00023a11
0000 0000 00000000
0003 0035 000124c6
0003 0036 000239df
0000 0000 00000000
0003 0035 000123bf
0000 0000 00000000
0003 0035 00012287
0000 0000 00000000
0003 0035 00012142
0003 0036 000239ec
0000 0000 00000000
0003 0035 00011ffd
0003 0036 00023a05
0000 0000 00000000
0003 0035 00011e86
0003 0036 00023a11
0000 0000 00000000
0003 0035 00011d1b
0003 0036 00023a2a
0000 0000 00000000
0003 0035 00011b72
0003 0036 00023a69
0000 0000 00000000
0003 0035 00011965
0003 0036 00023aa7
0000 0000 00000000
0003 0035 0001170d
0003 0036 00023af2
0000 0000 00000000
0003 0035 00011519
0003 0036 00023b31
0000 0000 00000000
0003 0035 00011389
0003 0036 00023b4a
0000 0000 00000000
0003 0035 00011283
0000 0000 00000000
0003 0035 00011195
0000 0000 00000000
0003 0035 000110f3
0003 0036 00023b3d
0000 0000 00000000
0003 0035 000110a8
0003 0036 00023b31
0000 0000 00000000
0003 0035 00011012
0003 0036 00023b18
0000 0000 00000000
0003 0035 00010f6f
0003 0036 00023ae6
0000 0000 00000000
0003 0035 00010e82
0003 0036 00023aa7
0000 0000 00000000
0003 0035 00010d49
0003 0036 00023a69
0000 0000 00000000
0003 0035 00010b3c
0003 0036 00023a43
0000 0000 00000000
0003 0035 0001090a
0003 0036 00023a50
0000 0000 00000000
0003 0035 000106a5
0003 0036 00023a75
0000 0000 00000000
0003 0035 00010466
0003 0036 00023a9b
0000 0000 00000000
0003 0035 0001020e
0003 0036 00023ae6
0000 0000 00000000
0003 0035 0000ffe8
0003 0036 00023b18
0000 0000 00000000
0003 0035 0000fdf4
0003 0036 00023b6f
0000 0000 00000000
0003 0035 0000fc4b
0003 0036 00023bd3
0000 0000 00000000
0003 0035 0000fb1f
0003 0036 00023c1e
0000 0000 00000000
0003 0035 0000f96a
0003 0036 00023c5d
0000 0000 00000000
0003 0035 0000f7cd
0003 0036 00023c76
0000 0000 00000000
0003 0035 0000f695
0003 0036 00023ca8
0000 0000 00000000
0003 0035 0000f550
0003 0036 00023cda
0000 0000 00000000
0003 0035 0000f417
0003 0036 00023cf3
0000 0000 00000000
0003 0035 0000f2a0
0003 0036 00023d18
0000 0000 00000000
0003 0035 0000f0f7
0003 0036 00023d57
0000 0000 00000000
0003 0035 0000eeea
0003 0036 00023dbb
0000 0000 00000000
0003 0035 0000ec92
0003 0036 00023e38
0000 0000 00000000
0003 0035 0000ea08
0003 0036 00023eda
0000 0000 00000000
0003 0035 0000e765
0003 0036 00023f89
0000 0000 00000000
0003 0035 0000e4a9
0003 0036 00024045
0000 0000 00000000
0003 0035 0000e25e
0003 0036 000240db
0000 0000 00000000
0003 0035 0000e02b
0003 0036 00024171
0000 0000 00000000
0003 0035 0000de5d
0003 0036 000241ee
0000 0000 00000000
0003 0035 0000dd24
0003 0036 00024252
0000 0000 00000000
0003 0035 0000dcc0
0003 0036 0002426b
0000 0000 00000000
0003 0035 0000dc11
0003 0036 00024284
0000 0000 00000000
0003 0035 0000dbc6
0003 0036 00024290
0000 0000 00000000
0003 0035 0000db62
0003 0036 0002429d
0000 0000 00000000
0003 0035 0000dad9
0003 0036 000242b6
0000 0000 00000000
0003 0035 0000da75
0003 0036 000242a9
0000 0000 00000000
0003 0035 0000d987
0003 0036 0002429d
0000 0000 00000000
0003 0035 0000d8bf
0003 0036 00024290
0000 0000 00000000
0003 0035 0000d7de
0003 0036 00024284
0000 0000 00000000
0003 0035 0000d6a6
0003 0036 0002429d
0000 0000 00000000
0003 0035 0000d5de
0003 0036 000242cf
0000 0000 00000000
0003 0035 0000d4f0
0003 0036 00024301
0000 0000 00000000
0003 0035 0000d428
0003 0036 00024333
0000 0000 00000000
0003 0035 0000d392
0003 0036 00024358
0000 0000 00000000
0003 0039 ffffffff
0001 014a 00000000
0001 0145 00000000
0000 0000 00000000
0001 014a 00000001
0001 0145 00000001
0003 0039 000048c3
0003 0035 000117a3
0003 0036 00022bdc
0000 0000 00000000
0003 0039 ffffffff
0001 014a 00000000
0001 0145 00000000
0000 0000 00000000
0001 014a 00000001
0001 0145 00000001
0003 0039 000048c4
0003 0035 00015e70
0003 0036 0002a2b5
0000 0000 00000000
0003 0039 ffffffff
0001 014a 00000000
0001 0145 00000000
0000 0000 00000000
0001 014a 00000001
0001 0145 00000001
0003 0039 000048c5
0003 0035 0001bd37
0003 0036 0003e4d3
0000 0000 00000000
0003 0039 ffffffff
0001 014a 00000000
0001 0145 00000000
0000 0000 00000000
0001 014a 00000001
0001 0145 00000001
0003 0039 000048c6
0003 0035 00007681
0003 0036 0002e487
0000 0000 00000000
0003 0039 ffffffff
0001 014a 00000000
0001 0145 00000000
0000 0000 00000000
0001 014a 00000001
0001 0145 00000001
0003 0039 000048c7
0003 0035 00006fc4
0003 0036 0002e905
0000 0000 00000000
0003 0039 ffffffff
0001 014a 00000000
0001 0145 00000000
0000 0000 00000000
0001 014a 00000001
0001 0145 00000001
0003 0039 000048c8
0003 0035 00003507
0003 0036 00026610
0000 0000 00000000
0003 0039 ffffffff
0001 014a 00000000
0001 0145 00000000
0000 0000 00000000
0001 014a 00000001
0001 0145 00000001
0003 0039 000048c9
0003 0035 00004ecf
0003 0036 00029c36
0000 0000 00000000
0003 0039 ffffffff
0001 014a 00000000
0001 0145 00000000
0000 0000 00000000
0001 014a 00000001
0001 0145 00000001
0003 0039 000048ca
0003 0035 0001339e
0003 0036 000336c1
0000 0000 00000000
0003 0039 ffffffff
0001 014a 00000000
0001 0145 00000000
0000 0000 00000000
0001 014a 00000001
0001 0145 00000001
0003 0039 000048cb
0003 0035 0001a2a7
0003 0036 00037398
0000 0000 00000000
0003 0039 ffffffff
0001 014a 00000000
0001 0145 00000000
0000 0000 00000000
0001 014a 00000001
0001 0145 00000001
0003 0039 000048cc
0003 0035 000026b8
0003 0036 000269eb
0000 0000 00000000
0003 0039 ffffffff
0001 014a 00000000
0001 0145 00000000
0000 0000 00000000
0001 014a 00000001
0001 0145 00000001
0003 0039 000048cd
0003 0035 00005214
0003 0036 0002a364
0000 0000 00000000
0003 0039 ffffffff
0001 014a 00000000
0001 0145 00000000
0000 0000 00000000
0001 014a 00000001
0001 0145 00000001
0003 0039 000048ce
0003 0035 00006a1a
0003 0036 00026309
0000 0000 00000000
0003 0039 ffffffff
0001 014a 00000000
0001 0145 00000000
0000 0000 00000000
0001 014a 00000001
0001 0145 00000001
0003 0039 000048cf
0003 0035 0000511a
0003 0036 00035f93
0000 0000 00000000
0003 0039 ffffffff
0001 014a 00000000
0001 0145 00000000
0000 0000 00000000
0001 014a 00000001
0001 0145 00000001
0003 0039 000048d0
0003 0035 0000655e
0003 0036 00026e69
0000 0000 00000000
0003 0039 ffffffff
0001 014a 00000000
0001 0145 00000000
0000 0000 00000000
0001 014a 00000001
0001 0145 00000001
0003 0039 000048d1
0003 0035 0000d467
0003 0036 000321e7
0000 0000 00000000
0003 0039 ffffffff
0001 014a 00000000
0001 0145 00000000
0000 0000 00000000
0001 014a 00000001
0001 0145 00000001
0003 0039 000048d2
0003 0035 00016fb9
0003 0036 0003996f
0000 0000 00000000
0003 0039 ffffffff
0001 014a 00000000
0001 0145 00000000
0000 0000 00000000
0001 014a 00000001
0001 0145 00000001
0003 0039 000048d3
0003 0035 00016b61
0003 0036 00039b25
0000 0000 00000000
0003 0039 ffffffff
0001 014a 00000000
0001 0145 00000000
0000 0000 00000000
0001 014a 00000001
0001 0145 00000001
0003 0039 000048d4
0003 0035 00016d16
0003 0036 00039b7c
0000 0000 00000000
0003 0039 ffffffff
0001 014a 00000000
0001 0145 00000000
0000 0000 00000000
0001 014a 00000001
0001 0145 00000001
0003 0039 000048d5
0003 0035 00016d0a
0003 0036 00039f4b
0000 0000 00000000
0003 0039 ffffffff
0001 014a 00000000
0001 0145 00000000
0000 0000 00000000
0001 014a 00000001
0001 0145 00000001
0003 0039 000048d6
0003 0035 00016c8d
0003 0036 00039f32
0000 0000 00000000
0003 0039 ffffffff
0001 014a 00000000
0001 0145 00000000
0000 0000 00000000
0001 014a 00000001
0001 0145 00000001
0003 0039 000048d7
0003 0035 00016c42
0003 0036 0003a13f
0000 0000 00000000
0003 0039 ffffffff
0001 014a 00000000
0001 0145 00000000
0000 0000 00000000
0001 014a 00000001
0001 0145 00000001
0003 0039 000048d8
0003 0035 000135e9
0003 0036 00018e31
0000 0000 00000000
0003 0039 ffffffff
0001 014a 00000000
0001 0145 00000000
0000 0000 00000000
0001 014a 00000001
0001 0145 00000001
0003 0039 000048d9
0003 0035 00016f17
0003 0036 0003a17e
0000 0000 00000000
0003 0039 ffffffff
0001 014a 00000000
0001 0145 00000000
0000 0000 00000000
0001 014a 00000001
0001 0145 00000001
0003 0039 000048da
0003 0035 000122b9
0003 0036 000170b3
0000 0000 00000000
0003 0039 ffffffff
0001 014a 00000000
0001 0145 00000000
0000 0000 00000000
0001 014a 00000001
0001 0145 00000001
0003 0039 000048db
0003 0035 000153cb
0003 0036 00015542
0000 0000 00000000
0003 0039 ffffffff
0001 014a 00000000
0001 0145 00000000
0000 0000 00000000
0001 014a 00000001
0001 0145 00000001
0003 0039 000048dc
0003 0035 00015103
0003 0036 00016dde
0000 0000 00000000
0003 0035 00014d34
0003 0036 00016e36
0000 0000 00000000
0003 0035 000148c2
0003 0036 00016e68
0000 0000 00000000
0003 0035 000144f3
0003 0036 00016e9a
0000 0000 00000000
0003 0035 0001416f
0003 0036 00016eb3
0000 0000 00000000
0003 0035 00013df8
0003 0036 00016ebf
0000 0000 00000000
0003 0035 00013acb
0003 0036 00016ef1
0000 0000 00000000
0003 0035 000137d1
0003 0036 00016f0a
0000 0000 00000000
0003 0035 00013553
0003 0036 00016f23
0000 0000 00000000
0003 0035 000133c3
0003 0036 00016f30
0000 0000 00000000
0003 0035 000132fb
0000 0000 00000000
0003 0035 000131e8
0003 0036 00016f3c
0000 0000 00000000
0003 0035 00013178
0003 0036 00016f49
0000 0000 00000000
0003 0035 000130c9
0003 0036 00016f7b
0000 0000 00000000
0003 0035 0001300d
0003 0036 00016fb9
0000 0000 00000000
0003 0035 00012f2c
0003 0036 00016feb
0000 0000 00000000
0003 0035 00012e4b
0003 0036 0001702a
0000 0000 00000000
0003 0035 00012d45
0003 0036 00017068
0000 0000 00000000
0003 0035 00012c32
0003 0036 0001709a
0000 0000 00000000
0003 0035 00012b1f
0003 0036 000170c0
0000 0000 00000000
0003 0035 000129ff
0003 0036 000170e5
0000 0000 00000000
0003 0035 000128f9
0003 0036 000170f2
0000 0000 00000000
0003 0035 0001280b
0003 0036 000170fe
0000 0000 00000000
0003 0035 000127c0
0000 0000 00000000
0003 0035 00012769
0003 0036 000170f2
0000 0000 00000000
0003 0035 00012737
0000 0000 00000000
0003 0035 00012688
0003 0036 000170e5
0000 0000 00000000
0003 0035 0001260b
0000 0000 00000000
0003 0035 00012575
0000 0000 00000000
0003 0035 0001252a
0003 0036 000170d9
0000 0000 00000000
0003 0035 000124b9
0000 0000 00000000
0003 0035 00012455
0003 0036 000170e5
0000 0000 00000000
0003 0035 000123a6
0003 0036 000170f2
0000 0000 00000000
0003 0035 000122de
0003 0036 00017117
0000 0000 00000000
0003 0035 0001226e
0003 0036 00017124
0000 0000 00000000
0003 0035 00012216
0003 0036 00017130
0000 0000 00000000
0003 0035 000121cb
0003 0036 0001713d
0000 0000 00000000
0003 0035 00012199
0000 0000 00000000
0003 0035 0001214e
0000 0000 00000000
0003 0035 00012110
0003 0036 00017149
0000 0000 00000000
0003 0035 000120b8
0000 0000 00000000
0003 0035 0001207a
0000 0000 00000000
0003 0035 0001203b
0000 0000 00000000
0003 0035 00011ff0
0000 0000 00000000
0003 0035 00011f73
0003 0036 00017156
0000 0000 00000000
0003 0035 00011ef6
0000 0000 00000000
0003 0035 00011e92
0000 0000 00000000
0003 0035 00011e54
0000 0000 00000000
0003 0035 00011df0
0003 0036 00017162
0000 0000 00000000
0003 0035 00011da5
0003 0036 0001716f
0000 0000 00000000
0003 0035 00011d4d
0003 0036 0001717b
0000 0000 00000000
0003 0035 00011d0f
0003 0036 00017194
0000 0000 00000000
0003 0039 ffffffff
0001 014a 00000000
0001 0145 00000000
0000 0000 00000000
0001 014a 00000001
0001 0145 00000001
0003 0039 000048dd
0003 0035 00012009
0003 0036 0001701d
0000 0000 00000000
0003 0039 ffffffff
0001 014a 00000000
0001 0145 00000000
0000 0000 00000000
0001 014a 00000001
0001 0145 00000001
0003 0039 000048de
0003 0035 00012ee1
0003 0036 00017531
0000 0000 00000000
0003 0039 ffffffff
0001 014a 00000000
0001 0145 00000000
0000 0000 00000000
0001 014a 00000001
0001 0145 00000001
0003 0039 000048df
0003 0035 000035c2
0003 0036 0003e5b4
0000 0000 00000000
0003 0039 ffffffff
0001 014a 00000000
0001 0145 00000000
0000 0000 00000000
0001 014a 00000001
0001 0145 00000001
0003 0039 000048e0
0003 0035 0001b7d8
0003 0036 0003e92c
0000 0000 00000000
0003 0039 ffffffff
0001 014a 00000000
0001 0145 00000000
0000 0000 00000000
0001 014a 00000001
0001 0145 00000001
0003 0039 000048e1
0003 0035 00017363
0003 0036 0003a197
0000 0000 00000000
0003 0039 ffffffff
0001 014a 00000000
0001 0145 00000000
0000 0000 00000000
0001 014a 00000001
0001 0145 00000001
0003 0039 000048e2
0003 0035 000173e0
0003 0036 00039f58
0000 0000 00000000
0003 0039 ffffffff
0001 014a 00000000
0001 0145 00000000
0000 0000 00000000
0001 014a 00000001
0001 0145 00000001
0003 0039 000048e3
0003 0035 0001773e
0003 0036 0003a3bd
0000 0000 00000000
0003 0039 ffffffff
0001 014a 00000000
0001 0145 00000000
0000 0000 00000000
0001 014a 00000001
0001 0145 00000001
0003 0039 000048e4
0003 0035 00017ac2
0003 0036 0003a359
0000 0000 00000000
0003 0039 ffffffff
0001 014a 00000000
0001 0145 00000000
0000 0000 00000000
0001 014a 00000001
0001 0145 00000001
0003 0039 000048e5
0003 0035 00017bc9
0003 0036 0003a446
0000 0000 00000000
0003 0039 ffffffff
0001 014a 00000000
0001 0145 00000000
0000 0000 00000000
0001 014a 00000001
0001 0145 00000001
0003 0039 000048e6
0003 0035 0001794b
0003 0036 00039c2b
0000 0000 00000000
0003 0039 ffffffff
0001 014a 00000000
0001 0145 00000000
0000 0000 00000000
0001 014a 00000001
0001 0145 00000001
0003 0039 000048e7
0003 0035 0000773d
0003 0036 0002db65
0000 0000 00000000
0003 0039 ffffffff
0001 014a 00000000
0001 0145 00000000
0000 0000 00000000
0001 014a 00000001
0001 0145 00000001
0003 0039 000048e8
0003 0035 0001c2a2
0003 0036 00031fa8
0000 0000 00000000
0003 0039 ffffffff
0001 014a 00000000
0001 0145 00000000
0000 0000 00000000
0001 014a 00000001
0001 0145 00000001
0003 0039 000048e9
0003 0035 0000761d
0003 0036 0002e74f
0000 0000 00000000
0003 0039 ffffffff
0001 014a 00000000
0001 0145 00000000
0000 0000 00000000
0001 014a 00000001
0001 0145 00000001
0003 0039 000048ea
0003 0035 00002ef9
0003 0036 00026561
0000 0000 00000000
0003 0039 ffffffff
0001 014a 00000000
0001 0145 00000000
0000 0000 00000000
0001 014a 00000001
0001 0145 00000001
0003 0039 000048eb
0003 0035 00001dd5
0003 0036 0002a564
0000 0000 00000000
0003 0039 ffffffff
0001 014a 00000000
0001 0145 00000000
0000 0000 00000000
0001 014a 00000001
0001 0145 00000001
0003 0039 000048ec
0003 0035 00013715
0003 0036 000313be
0000 0000 00000000
0003 0039 ffffffff
0001 014a 00000000
0001 0145 00000000
0000 0000 00000000
0001 014a 00000001
0001 0145 00000001
0003 0039 000048ed
0003 0035 0000ae06
0003 0036 00035bf6
0000 0000 00000000
0003 0039 ffffffff
0001 014a 00000000
0001 0145 00000000
0000 0000 00000000
0001 014a 00000001
0001 0145 00000001
0003 0039 000048ee
0003 0035 000130c9
0003 0036 0002e43c
0000 0000 00000000
0003 0039 ffffffff
0001 014a 00000000
0001 0145 00000000
0000 0000 00000000
0001 014a 00000001
0001 0145 00000001
0003 0039 000048ef
0003 0035 0001860a
0003 0036 00032627
0000 0000 00000000
0003 0039 ffffffff
0001 014a 00000000
0001 0145 00000000
0000 0000 00000000
0001 014a 00000001
0001 0145 00000001
0003 0039 000048f0
0003 0035 0000a3ea
0003 0036 00036ac1
0000 0000 00000000
0003 0039 ffffffff
0001 014a 00000000
0001 0145 00000000
0000 0000 00000000
0001 014a 00000001
0001 0145 00000001
0003 0039 000048f1
0003 0035 00003d2e
0003 0036 000261ab
0000 0000 00000000
0003 0039 ffffffff
0001 014a 00000000
0001 0145 00000000
0000 0000 00000000
0001 014a 00000001
0001 0145 00000001
0003 0039 000048f2
0003 0035 00001588
0003 0036 0002dce9
0000 0000 00000000
0003 0039 ffffffff
0001 014a 00000000
0001 0145 00000000
0000 0000 00000000
0001 014a 00000001
0001 0145 00000001
0003 0039 000048f3
0003 0035 0001c80e
0003 0036 00036a51
0000 0000 00000000
0003 0039 ffffffff
0001 014a 00000000
0001 0145 00000000
0000 0000 00000000
0001 014a 00000001
0001 0145 00000001
0003 0039 000048f4
0003 0035 0000a16d
0003 0036 00029392
0000 0000 00000000
0003 0039 ffffffff
0001 014a 00000000
0001 0145 00000000
0000 0000 00000000
0001 014a 00000001
0001 0145 00000001
0003 0039 000048f5
0003 0035 000044c0
0003 0036 0002a620
0000 0000 00000000
0003 0039 ffffffff
0001 014a 00000000
0001 0145 00000000
0000 0000 00000000
0001 014a 00000001
0001 0145 00000001
0003 0039 000048f6
0003 0035 0000384c
0003 0036 000260ef
0000 0000 00000000
0003 0039 ffffffff
0001 014a 00000000
0001 0145 00000000
0000 0000 00000000
0001 014a 00000001
0001 0145 00000001
0003 0039 000048f7
0003 0035 0000d97b
0003 0036 000322a3
0000 0000 00000000
0003 0039 ffffffff
0001 014a 00000000
0001 0145 00000000
0000 0000 00000000
0001 014a 00000001
0001 0145 00000001
0003 0039 000048f8
0003 0035 00018c56
0003 0036 00035b15
0000 0000 00000000
0003 0039 ffffffff
0001 014a 00000000
0001 0145 00000000
0000 0000 00000000
0001 014a 00000001
0001 0145 00000001
0003 0039 000048f9
0003 0035 00009f47
0003 0036 0002e3f1
0000 0000 00000000
0003 0039 ffffffff
0001 014a 00000000
0001 0145 00000000
0000 0000 00000000
0001 014a 00000001
0001 0145 00000001
0003 0039 000048fa
0003 0035 00002c49
0003 0036 00025d20
0000 0000 00000000
0003 0039 ffffffff
0001 014a 00000000
0001 0145 00000000
0000 0000 00000000
0001 014a 00000001
0001 0145 00000001
0003 0039 000048fb
0003 0035 0001ac6b
0003 0036 000394b3
0000 0000 00000000
0003 0039 ffffffff
0001 014a 00000000
0001 0145 00000000
0000 0000 00000000
0001 014a 00000001
0001 0145 00000001
0003 0039 000048fc
0003 0035 00003383
0003 0036 0003e2ba
0000 0000 00000000
0003 0039 ffffffff
0001 014a 00000000
0001 0145 00000000
0000 0000 00000000
