TL 1790355049.153 74.0 0.5
TL 1790355049.253 177.3 2.8
TL 1790355049.353 283.9 4.5
TL 1790355049.454 300.3 3.4
TL 1790355049.554 379.8 2.3
TL 1790355049.654 456.5 6.5
TL 1790355049.755 655.2 3.4
TL 1790355049.854 173.3 2.2
TL 1790355049.954 192.9 3.0
TL 1790355050.054 99.2 1.7
TL 1790355050.154 166.1 3.4
TL 1790355050.255 163.5 3.5
TL 1790355050.355 120.7 2.2
TL 1790355050.455 551.7 2.8
TL 1790355050.555 149.6 3.1
TL 1790355050.656 421.8 3.3
TL 1790355050.756 265.1 1.5
TL 1790355050.856 407.9 3.5
TL 1790355050.956 461.4 3.5
TL 1790355051.056 249.5 3.9
TL 1790355051.157 217.5 3.0
TL 1790355051.258 584.0 2.9
TL 1790355051.357 192.7 2.9
TL 1790355051.458 314.5 2.6
TL 1790355051.558 434.5 3.1
TL 1790355051.658 287.2 2.7
TL 1790355051.758 400.1 2.6
TL 1790355051.859 306.7 3.2
TL 1790355051.959 724.8 3.0
TL 1790355052.059 580.5 3.4
TL 1790355052.159 538.1 2.7
TL 1790355052.259 119.7 1.9
TL 1790355052.359 242.2 2.7
TL 1790355052.460 444.2 3.6
TL 1790355052.560 202.0 3.5
TL 1790355052.660 383.0 3.6
TL 1790355052.760 90.9 1.6
TL 1790355052.861 830.4 3.2
TL 1790355052.960 282.4 2.9
TL 1790355053.061 675.2 3.3
TL 1790355053.161 764.1 3.5
TL 1790355053.261 295.9 2.9
TL 1790355053.362 993.3 3.2
TL 1790355053.461 224.8 3.1
TL 1790355053.562 352.9 2.9
TL 1790355053.662 317.9 3.9
TL 1790355053.762 574.2 3.3
TL 1790355053.862 375.2 4.2
TL 1790355053.963 493.4 61.3
TL 1790355054.064 1040.6 4.0
TL 1790355054.163 325.5 2.9
TL 1790355054.263 229.6 2.7
TL 1790355054.364 243.1 2.0
TL 1790355054.464 317.5 1.7
TL 1790355054.564 438.4 2.9
TL 1790355054.664 362.7 2.9
TL 1790355054.765 268.6 2.0
TL 1790355054.865 257.2 2.4
TL 1790355054.965 406.9 2.4
TL 1790355055.065 348.5 3.1
TL 1790355055.165 459.4 1.9
TL 1790355055.265 354.1 9.2
TL 1790355055.366 560.9 3.1
TL 1790355055.466 402.1 4.1
TL 1790355055.566 375.8 128.4
TL 1790355055.666 261.5 3.4
TL 1790355055.766 414.5 3.5
TL 1790355055.866 281.4 2.6
TL 1790355055.967 468.0 3.0
TL 1790355056.067 282.7 3.0
TL 1790355056.167 265.8 3.5
TL 1790355056.267 261.2 2.9
TL 1790355056.368 500.3 2.9
TL 1790355056.468 459.0 1.7
TL 1790355056.568 618.6 3.0
TL 1790355056.668 346.7 3.4
TL 1790355056.768 295.5 2.7
TL 1790355056.869 291.6 3.0
TL 1790355056.969 545.9 3.2
TL 1790355057.070 853.5 3.4
TL 1790355057.169 355.6 5.5
TL 1790355057.270 644.6 2.3
TL 1790355057.370 259.9 2.7
TL 1790355057.470 490.8 2.2
TL 1790355057.570 398.6 3.0
TL 1790355057.671 457.4 6.1
TL 1790355057.771 218.2 4.0
TL 1790355057.873 434.7 1.8
TL 1790355057.972 146.3 2.3
TL 1790355058.073 241.0 3.3
TL 1790355058.173 531.2 3.2
TL 1790355058.273 259.4 2.9
TL 1790355058.373 278.8 3.9
TL 1790355058.474 463.3 2.8
TL 1790355058.574 166.0 1.2
TL 1790355058.674 134.2 2.0
TL 1790355058.774 516.8 3.9
TL 1790355058.875 609.0 2.4
TL 1790355058.975 941.3 3.6
TL 1790355059.075 344.4 3.5
TL 1790355059.175 355.9 3.4
TL 1790355059.275 236.9 3.1
TL 1790355059.375 354.4 2.7
TL 1790355059.476 519.9 2.8
TL 1790355059.576 396.8 2.8
TL 1790355059.676 639.3 5.1
TL 1790355059.776 264.9 3.4
TL 1790355059.876 312.5 150.5
TL 1790355059.976 262.3 3.0
TL 1790355060.077 339.5 3.8
TL 1790355060.177 256.1 2.9
TL 1790355060.277 347.7 2.4
TL 1790355060.378 394.1 2.7
TL 1790355060.478 230.0 1.7
TL 1790355060.578 342.8 3.1
TL 1790355060.679 272.5 263.5
TL 1790355060.779 212.8 2.7
TL 1790355060.879 234.2 3.2
TL 1790355060.980 178.6 1.7
TL 1790355061.080 403.6 3.9
TL 1790355061.180 209.0 3.0
TL 1790355061.281 434.5 2.9
TL 1790355061.381 75.3 1.6
TL 1790355061.481 249.5 3.2
TL 1790355061.581 459.4 3.4
TL 1790355061.682 386.2 2.9
TL 1790355061.782 668.3 3.0
TL 1790355061.882 448.6 3.7
TL 1790355061.982 256.7 3.2
TL 1790355062.083 354.1 3.0
TL 1790355062.183 420.1 3.3
TL 1790355062.283 249.4 2.0
TL 1790355062.383 296.5 3.1
TL 1790355062.483 447.4 3.0
TL 1790355062.583 463.9 3.5
TL 1790355062.684 254.8 3.3
TL 1790355062.784 656.4 3.9
TL 1790355062.885 711.9 3.6
TL 1790355062.984 272.2 3.7
TL 1790355063.085 263.5 3.2
TL 1790355063.185 380.4 4.3
TL 1790355063.285 279.5 2.2
TL 1790355063.386 274.1 2.4
TL 1790355063.486 301.8 1.8
TL 1790355063.587 587.1 4.5
TL 1790355063.687 255.3 2.8
TL 1790355063.787 172.2 3.3
TL 1790355063.888 608.6 2.7
TL 1790355063.987 281.0 2.0
TL 1790355064.088 449.2 3.3
TL 1790355064.188 207.5 3.1
TL 1790355064.288 457.6 3.6
TL 1790355064.388 488.1 3.3
TL 1790355064.489 555.3 3.5
TL 1790355064.589 306.6 3.1
TL 1790355064.689 443.8 3.2
TL 1790355064.789 404.5 3.7
TL 1790355064.890 610.9 3.6
TL 1790355064.990 447.3 3.2
TL 1790355065.091 885.6 3.4
TL 1790355065.191 262.5 4.2
TL 1790355065.291 512.6 3.6
TL 1790355065.391 260.3 3.9
TL 1790355065.492 307.7 3.3
TL 1790355065.592 278.5 3.3
TL 1790355065.693 314.1 4.3
TL 1790355065.793 482.3 4.5
TL 1790355065.893 227.6 3.3
TL 1790355065.994 635.9 3.5
TL 1790355066.093 313.7 4.1
TL 1790355066.194 477.5 4.0
TL 1790355066.294 395.8 2.1
TL 1790355066.394 87.3 0.8
TL 1790355066.494 259.3 2.4
TL 1790355066.594 301.5 2.9
TL 1790355066.694 185.1 3.4
TL 1790355066.794 76.5 1.0
TL 1790355066.895 464.7 2.6
TL 1790355066.995 523.6 2.0
TL 1790355067.095 359.1 3.3
TL 1790355067.195 318.9 3.1
TL 1790355067.295 291.6 3.1
TL 1790355067.396 348.3 3.2
TL 1790355067.496 570.6 3.3
TL 1790355067.596 316.9 3.1
TL 1790355067.696 270.2 4.1
TL 1790355067.797 661.1 3.2
TL 1790355067.897 382.1 3.4
TL 1790355067.997 378.8 3.1
TL 1790355068.097 448.0 3.7
TL 1790355068.197 282.4 3.9
TL 1790355068.298 460.4 2.3
TL 1790355068.398 498.0 3.0
TL 1790355068.498 280.9 2.7
TL 1790355068.599 422.1 3.4
TL 1790355068.699 389.6 3.0
TL 1790355068.799 454.8 3.6
TL 1790355068.899 294.2 5.2
TL 1790355068.999 119.6 1.7
TL 1790355069.100 396.7 1.9
TL 1790355069.200 326.0 2.3
TL 1790355069.300 271.9 9.6
TL 1790355069.400 350.7 2.3
TL 1790355069.500 297.7 1.9
TL 1790355069.600 324.0 2.8
TL 1790355069.700 253.8 2.2
TL 1790355069.801 338.3 3.4
TL 1790355069.901 252.5 2.2
TL 1790355070.002 928.4 2.5
TL 1790355070.101 116.0 2.0
TL 1790355070.202 360.2 2.9
TL 1790355070.302 275.5 2.8
TL 1790355070.402 116.1 1.8
TL 1790355070.502 263.0 2.8
TL 1790355070.603 424.2 3.9
TL 1790355070.703 826.6 3.3
TL 1790355070.802 88.7 1.3
TL 1790355070.904 1134.1 2.8
TL 1790355071.003 425.9 4.2
TL 1790355071.103 476.5 3.7
TL 1790355071.204 566.5 2.9
TL 1790355071.304 609.1 3.5
TL 1790355071.404 267.2 2.0
TL 1790355071.504 345.1 3.2
TL 1790355071.604 517.2 4.7
TL 1790355071.704 278.5 5.4
TL 1790355071.804 191.7 3.6
TL 1790355071.905 276.3 4.1
TL 1790355072.005 334.3 3.3
TL 1790355072.105 357.4 3.0
TL 1790355072.205 493.7 6.6
TL 1790355072.305 325.3 2.1
TL 1790355072.405 249.5 2.1
TL 1790355072.506 383.3 2.5
TL 1790355072.606 235.7 2.8
TL 1790355072.706 432.7 3.1
TL 1790355072.806 260.6 2.0
TL 1790355072.906 305.1 3.3
TL 1790355073.006 115.9 1.9
TL 1790355073.106 139.6 2.0
TL 1790355073.207 303.9 3.6
TL 1790355073.307 449.4 3.0
TL 1790355073.407 202.8 3.3
TL 1790355073.509 536.1 3.5
TL 1790355073.609 417.6 2.8
TL 1790355073.709 642.0 3.2
TL 1790355073.809 366.6 3.8
TL 1790355073.910 688.3 3.5
TL 1790355074.010 297.5 3.6
TL 1790355074.110 336.5 2.7
TL 1790355074.210 251.5 2.8
TL 1790355074.311 507.0 2.4
TL 1790355074.411 409.2 2.8
TL 1790355074.512 940.3 2.9
TL 1790355074.611 270.1 2.3
TL 1790355074.712 528.0 3.6
TL 1790355074.812 256.8 3.7
TL 1790355074.912 128.7 1.9
TL 1790355075.013 924.8 3.5
TL 1790355075.112 683.1 4.8
TL 1790355075.212 420.5 2.6
TL 1790355075.312 247.2 3.4
TL 1790355075.413 268.3 1.9
TL 1790355075.513 243.0 2.1
TL 1790355075.613 397.9 2.9
TL 1790355075.713 144.6 2.1
TL 1790355075.814 303.7 4.4
TL 1790355075.914 381.8 3.7
TL 1790355076.015 616.1 3.1
TL 1790355076.115 285.8 3.5
TL 1790355076.215 415.9 3.0
TL 1790355076.315 396.0 2.6
TL 1790355076.415 417.9 3.0
TL 1790355076.516 337.1 3.2
TL 1790355076.616 263.1 3.0
TL 1790355076.716 526.1 3.7
TL 1790355076.816 124.5 2.6
TL 1790355076.917 614.8 3.6
TL 1790355077.017 632.2 3.6
TL 1790355077.117 390.2 3.1
TL 1790355077.217 473.9 2.7
TL 1790355077.317 492.3 3.2
TL 1790355077.417 392.6 2.8
TL 1790355077.517 265.2 2.6
TL 1790355077.618 496.7 3.6
TL 1790355077.718 245.7 2.7
TL 1790355077.818 279.7 3.0
TL 1790355077.918 552.0 3.4
TL 1790355078.019 457.8 3.7
TL 1790355078.119 254.9 3.2
TL 1790355078.219 505.1 3.2
TL 1790355078.319 481.5 2.4
TL 1790355078.419 193.5 1.7
TL 1790355078.519 217.6 2.2
TL 1790355078.620 389.7 1.8
TL 1790355078.720 250.2 3.1
TL 1790355078.820 304.9 3.1
TL 1790355078.920 321.8 3.1
TL 1790355079.020 392.8 3.0
TL 1790355079.121 861.0 2.8
TL 1790355079.221 409.5 2.9
TL 1790355079.321 391.7 2.3
TL 1790355079.421 288.4 2.8
TL 1790355079.522 421.4 3.9
TL 1790355079.622 433.7 4.1
TL 1790355079.722 537.9 3.2
TL 1790355079.822 500.3 3.1
TL 1790355079.922 360.8 3.5
TL 1790355080.022 352.5 3.7
TL 1790355080.123 910.9 12.8
TL 1790355080.223 419.4 3.5
TL 1790355080.323 365.3 2.8
TL 1790355080.423 412.7 3.9
TL 1790355080.524 264.7 3.7
TL 1790355080.625 789.0 3.8
TL 1790355080.724 255.6 3.9
TL 1790355080.825 495.3 2.9
TL 1790355080.925 434.4 3.0
TL 1790355081.025 626.3 3.2
TL 1790355081.125 329.3 3.8
TL 1790355081.225 326.7 3.7
TL 1790355081.325 241.2 2.8
TL 1790355081.425 212.5 1.6
TL 1790355081.526 515.0 2.3
TL 1790355081.626 263.9 3.3
TL 1790355081.726 338.7 2.2
TL 1790355081.826 215.5 3.1
TL 1790355081.927 289.8 3.6
TL 1790355082.027 539.2 3.3
TL 1790355082.127 355.1 3.3
TL 1790355082.227 224.5 3.4
TL 1790355082.328 282.6 3.7
TL 1790355082.428 114.2 1.6
TL 1790355082.528 318.2 3.7
TL 1790355082.628 297.3 3.2
TL 1790355082.728 116.4 2.8
TL 1790355082.828 128.8 1.8
TL 1790355082.929 126.3 1.8
TL 1790355083.030 1221.1 3.4
TL 1790355083.129 263.4 3.9
TL 1790355083.230 649.7 3.0
TL 1790355083.330 385.5 2.7
TL 1790355083.430 1013.4 3.1
TL 1790355083.530 183.1 1.9
TL 1790355083.630 195.4 2.0
TL 1790355083.730 300.8 3.4
TL 1790355083.831 667.7 3.4
TL 1790355083.931 693.2 3.5
TL 1790355084.031 261.7 2.1
TL 1790355084.131 169.5 2.3
TL 1790355084.231 425.8 2.3
TL 1790355084.331 222.2 2.0
TL 1790355084.431 241.2 3.2
TL 1790355084.531 301.3 2.7
TL 1790355084.632 812.7 3.9
TL 1790355084.732 432.9 3.0
TL 1790355084.832 224.7 2.6
TL 1790355084.933 450.6 2.3
TL 1790355085.033 429.9 3.1
TL 1790355085.133 299.7 3.5
TL 1790355085.233 429.2 3.4
TL 1790355085.333 323.9 2.8
TL 1790355085.433 367.1 3.1
TL 1790355085.534 437.7 3.0
TL 1790355085.634 616.1 3.0
TL 1790355085.734 518.3 2.9
TL 1790355085.836 2246.1 2.8
TL 1790355085.934 464.8 4.1
TL 1790355086.034 258.4 3.7
TL 1790355086.135 415.4 3.7
TL 1790355086.235 327.6 3.2
TL 1790355086.335 366.2 3.0
TL 1790355086.436 469.6 2.0
TL 1790355086.536 229.3 2.4
TL 1790355086.636 253.5 3.7
TL 1790355086.737 546.3 2.9
TL 1790355086.837 374.4 3.2
TL 1790355086.937 288.5 3.7
TL 1790355087.037 385.4 3.9
TL 1790355087.137 321.4 3.5
TL 1790355087.238 281.5 2.8
TL 1790355087.338 123.9 0.5
TL 1790355087.438 213.7 2.9
TL 1790355087.538 300.6 2.8
TL 1790355087.638 210.5 2.3
TL 1790355087.739 369.6 3.3
TL 1790355087.839 506.3 3.0
TL 1790355087.940 439.5 3.8
TL 1790355088.040 670.3 3.1
TL 1790355088.140 226.2 1.8
TL 1790355088.240 233.8 3.7
TL 1790355088.340 353.0 3.0
TL 1790355088.440 260.6 3.4
TL 1790355088.541 398.1 2.9
TL 1790355088.641 507.3 3.3
TL 1790355088.741 602.2 3.7
TL 1790355088.842 633.2 3.3
TL 1790355088.942 286.9 3.5
TL 1790355089.042 415.6 2.7
TL 1790355089.142 418.5 3.1
TL 1790355089.243 426.5 2.8
TL 1790355089.343 482.4 2.0
TL 1790355089.443 411.0 3.3
TL 1790355089.543 327.9 2.9
TL 1790355089.643 280.9 3.4
TL 1790355089.744 1153.7 2.9
TL 1790355089.845 478.9 2.8
TL 1790355089.945 397.1 3.1
TL 1790355090.046 704.2 2.7
TL 1790355090.146 476.0 2.9
TL 1790355090.246 1016.8 3.4
TL 1790355090.346 112.6 1.0
TL 1790355090.446 249.8 3.2
TL 1790355090.546 417.5 1.9
TL 1790355090.646 259.5 3.9
TL 1790355090.747 350.3 3.1
TL 1790355090.847 232.0 3.6
TL 1790355090.947 273.5 3.1
TL 1790355091.047 361.3 3.0
TL 1790355091.147 530.5 2.6
TL 1790355091.248 611.6 3.7
TL 1790355091.348 235.8 2.6
TL 1790355091.448 557.3 59.2
TL 1790355091.549 741.1 3.1
TL 1790355091.649 270.6 3.5
TL 1790355091.749 351.4 3.2
TL 1790355091.849 115.6 1.8
TL 1790355091.950 529.6 3.7
TL 1790355092.049 131.2 1.8
TL 1790355092.150 279.8 3.3
TL 1790355092.250 331.0 2.5
TL 1790355092.351 443.0 1.5
TL 1790355092.451 259.8 3.4
TL 1790355092.551 394.5 3.4
TL 1790355092.652 382.2 3.5
TL 1790355092.752 349.7 3.2
TL 1790355092.852 373.7 4.4
TL 1790355092.952 429.8 3.6
TL 1790355093.053 612.4 3.0
TL 1790355093.153 474.8 3.4
TL 1790355093.253 255.8 2.6
TL 1790355093.353 331.1 3.0
TL 1790355093.453 272.2 1.8
TL 1790355093.554 578.7 2.9
TL 1790355093.654 362.7 3.3
TL 1790355093.754 452.2 2.7
TL 1790355093.854 243.7 2.3
TL 1790355093.954 351.8 3.2
TL 1790355094.055 275.5 2.9
TL 1790355094.155 384.9 3.4
TL 1790355094.255 372.2 3.6
TL 1790355094.355 107.0 1.2
TL 1790355094.455 369.8 4.3
TL 1790355094.557 728.8 3.4
TL 1790355094.657 326.0 3.1
TL 1790355094.757 513.5 3.1
TL 1790355094.858 524.8 2.9
TL 1790355094.958 422.0 3.3
TL 1790355095.058 327.3 4.3
TL 1790355095.158 370.5 3.5
TL 1790355095.258 345.6 3.0
TL 1790355095.358 206.8 2.2
TL 1790355095.458 239.6 2.7
TL 1790355095.558 170.7 1.9
TL 1790355095.659 413.5 3.1
TL 1790355095.759 101.8 1.4
TL 1790355095.859 121.3 1.6
TL 1790355095.960 670.1 3.0
TL 1790355096.060 571.1 3.2
TL 1790355096.160 233.4 3.1
TL 1790355096.260 324.8 2.0
TL 1790355096.360 466.3 3.6
TL 1790355096.460 355.7 2.1
TL 1790355096.560 308.9 2.6
TL 1790355096.661 294.0 3.3
TL 1790355096.761 228.7 2.6
TL 1790355096.861 326.5 2.0
TL 1790355096.961 228.9 2.8
TL 1790355097.062 329.5 3.8
TL 1790355097.162 311.1 3.1
TL 1790355097.262 291.9 3.6
TL 1790355097.362 282.6 1.7
TL 1790355097.463 593.6 2.9
TL 1790355097.563 364.7 3.1
TL 1790355097.663 378.8 3.0
TL 1790355097.763 306.9 3.2
TL 1790355097.863 469.2 3.2
TL 1790355097.963 253.4 3.5
TL 1790355098.063 334.1 3.6
TL 1790355098.164 300.8 3.2
TL 1790355098.264 483.5 4.1
TL 1790355098.364 151.3 0.7
TL 1790355098.465 501.2 2.8
TL 1790355098.565 369.5 3.6
TL 1790355098.665 302.9 2.8
TL 1790355098.765 372.6 2.7
TL 1790355098.866 277.0 3.4
TL 1790355098.966 273.0 3.4
TL 1790355099.066 418.3 3.5
TL 1790355099.167 758.0 9.3
TL 1790355099.267 641.1 2.9
TL 1790355099.368 713.8 1.2
TL 1790355099.467 267.8 2.0
TL 1790355099.568 471.5 3.1
TL 1790355099.668 199.7 1.6
TL 1790355099.768 311.6 2.8
TL 1790355099.868 364.5 2.4
TL 1790355099.969 276.8 2.0
TL 1790355100.069 262.3 3.3
TL 1790355100.169 302.5 3.3
TL 1790355100.269 493.7 4.1
TL 1790355100.369 482.0 3.4
TL 1790355100.469 322.0 3.0
TL 1790355100.570 444.9 2.7
TL 1790355100.670 594.2 3.7
TL 1790355100.770 414.6 3.1
TL 1790355100.872 259.4 3.1
TL 1790355100.973 282.8 4.4
TL 1790355101.073 490.1 3.2
TL 1790355101.173 428.2 3.2
TL 1790355101.273 252.3 3.0
TL 1790355101.374 1017.1 2.2
TL 1790355101.474 336.0 2.9
TL 1790355101.575 336.0 3.4
TL 1790355101.675 593.9 3.8
TL 1790355101.775 624.1 3.3
TL 1790355101.876 428.8 3.5
TL 1790355101.976 258.3 4.0
TL 1790355102.076 283.5 3.5
TL 1790355102.176 147.6 1.8
TL 1790355102.277 390.1 3.1
TL 1790355102.377 197.7 2.1
TL 1790355102.478 280.2 1.7
TL 1790355102.578 356.5 3.7
TL 1790355102.678 255.4 3.6
TL 1790355102.778 350.4 2.3
TL 1790355102.878 470.9 2.8
TL 1790355102.980 209.5 1.1
TL 1790355103.080 338.4 2.9
TL 1790355103.180 318.5 3.7
TL 1790355103.280 428.5 4.0
TL 1790355103.381 1113.3 3.5
TL 1790355103.481 272.3 3.7
TL 1790355103.581 275.5 3.0
TL 1790355103.683 540.2 4.2
TL 1790355103.783 324.6 3.7
TL 1790355103.883 341.8 3.8
TL 1790355103.983 499.2 3.2
TL 1790355104.084 487.6 1.9
TL 1790355104.184 694.8 3.9
TL 1790355104.284 305.6 3.1
TL 1790355104.384 479.9 3.5
TL 1790355104.484 407.3 3.6
TL 1790355104.585 413.4 2.9
TL 1790355104.685 265.3 3.4
TL 1790355104.786 258.9 2.8
TL 1790355104.886 263.8 4.4
TL 1790355104.987 446.0 3.4
TL 1790355105.087 458.4 3.7
TL 1790355105.187 323.4 2.1
TL 1790355105.287 338.8 3.4
TL 1790355105.387 297.1 4.0
TL 1790355105.488 1408.4 1.8
TL 1790355105.587 366.9 3.4
TL 1790355105.688 382.2 2.6
TL 1790355105.788 689.9 9.0
TL 1790355105.888 314.9 3.4
TL 1790355105.988 263.0 2.6
TL 1790355106.089 673.9 3.6
TL 1790355106.189 586.6 3.6
TL 1790355106.289 303.2 4.1
TL 1790355106.389 208.8 3.5
TL 1790355106.489 261.6 2.6
TL 1790355106.590 461.3 2.6
TL 1790355106.691 948.6 2.3
TL 1790355106.791 216.2 2.7
TL 1790355106.891 375.6 3.2
TL 1790355106.993 1881.8 4.1
TL 1790355107.092 455.5 2.4
TL 1790355107.192 437.4 4.1
TL 1790355107.292 525.5 3.0
TL 1790355107.392 373.7 4.0
TL 1790355107.492 133.7 1.9
TL 1790355107.592 459.0 3.6
TL 1790355107.693 394.6 3.3
TL 1790355107.793 400.3 2.9
TL 1790355107.893 787.2 4.2
TL 1790355107.993 443.3 3.9
TL 1790355108.094 853.2 2.9
TL 1790355108.193 324.8 2.3
TL 1790355108.294 514.7 3.5
TL 1790355108.394 572.8 3.9
TL 1790355108.494 402.1 2.9
TL 1790355108.594 327.6 3.4
TL 1790355108.695 238.5 3.8
TL 1790355108.795 370.4 2.9
TL 1790355108.895 72.0 1.9
TL 1790355108.996 514.4 3.0
TL 1790355109.096 322.9 2.2
TL 1790355109.196 253.2 2.5
TL 1790355109.296 136.0 1.9
TL 1790355109.396 485.8 4.2
TL 1790355109.496 66.4 2.2
TL 1790355109.596 103.0 1.7
TL 1790355109.696 378.5 1.6
TL 1790355109.796 133.3 1.4
TL 1790355109.896 108.6 1.7
TL 1790355109.997 195.7 2.2
TL 1790355110.097 150.2 11.2
TL 1790355110.197 82.0 3.4
TL 1790355110.297 69.1 1.5
TL 1790355110.402 4420.2 1.6
TL 1790355110.501 3897.2 1.2
TL 1790355110.598 125.9 1.6
TL 1790355110.700 2107.4 1.8
TL 1790355110.798 226.4 3.9
TL 1790355110.898 62.4 2.9
TL 1790355110.998 117.9 1.7
TL 1790355111.098 178.1 1.5
TL 1790355111.198 48.7 1.4
TL 1790355111.298 143.2 1.9
TL 1790355111.399 115.1 1.6
TL 1790355111.499 446.9 4.0
TL 1790355111.600 739.4 1.6
TL 1790355111.699 97.3 1.7
TL 1790355111.799 122.6 2.8
TL 1790355111.899 143.0 1.8
TL 1790355112.000 907.9 1.8
TL 1790355112.100 218.3 1.4
TL 1790355112.200 104.4 2.6
TL 1790355112.300 146.8 3.9
TL 1790355112.400 259.0 1.4
TL 1790355112.500 566.5 2.9
TL 1790355112.600 156.4 2.4
TL 1790355112.700 119.9 2.3
TL 1790355112.801 977.8 2.5
TL 1790355112.901 399.7 1.5
TL 1790355113.000 104.7 0.7
TL 1790355113.101 120.1 1.6
TL 1790355113.214 13526.8 2.5
TL 1790355113.301 182.6 1.9
TL 1790355113.401 76.6 2.3
TL 1790355113.502 232.7 1.8
TL 1790355113.602 214.0 1.7
TL 1790355113.702 290.1 2.6
TL 1790355113.803 1095.3 1.7
TL 1790355113.902 140.3 1.7
TL 1790355114.002 151.5 1.6
TL 1790355114.102 108.1 1.3
TL 1790355114.202 73.5 1.5
TL 1790355114.302 82.8 1.1
TL 1790355114.403 115.8 1.5
TL 1790355114.503 94.8 2.6
TL 1790355114.603 165.8 1.8
TL 1790355114.703 88.2 1.4
TL 1790355114.803 181.1 1.4
TL 1790355114.903 317.1 1.4
TL 1790355115.003 52.5 2.1
TL 1790355115.104 1050.0 1.4
TL 1790355115.204 131.8 1.4
TL 1790355115.304 61.1 2.6
TL 1790355115.430 25509.4 1.9
TL 1790355115.508 3251.5 3.1
TL 1790355115.605 216.8 1.5
TL 1790355115.706 92.9 1260.4
TL 1790355115.805 52.6 1.9
TL 1790355115.906 788.9 2.7
TL 1790355116.005 108.2 2.3
TL 1790355116.105 291.7 1.8
TL 1790355116.210 4499.6 1.7
TL 1790355116.307 768.5 3.5
TL 1790355116.430 24163.8 2.5
TL 1790355116.509 2852.2 2.0
TL 1790355116.609 2247.8 2.2
TL 1790355116.766 59535.4 1.9
TL 1790355116.816 9525.4 1.6
TL 1790355116.920 13240.3 1.8
TL 1790355117.009 2112.1 1.8
TL 1790355117.109 1414.9 1.6
TL 1790355117.209 1319.7 2.4
TL 1790355117.308 852.4 1.8
TL 1790355117.410 2825.7 1.9
TL 1790355117.508 479.7 1.5
TL 1790355117.611 3475.1 1.6
TL 1790355117.708 334.8 1.7
TL 1790355117.810 1832.6 1.9
TL 1790355117.910 1719.0 1.8
TL 1790355118.009 485.0 2.2
TL 1790355118.115 5935.5 2.6
TL 1790355118.210 989.1 1.7
TL 1790355118.313 3800.7 1.9
TL 1790355118.411 872.9 1.4
TL 1790355118.511 582.6 2.6
TL 1790355118.637 26505.5 2.1
TL 1790355118.714 3783.7 2.1
TL 1790355118.822 11371.4 1.8
TL 1790355118.912 79.0 2.3
TL 1790355119.030 18345.7 3.6
TL 1790355119.143 30250.6 3.7
TL 1790355119.231 18387.1 2.1
TL 1790355119.699 386112.6 2.1
TL 1790355119.700 830.0 0.6
TL 1790355119.848 48745.4 1.5
TL 1790355119.906 6092.4 1.7
TL 1790355120.392 392000.5 2.2
TL 1790355120.392 472.9 0.8
TL 1790355120.541 48877.1 2.0
TL 1790355120.662 70167.1 2.2
TL 1790355120.698 5950.9 1.8
TL 1790355120.800 7939.8 1.8
TL 1790355120.893 251.0 1.5
TL 1790355120.993 299.7 1.9
TL 1790355121.093 73.9 1.8
TL 1790355121.204 11228.2 1.5
TL 1790355121.744 451420.2 1.6
TL 1790355121.745 93.5 0.5
TL 1790355121.845 135.7 1.8
TL 1790355121.996 51309.9 2.2
TL 1790355122.148 103202.8 1.6
TL 1790355122.152 4164.8 1.6
TL 1790355122.248 108.0 0.7
TL 1790355122.354 6132.1 2.0
TL 1790355122.449 171.9 1.9
TL 1790355122.549 48.2 1.6
TL 1790355122.651 1332.4 2.0
TL 1790355122.870 120073.0 2.2
TL 1790355122.870 82.4 0.6
TL 1790355122.972 1999.5 1.9
TL 1790355123.071 304.1 2.4
TL 1790355123.175 4159.7 2.4
TL 1790355123.344 73558.7 2.9
TL 1790355123.407 36112.3 2.3
TL 1790355123.957 485951.9 1.7
TL 1790355123.959 1861.2 0.5
TL 1790355124.058 425.2 2.2
TL 1790355124.162 4759.8 1.7
TL 1790355124.257 52.7 1.6
TL 1790355124.722 364464.0 2.0
TL 1790355124.724 2427.2 1.5
TL 1790355124.824 1986.9 2.1
TL 1790355124.932 10241.9 2.9
TL 1790355125.142 119753.7 1.8
TL 1790355125.146 4255.0 1.0
TL 1790355125.572 329800.2 3.1
TL 1790355125.686 114155.4 2.0
TL 1790355125.686 146.1 0.7
TL 1790355125.808 21869.8 3.0
TL 1790355126.349 462316.6 2.2
TL 1790355126.349 60.4 0.6
TL 1790355126.465 16461.6 2.1
TL 1790355126.587 37948.0 3.4
TL 1790355126.655 6133.8 1.5
TL 1790355126.750 941.9 0.9
TL 1790355126.854 4749.0 1.6
TL 1790355126.962 12330.8 1.4
TL 1790355127.050 99.4 1.5
TL 1790355127.156 6310.5 1.6
TL 1790355127.250 251.6 3.3
TL 1790355127.350 183.7 2.0
TL 1790355127.451 888.9 1.6
TL 1790355127.551 810.3 1.3
TL 1790355127.651 965.7 2.2
TL 1790355127.751 395.5 2.4
TL 1790355127.858 7633.6 2.6
TL 1790355127.951 572.2 2.0
TL 1790355128.051 430.3 1.5
TL 1790355128.154 59.2 1.6
TL 1790355128.255 56.8 2.3
TL 1790355128.355 70.9 1.5
TL 1790355128.455 144.4 1.6
TL 1790355128.555 283.9 0.9
TL 1790355128.655 294.6 1.7
TL 1790355128.755 125.3 3.7
TL 1790355128.856 668.9 4.5
TL 1790355128.956 173.3 2.3
TL 1790355129.056 341.4 3.4
TL 1790355129.156 182.0 2.8
TL 1790355129.256 281.7 2.9
TL 1790355129.356 151.7 1.9
TL 1790355129.456 129.1 1.9
TL 1790355129.557 265.2 2.1
TL 1790355129.657 241.9 3.1
TL 1790355129.757 453.8 2.5
TL 1790355129.857 297.4 2.6
TL 1790355129.957 330.2 3.6
TL 1790355130.057 244.1 2.0
TL 1790355130.158 241.5 2.4
TL 1790355130.258 613.9 2.9
TL 1790355130.358 117.6 1.6
TL 1790355130.458 253.7 3.7
TL 1790355130.559 393.6 1.9
TL 1790355130.659 264.6 2.8
TL 1790355130.759 503.0 2.4
TL 1790355130.859 515.5 3.4
TL 1790355130.959 160.7 2.1
TL 1790355131.060 554.5 2.1
TL 1790355131.160 181.1 1.6
TL 1790355131.260 186.1 2.0
TL 1790355131.360 737.8 3.9
TL 1790355131.461 325.1 3.5
TL 1790355131.561 270.6 1.8
TL 1790355131.661 557.1 3.5
TL 1790355131.761 175.7 1.9
TL 1790355131.861 478.5 3.4
TL 1790355131.961 144.3 1.6
TL 1790355132.061 163.2 1.7
TL 1790355132.162 438.9 3.0
TL 1790355132.262 499.3 3.9
TL 1790355132.362 158.1 2.2
TL 1790355132.462 306.0 3.5
TL 1790355132.562 278.3 1.9
TL 1790355132.662 171.2 2.2
TL 1790355132.763 358.3 2.9
TL 1790355132.863 158.8 3.5
TL 1790355132.963 141.9 1.7
TL 1790355133.063 327.9 3.0
TL 1790355133.164 353.8 3.5
TL 1790355133.264 991.0 3.4
TL 1790355133.365 1038.5 4.6
TL 1790355133.464 160.5 1.7
TL 1790355133.564 177.3 1.0
TL 1790355133.664 212.0 2.0
TL 1790355133.765 467.7 4.8
TL 1790355133.865 129.4 2.7
TL 1790355133.965 262.0 2.7
TL 1790355134.065 255.0 3.0
TL 1790355134.165 303.1 2.5
TL 1790355134.266 718.3 3.8
TL 1790355134.366 288.5 4.2
TL 1790355134.466 433.9 3.4
TL 1790355134.566 269.8 1.7
TL 1790355134.666 158.8 1.9
TL 1790355134.766 147.3 2.1
TL 1790355134.867 307.0 3.0
TL 1790355134.967 561.0 3.3
TL 1790355135.067 437.9 3.3
TL 1790355135.168 680.8 2.1
TL 1790355135.268 277.0 2.4
TL 1790355135.368 65.9 1.8
TL 1790355135.468 61.1 1.8
TL 1790355135.568 243.3 0.5
TL 1790355135.668 159.0 1.9
TL 1790355135.768 443.3 1.9
TL 1790355135.869 237.9 1.7
TL 1790355135.970 897.9 2.2
TL 1790355136.070 712.6 1.9
TL 1790355136.170 157.5 1.8
TL 1790355136.270 91.0 1.5
TL 1790355136.371 546.7 3.0
TL 1790355136.471 598.9 3.4
TL 1790355136.571 362.4 1.6
TL 1790355136.671 387.9 3.2
TL 1790355136.771 249.7 2.8
TL 1790355136.871 370.9 3.5
TL 1790355136.972 491.5 1.5
TL 1790355137.072 280.3 2.0
TL 1790355137.172 198.0 0.7
TL 1790355137.272 307.6 2.2
TL 1790355137.372 351.7 3.4
TL 1790355137.473 672.4 3.5
TL 1790355137.572 93.1 0.7
TL 1790355137.673 436.8 3.4
TL 1790355137.773 247.9 2.1
TL 1790355137.873 334.5 2.3
TL 1790355137.973 160.0 1.9
TL 1790355138.074 595.6 4.1
TL 1790355138.173 189.7 2.3
TL 1790355138.274 389.1 4.0
TL 1790355138.374 831.1 4.3
TL 1790355138.474 401.9 3.1
TL 1790355138.575 226.0 1.0
TL 1790355138.675 393.9 4.3
TL 1790355138.775 150.6 2.6
TL 1790355138.875 331.0 3.4
TL 1790355138.975 314.2 3.2
TL 1790355139.075 358.4 4.2
TL 1790355139.176 524.0 0.8
TL 1790355139.275 132.5 2.1
TL 1790355139.376 698.7 2.6
TL 1790355139.476 570.8 4.8
TL 1790355139.579 3128.0 2.2
TL 1790355139.676 289.1 3.6
TL 1790355139.777 264.6 3.2
TL 1790355139.877 235.2 2.3
TL 1790355139.978 782.3 2.9
TL 1790355140.078 271.2 4.8
TL 1790355140.178 161.9 1.9
TL 1790355140.278 325.4 2.1
TL 1790355140.378 59.1 1.8
TL 1790355140.478 134.1 1.8
TL 1790355140.579 404.0 2.9
TL 1790355140.679 145.6 2.1
TL 1790355140.779 358.6 3.7
TL 1790355140.879 299.0 2.6
TL 1790355140.979 153.3 2.3
TL 1790355141.079 414.6 3.6
TL 1790355141.179 90.4 1.8
TL 1790355141.279 122.2 1.8
TL 1790355141.379 96.5 1.7
TL 1790355141.480 101.7 1.8
TL 1790355141.580 134.0 1.5
TL 1790355141.680 58.9 1.8
TL 1790355141.780 112.4 1.5
TL 1790355141.880 182.3 1.2
TL 1790355141.980 258.8 1.4
TL 1790355142.082 1799.3 2.2
TL 1790355142.186 5952.0 2.6
TL 1790355142.386 105933.2 2.6
TL 1790355142.389 2710.3 1.3
TL 1790355142.527 40652.6 2.1
TL 1790355142.587 141.6 1.6
TL 1790355142.688 1347.2 2.8
TL 1790355142.800 13288.2 2.4
TL 1790355142.888 741.6 1.8
TL 1790355142.992 5159.8 1.6
TL 1790355143.089 2061.1 1.8
TL 1790355143.189 1276.3 2.2
TL 1790355143.288 108.8 1.6
TL 1790355143.422 34317.2 2.0
TL 1790355143.510 22669.1 2.1
TL 1790355143.588 218.9 1.6
TL 1790355143.688 132.0 1.7
TL 1790355143.791 2655.9 1.9
TL 1790355143.890 1699.3 1.6
TL 1790355143.989 1073.1 1.6
TL 1790355144.089 73.0 1.9
TL 1790355144.189 260.6 2.4
TL 1790355144.290 1585.4 1.8
TL 1790355144.390 1141.5 1.6
TL 1790355144.490 979.9 2.3
TL 1790355144.592 3183.2 2.1
TL 1790355144.697 7705.1 1.2
TL 1790355144.789 48.1 1.5
TL 1790355144.897 8128.0 2.2
TL 1790355144.994 4638.8 1.9
TL 1790355145.214 124322.2 1.4
TL 1790355145.214 291.2 0.6
TL 1790355145.338 24405.3 1.8
TL 1790355145.431 17134.9 2.0
TL 1790355145.526 12029.7 1.9
TL 1790355145.615 408.2 1.6
TL 1790355145.715 75.2 2.0
TL 1790355145.816 1570.6 1.9
TL 1790355145.915 705.5 2.2
TL 1790355146.017 2378.3 1.4
TL 1790355146.115 210.9 3.4
TL 1790355146.216 506.1 1.8
TL 1790355146.315 133.5 1.2
TL 1790355146.416 312.4 2.1
TL 1790355146.516 328.4 1.6
TL 1790355146.679 63346.8 2.9
TL 1790355146.726 10190.8 2.2
TL 1790355146.830 13866.8 2.1
TL 1790355146.916 337.1 1.7
TL 1790355147.036 20048.2 1.8
TL 1790355147.118 1922.4 1.3
TL 1790355147.219 2391.9 1.6
TL 1790355147.332 15681.6 2.5
TL 1790355147.429 12479.9 2.6
TL 1790355147.517 168.2 2.4
TL 1790355147.618 822.1 2.5
TL 1790355147.718 240.3 2.5
TL 1790355147.818 93.3 1.6
TL 1790355147.918 227.7 1.9
TL 1790355148.018 137.8 1.4
TL 1790355148.118 66.0 1.8
TL 1790355148.218 300.8 2.5
TL 1790355148.318 186.7 1.2
TL 1790355148.418 80.4 1.2
TL 1790355148.521 2313.8 2.4
TL 1790355148.625 6159.9 1.8
TL 1790355148.722 3861.8 2.0
TL 1790355148.820 1525.2 2.0
TL 1790355148.919 86.4 2.9
TL 1790355149.019 66.0 1.2
TL 1790355149.119 278.9 1.4
TL 1790355149.222 2760.1 1.5
TL 1790355149.320 793.3 1.7
TL 1790355149.420 191.1 3.1
TL 1790355149.521 1249.0 2.9
TL 1790355149.620 406.5 2.8
TL 1790355149.720 387.6 1.4
TL 1790355149.821 535.6 1.7
TL 1790355149.920 69.5 2.8
TL 1790355150.022 1153.3 2.1
TL 1790355150.121 97.8 2.5
TL 1790355150.221 116.6 2.4
TL 1790355150.321 58.2 1.1
TL 1790355150.421 453.4 2.5
TL 1790355150.521 100.3 2.3
TL 1790355150.621 59.2 2.1
TL 1790355150.722 96.1 2.4
TL 1790355150.822 221.5 3.0
TL 1790355150.922 193.6 1.4
TL 1790355151.022 136.6 3.0
TL 1790355151.122 139.5 1.5
TL 1790355151.223 494.5 1.8
TL 1790355151.322 159.9 2.7
TL 1790355151.422 82.3 1.3
TL 1790355151.523 214.7 1.4
TL 1790355151.623 110.9 1.7
TL 1790355151.724 1159.0 2.2
TL 1790355151.823 78.8 1.9
TL 1790355151.923 146.0 1.5
TL 1790355152.024 467.7 2.4
TL 1790355152.124 99.6 2.1
TL 1790355152.224 103.0 2.4
TL 1790355152.324 205.8 2.9
TL 1790355152.424 64.0 2.5
TL 1790355152.524 75.3 1.3
TL 1790355152.625 199.7 1.8
TL 1790355152.725 120.6 2.6
TL 1790355152.825 119.7 1.7
TL 1790355152.925 580.8 2.7
TL 1790355153.026 681.4 2.4
TL 1790355153.125 80.6 1.7
TL 1790355153.226 1235.9 1.9
TL 1790355153.347 21298.0 1.3
TL 1790355153.432 6252.8 3.0
TL 1790355153.526 158.5 1.7
TL 1790355153.629 3703.0 2.1
TL 1790355153.726 572.8 2.0
TL 1790355153.826 167.4 1.5
TL 1790355153.927 758.8 2.3
TL 1790355154.026 138.5 2.0
TL 1790355154.127 585.0 2.1
TL 1790355154.226 142.7 2.9
TL 1790355154.326 76.7 1.6
TL 1790355154.427 73.5 1.6
TL 1790355154.527 304.5 1.2
TL 1790355154.627 577.7 1.5
TL 1790355154.727 137.9 2.0
TL 1790355154.827 232.9 1.4
TL 1790355154.927 190.3 1.4
TL 1790355155.047 19604.6 1.6
TL 1790355155.128 331.5 2.3
TL 1790355155.228 681.5 1.2
TL 1790355155.328 334.3 1.4
TL 1790355155.429 1031.0 1.4
TL 1790355155.528 155.5 1.3
TL 1790355155.628 631.0 1.5
TL 1790355155.728 80.1 1.5
TL 1790355155.828 193.3 1.4
TL 1790355155.928 89.6 1.4
TL 1790355156.028 160.3 1.6
TL 1790355156.128 136.2 1.6
TL 1790355156.229 286.4 1.7
TL 1790355156.329 160.9 1.4
TL 1790355156.429 342.2 1.3
TL 1790355156.529 426.0 1.4
TL 1790355156.630 1469.1 2.1
TL 1790355156.729 140.5 1.7
TL 1790355156.830 538.8 1.4
TL 1790355156.930 241.3 1.8
TL 1790355157.030 68.2 1.4
TL 1790355157.130 100.2 1.4
TL 1790355157.230 135.2 1.8
TL 1790355157.330 116.0 1.3
TL 1790355157.430 179.0 1.9
TL 1790355157.530 80.6 2.0
TL 1790355157.630 118.0 2.6
TL 1790355157.731 283.6 1.7
TL 1790355157.831 103.4 1.5
TL 1790355157.931 70.0 1.6
TL 1790355158.031 139.8 1.7
TL 1790355158.131 73.1 2.5
TL 1790355158.231 103.0 1.4
TL 1790355158.331 292.9 1.3
TL 1790355158.432 331.6 1.2
TL 1790355158.532 64.0 1.5
TL 1790355158.632 218.2 1.2
TL 1790355158.732 117.0 1.2
TL 1790355158.832 364.7 1.7
TL 1790355158.933 521.1 1.4
TL 1790355159.032 95.3 1.4
TL 1790355159.133 177.4 3.4
TL 1790355159.233 81.0 1.2
TL 1790355159.333 450.7 1.6
TL 1790355159.433 191.9 1.4
TL 1790355159.533 139.3 2.6
TL 1790355159.633 194.3 1.9
TL 1790355159.733 164.8 1.8
TL 1790355159.833 60.2 1.5
TL 1790355159.934 429.3 1.3
TL 1790355160.034 272.3 1.6
TL 1790355160.134 278.1 3.9
TL 1790355160.234 134.5 1.4
TL 1790355160.335 892.0 3.2
TL 1790355160.434 242.4 1.8
TL 1790355160.535 500.6 2.7
TL 1790355160.635 409.3 10.0
TL 1790355160.735 397.7 2.9
TL 1790355160.835 183.6 1.3
TL 1790355160.935 508.5 2.6
TL 1790355161.035 142.9 1.4
TL 1790355161.142 6824.6 2.7
TL 1790355161.253 17363.6 1.7
TL 1790355161.351 15401.7 3.3
TL 1790355161.436 410.0 2.1
TL 1790355161.536 123.1 1.7
TL 1790355161.636 149.9 1.7
TL 1790355161.736 250.9 1.9
TL 1790355161.836 157.9 1.2
TL 1790355161.939 281.5 1.5
TL 1790355162.039 362.1 2.6
TL 1790355162.139 313.4 2.9
TL 1790355162.240 363.8 2.1
TL 1790355162.339 87.5 1.2
TL 1790355162.440 233.8 2.3
TL 1790355162.540 403.6 3.2
TL 1790355162.641 874.5 3.9
TL 1790355162.742 1416.5 3.3
TL 1790355162.841 608.4 2.4
TL 1790355162.941 419.9 2.9
TL 1790355163.041 184.4 2.3
TL 1790355163.142 241.0 2.4
TL 1790355163.241 66.3 1.6
TL 1790355163.342 362.9 2.6
TL 1790355163.442 488.6 2.4
TL 1790355163.542 386.1 2.7
TL 1790355163.643 886.1 4.4
TL 1790355163.743 382.1 3.2
TL 1790355163.843 218.5 1.6
TL 1790355163.943 202.2 2.4
TL 1790355164.044 643.9 3.3
TL 1790355164.144 989.8 4.3
TL 1790355164.244 353.0 2.8
TL 1790355164.345 1354.2 3.4
TL 1790355164.445 891.3 2.7
TL 1790355164.545 577.5 3.9
TL 1790355164.645 941.3 3.3
TL 1790355164.746 1419.2 3.3
TL 1790355164.845 217.0 2.0
TL 1790355164.946 947.2 2.7
TL 1790355165.046 554.6 3.4
TL 1790355165.146 476.6 3.0
TL 1790355165.246 386.6 2.9
TL 1790355165.346 318.0 3.4
TL 1790355165.447 361.7 3.0
TL 1790355165.547 323.3 1.6
TL 1790355165.647 279.9 2.2
TL 1790355165.747 438.2 3.4
TL 1790355165.847 346.4 2.3
TL 1790355165.947 226.1 1.8
TL 1790355166.047 182.4 1.6
TL 1790355166.147 234.0 1.9
TL 1790355166.248 544.5 2.4
TL 1790355166.348 697.7 3.2
TL 1790355166.448 594.4 3.4
TL 1790355166.548 333.0 2.3
TL 1790355166.648 264.9 3.0
TL 1790355166.750 877.7 4.8
TL 1790355166.850 163.4 0.7
TL 1790355166.950 149.0 1.9
TL 1790355167.050 688.3 3.4
TL 1790355167.150 593.4 3.2
TL 1790355167.251 1156.9 2.0
TL 1790355167.351 484.4 3.2
TL 1790355167.451 720.5 3.5
TL 1790355167.551 403.6 3.0
TL 1790355167.651 313.5 2.2
TL 1790355167.751 234.2 1.6
TL 1790355167.851 381.7 1.7
TL 1790355167.951 232.8 1.8
TL 1790355168.052 527.1 2.7
TL 1790355168.152 209.8 1.5
TL 1790355168.252 196.0 1.8
TL 1790355168.352 599.4 2.8
TL 1790355168.453 762.6 3.9
TL 1790355168.552 421.7 2.8
TL 1790355168.652 184.8 1.7
TL 1790355168.753 302.9 2.5
TL 1790355168.853 111.0 0.7
TL 1790355168.953 421.9 3.7
TL 1790355169.054 427.1 3.7
TL 1790355169.153 177.1 1.8
TL 1790355169.254 702.1 2.4
TL 1790355169.354 490.9 2.8
TL 1790355169.454 530.7 3.6
TL 1790355169.555 1169.1 4.1
TL 1790355169.654 220.4 2.5
TL 1790355169.755 243.4 2.6
TL 1790355169.854 102.1 0.7
TL 1790355169.955 264.1 3.5
TL 1790355170.055 298.1 2.9
TL 1790355170.155 419.1 3.7
TL 1790355170.255 234.2 1.8
TL 1790355170.356 725.8 2.2
TL 1790355170.456 507.2 3.1
TL 1790355170.556 296.7 1.9
TL 1790355170.656 526.3 3.4
TL 1790355170.756 258.4 1.9
TL 1790355170.856 261.2 2.7
TL 1790355170.956 171.1 1.5
TL 1790355171.057 451.1 2.3
TL 1790355171.158 516.1 2.8
TL 1790355171.258 393.3 3.2
TL 1790355171.358 760.8 2.8
TL 1790355171.458 437.7 2.7
TL 1790355171.558 483.8 2.7
TL 1790355171.659 764.1 3.3
TL 1790355171.760 510.3 3.1
TL 1790355171.860 309.7 1.4
TL 1790355171.960 134.7 1.7
TL 1790355172.061 871.9 2.9
TL 1790355172.160 295.6 1.8
TL 1790355172.262 1167.2 2.3
TL 1790355172.362 766.1 3.0
TL 1790355172.462 405.2 3.3
TL 1790355172.561 157.4 3.3
TL 1790355172.662 392.5 3.2
TL 1790355172.764 2657.8 1.4
TL 1790355172.862 415.5 3.4
TL 1790355172.962 183.3 1.6
TL 1790355173.063 1166.9 3.0
TL 1790355173.163 342.0 2.9
TL 1790355173.263 298.5 2.0
TL 1790355173.364 424.9 3.9
TL 1790355173.464 833.4 3.3
TL 1790355173.565 1574.6 2.2
TL 1790355173.664 376.0 2.6
TL 1790355173.765 579.5 2.9
TL 1790355173.865 214.5 1.8
TL 1790355173.965 365.8 1.5
TL 1790355174.065 208.3 1.5
TL 1790355174.165 166.7 1.5
TL 1790355174.265 669.0 1.3
TL 1790355174.365 90.3 1.5
TL 1790355174.465 156.4 1.1
TL 1790355174.565 172.0 1.4
TL 1790355174.666 306.4 1.1
TL 1790355174.766 380.6 2.8
TL 1790355174.866 171.3 1.7
TL 1790355174.966 158.4 1.6
TL 1790355175.066 130.9 1.6
TL 1790355175.166 282.7 1.8
TL 1790355175.267 313.6 2.1
TL 1790355175.367 374.9 2.5
TL 1790355175.467 275.1 2.7
TL 1790355175.567 300.6 2.9
TL 1790355175.667 167.3 1.6
TL 1790355175.767 291.7 1.7
TL 1790355175.868 198.3 1.6
TL 1790355175.968 314.9 1.9
TL 1790355176.068 600.9 1.6
TL 1790355176.168 503.0 1.6
TL 1790355176.268 66.8 1.5
TL 1790355176.368 157.3 1.8
TL 1790355176.468 116.7 1.7
TL 1790355176.570 1469.3 2.2
TL 1790355176.669 333.2 1.6
TL 1790355176.769 168.8 1.6
TL 1790355176.869 293.8 1.7
TL 1790355176.969 293.1 1.9
TL 1790355177.069 301.8 1.6
TL 1790355177.169 217.8 1.5
TL 1790355177.270 346.5 1.5
TL 1790355177.370 155.1 1.5
TL 1790355177.470 222.8 1.7
TL 1790355177.570 154.8 1.2
TL 1790355177.670 625.1 2.0
TL 1790355177.770 312.0 1.9
TL 1790355177.870 235.3 1.5
TL 1790355177.971 278.4 3.2
TL 1790355178.071 222.1 1.5
TL 1790355178.171 241.0 1.7
TL 1790355178.271 311.4 3.6
TL 1790355178.372 312.8 2.2
TL 1790355178.472 295.8 26.3
TL 1790355178.572 391.3 2.3
TL 1790355178.672 454.2 2.2
TL 1790355178.772 256.6 3.5
TL 1790355178.873 274.5 1.7
TL 1790355178.973 390.9 2.6
TL 1790355179.073 277.2 2.2
TL 1790355179.173 392.4 1.9
TL 1790355179.273 203.1 2.1
TL 1790355179.374 620.8 1.4
TL 1790355179.473 342.4 1.4
TL 1790355179.573 110.4 1.6
TL 1790355179.674 236.7 1.6
TL 1790355179.774 179.4 2.1
TL 1790355179.874 285.4 1.4
TL 1790355179.974 230.3 1.8
TL 1790355180.074 338.0 3.0
TL 1790355180.174 215.2 1.7
TL 1790355180.275 243.0 1.6
TL 1790355180.375 158.2 1.2
TL 1790355180.475 200.9 1.8
TL 1790355180.575 290.2 1.4
TL 1790355180.675 315.7 1.5
TL 1790355180.775 125.8 1.0
TL 1790355180.875 186.2 1.6
TL 1790355180.976 305.7 2.4
TL 1790355181.076 284.6 1.4
TL 1790355181.176 405.7 1.1
TL 1790355181.276 405.3 1.4
TL 1790355181.376 322.7 2.7
TL 1790355181.477 252.2 1.9
TL 1790355181.577 255.7 1.6
TL 1790355181.677 374.4 1.5
TL 1790355181.777 225.6 2.1
TL 1790355181.877 150.2 2.1
TL 1790355181.977 586.9 1.6
TL 1790355182.077 184.5 2.6
TL 1790355182.177 205.1 1.8
TL 1790355182.278 153.9 2.1
TL 1790355182.378 334.1 2.9
TL 1790355182.478 216.6 2.3
TL 1790355182.578 58.6 1.6
TL 1790355182.678 80.4 2.1
TL 1790355182.778 66.7 1.1
TL 1790355182.878 186.0 1.1
TL 1790355182.978 112.4 1.4
TL 1790355183.079 486.6 1.6
TL 1790355183.179 378.5 3.2
TL 1790355183.280 235.0 1.4
TL 1790355183.380 393.1 2.7
TL 1790355183.480 453.0 3.3
TL 1790355183.581 400.4 1.9
TL 1790355183.681 170.1 1.5
TL 1790355183.781 415.8 2.3
TL 1790355183.881 749.4 2.7
TL 1790355183.982 302.2 2.6
TL 1790355184.082 405.0 1.7
TL 1790355184.182 291.3 1.5
TL 1790355184.282 249.8 1.7
TL 1790355184.382 442.1 2.7
TL 1790355184.482 314.8 2.3
TL 1790355184.583 258.1 1.7
TL 1790355184.683 283.7 2.6
TL 1790355184.783 271.9 2.4
TL 1790355184.883 324.4 2.3
TL 1790355184.983 161.9 2.1
TL 1790355185.083 334.2 2.5
TL 1790355185.183 243.6 2.5
TL 1790355185.284 576.8 1.6
TL 1790355185.384 378.0 1.7
TL 1790355185.484 276.3 1.9
TL 1790355185.585 376.3 1.6
TL 1790355185.685 265.2 2.2
TL 1790355185.785 149.1 1.6
TL 1790355185.885 488.4 1.8
TL 1790355185.985 334.0 1.5
TL 1790355186.085 302.2 1.2
TL 1790355186.185 144.1 1.7
TL 1790355186.285 141.6 1.5
TL 1790355186.386 251.9 2.2
TL 1790355186.486 220.1 2.4
TL 1790355186.586 218.9 1.3
TL 1790355186.686 217.4 2.4
TL 1790355186.786 140.4 1.6
TL 1790355186.886 237.0 1.8
TL 1790355186.986 197.4 1.9
TL 1790355187.086 216.2 1.2
TL 1790355187.187 182.7 1.3
TL 1790355187.287 172.7 2.4
TL 1790355187.387 245.6 1.8
TL 1790355187.487 133.4 1.3
TL 1790355187.587 224.2 1.5
TL 1790355187.687 186.7 1.6
TL 1790355187.787 146.3 1.5
TL 1790355187.887 225.9 2.2
TL 1790355187.988 278.7 1.7
TL 1790355188.088 300.9 2.6
TL 1790355188.188 334.5 2.1
TL 1790355188.288 180.1 3.1
TL 1790355188.388 343.2 2.0
TL 1790355188.488 195.1 2.0
TL 1790355188.589 279.9 1.5
TL 1790355188.689 370.9 2.3
TL 1790355188.789 104.5 2.1
TL 1790355188.889 192.9 1.8
TL 1790355188.989 299.0 2.1
TL 1790355189.089 326.0 1.5
TL 1790355189.189 232.1 2.4
TL 1790355189.289 204.7 3.0
TL 1790355189.390 368.4 2.4
TL 1790355189.490 237.3 2.5
TL 1790355189.590 459.3 2.5
TL 1790355189.690 254.8 2.2
TL 1790355189.791 245.5 1.6
TL 1790355189.891 209.2 2.5
TL 1790355189.991 388.5 2.4
TL 1790355190.091 176.9 1.4
TL 1790355190.191 612.9 2.3
TL 1790355190.291 169.1 1.6
TL 1790355190.391 381.9 2.2
TL 1790355190.492 580.0 1.7
TL 1790355190.591 168.6 1.5
TL 1790355190.692 191.1 1.5
TL 1790355190.792 395.1 2.4
TL 1790355190.892 612.7 2.2
TL 1790355190.992 322.0 2.2
TL 1790355191.092 168.0 1.6
TL 1790355191.192 274.8 1.8
TL 1790355191.293 410.8 2.6
TL 1790355191.393 278.0 1.8
TL 1790355191.493 254.6 2.3
TL 1790355191.593 263.7 2.4
TL 1790355191.693 385.4 2.2
TL 1790355191.793 209.3 1.4
TL 1790355191.893 285.0 1.8
TL 1790355191.993 195.2 2.2
TL 1790355192.093 183.9 2.3
TL 1790355192.194 305.6 2.2
TL 1790355192.294 384.7 1.9
TL 1790355192.394 416.5 3.1
TL 1790355192.494 260.4 2.0
TL 1790355192.594 216.2 1.1
TL 1790355192.695 316.6 2.0
TL 1790355192.795 263.3 1.5
TL 1790355192.895 694.6 2.1
TL 1790355192.995 577.9 2.1
TL 1790355193.095 446.9 2.1
TL 1790355193.195 186.5 1.3
TL 1790355193.296 304.6 2.2
TL 1790355193.396 307.1 1.8
TL 1790355193.496 272.4 2.6
TL 1790355193.596 332.5 2.2
TL 1790355193.697 283.4 2.5
TL 1790355193.798 282.0 2.1
TL 1790355193.898 335.4 2.4
TL 1790355193.998 380.1 2.0
TL 1790355194.098 167.4 1.8
TL 1790355194.198 302.0 2.1
TL 1790355194.298 215.1 2.0
TL 1790355194.399 443.6 2.3
TL 1790355194.498 207.6 2.1
TL 1790355194.599 224.2 1.8
TL 1790355194.699 384.2 3.0
TL 1790355194.799 543.3 2.0
TL 1790355194.900 859.8 2.6
TL 1790355194.999 575.5 2.6
TL 1790355195.099 207.6 1.4
TL 1790355195.199 164.3 1.8
TL 1790355195.300 418.1 2.0
TL 1790355195.400 176.3 2.0
TL 1790355195.500 276.2 2.2
TL 1790355195.600 212.6 1.6
TL 1790355195.700 383.0 2.2
TL 1790355195.800 111.4 1.8
TL 1790355195.900 341.6 2.9
TL 1790355196.000 269.8 3.0
TL 1790355196.101 245.0 2.1
TL 1790355196.201 227.2 1.6
TL 1790355196.301 569.9 2.3
TL 1790355196.401 243.6 1.9
TL 1790355196.501 414.7 2.4
TL 1790355196.601 134.8 1.5
TL 1790355196.702 298.4 2.4
TL 1790355196.801 111.5 1.4
TL 1790355196.902 483.4 2.4
TL 1790355197.002 198.7 1.9
TL 1790355197.102 264.0 2.4
TL 1790355197.202 236.6 1.9
TL 1790355197.302 280.1 2.0
TL 1790355197.402 187.6 1.7
TL 1790355197.503 242.3 1.7
TL 1790355197.603 194.0 1.5
TL 1790355197.703 279.1 1.8
TL 1790355197.803 156.4 1.8
TL 1790355197.903 462.2 2.0
TL 1790355198.003 252.5 1.9
TL 1790355198.103 176.6 1.5
TL 1790355198.204 687.8 1.6
TL 1790355198.304 388.9 3.5
TL 1790355198.404 366.2 1.9
TL 1790355198.504 423.3 3.1
TL 1790355198.604 327.1 2.0
TL 1790355198.705 353.0 2.8
TL 1790355198.805 151.9 2.4
TL 1790355198.905 814.3 3.6
TL 1790355199.005 148.6 2.0
TL 1790355199.105 469.5 2.3
TL 1790355199.206 449.9 2.0
TL 1790355199.306 415.2 2.2
TL 1790355199.406 350.8 2.2
TL 1790355199.506 408.0 2.6
TL 1790355199.607 292.7 1.9
TL 1790355199.707 248.8 1.7
TL 1790355199.807 314.6 2.3
TL 1790355199.909 1625.7 1.6
TL 1790355200.007 174.6 1.7
TL 1790355200.108 349.2 2.3
TL 1790355200.208 237.1 2.8
TL 1790355200.308 89.0 1.3
TL 1790355200.408 440.5 2.9
TL 1790355200.508 179.8 1.5
TL 1790355200.609 389.3 2.6
TL 1790355200.709 701.6 2.1
TL 1790355200.809 372.8 1.8
TL 1790355200.909 244.2 2.1
TL 1790355201.009 232.7 1.7
TL 1790355201.109 264.7 1.9
TL 1790355201.209 237.1 1.6
TL 1790355201.310 417.1 1.9
TL 1790355201.409 189.8 2.3
TL 1790355201.510 377.1 2.5
TL 1790355201.610 323.9 2.3
TL 1790355201.710 352.2 2.0
TL 1790355201.810 276.3 8.5
TL 1790355201.911 554.4 2.4
TL 1790355202.011 163.1 2.3
TL 1790355202.111 318.8 2.1
TL 1790355202.211 486.4 3.3
TL 1790355202.311 253.2 2.3
TL 1790355202.411 166.9 1.8
TL 1790355202.513 1728.5 2.0
TL 1790355202.612 1044.2 1.6
TL 1790355202.711 104.1 1.8
TL 1790355202.812 453.2 1.6
TL 1790355202.912 1021.7 1.4
TL 1790355203.012 248.9 1.6
TL 1790355203.112 522.8 1.6
TL 1790355203.212 304.5 1.2
TL 1790355203.316 4229.3 1.8
TL 1790355203.413 461.2 1.5
TL 1790355203.513 1011.5 1.4
TL 1790355203.614 1644.2 2.1
TL 1790355203.714 1220.9 1.5
TL 1790355203.813 499.1 1.8
TL 1790355203.914 1060.3 1.6
TL 1790355204.013 155.7 1.3
TL 1790355204.113 528.3 1.6
TL 1790355204.213 209.4 3.1
TL 1790355204.314 1136.7 2.2
TL 1790355204.415 1743.2 2.1
TL 1790355204.513 217.1 1.7
TL 1790355204.613 68.1 1.5
TL 1790355204.715 1710.8 1.9
TL 1790355204.814 559.3 2.0
TL 1790355204.914 141.4 1.6
TL 1790355205.014 780.8 1.5
TL 1790355205.114 152.0 1.4
TL 1790355205.216 1842.8 1.8
TL 1790355205.314 299.3 1.5
TL 1790355205.414 364.1 1.8
TL 1790355205.514 229.1 1.4
TL 1790355205.615 397.3 1.7
TL 1790355205.714 96.7 2.9
TL 1790355205.815 65.9 2.5
TL 1790355205.915 131.5 2.0
TL 1790355206.015 184.8 1.9
TL 1790355206.115 98.1 1.6
TL 1790355206.215 202.0 2.8
TL 1790355206.315 134.6 2.4
TL 1790355206.416 143.5 3.5
TL 1790355206.517 1491.1 2.3
TL 1790355206.616 69.5 2.1
TL 1790355206.716 264.0 2.1
TL 1790355206.816 218.3 2.4
TL 1790355206.917 476.3 1.9
TL 1790355207.016 109.0 1.6
TL 1790355207.117 323.3 2.2
TL 1790355207.217 349.7 2.2
TL 1790355207.317 172.0 1.8
TL 1790355207.417 294.9 2.6
TL 1790355207.519 443.8 2.6
TL 1790355207.619 279.1 2.4
TL 1790355207.719 811.9 1.9
TL 1790355207.820 936.6 2.5
TL 1790355207.919 230.7 2.0
TL 1790355208.019 186.9 1.9
TL 1790355208.120 410.8 1.5
TL 1790355208.220 275.0 1.4
TL 1790355208.320 337.3 1.8
TL 1790355208.421 540.1 2.3
TL 1790355208.521 204.6 1.7
TL 1790355208.621 221.1 9.8
TL 1790355208.721 379.4 2.0
TL 1790355208.821 398.6 2.0
TL 1790355208.922 498.6 2.0
TL 1790355209.021 206.5 1.9
TL 1790355209.122 264.5 1.7
TL 1790355209.222 334.4 3.0
TL 1790355209.322 393.2 2.5
TL 1790355209.422 381.4 2.1
TL 1790355209.522 289.1 1.8
TL 1790355209.623 778.2 2.7
TL 1790355209.723 415.0 2.3
TL 1790355209.823 331.3 2.9
TL 1790355209.923 318.8 1.7
TL 1790355210.023 223.8 1.5
TL 1790355210.123 172.7 1.6
TL 1790355210.223 306.9 2.1
TL 1790355210.323 241.7 1.8
TL 1790355210.424 313.1 1.9
TL 1790355210.524 305.8 2.0
TL 1790355210.624 144.6 1.9
TL 1790355210.724 395.8 3.1
TL 1790355210.824 401.9 2.0
TL 1790355210.924 250.8 1.9
TL 1790355211.024 123.9 1.5
TL 1790355211.124 253.3 1.8
TL 1790355211.225 431.1 2.0
TL 1790355211.325 258.5 1.8
TL 1790355211.425 197.1 1.6
TL 1790355211.525 491.4 2.0
TL 1790355211.625 312.1 2.4
TL 1790355211.725 176.8 2.0
TL 1790355211.826 202.4 1.7
TL 1790355211.926 337.7 1.9
TL 1790355212.026 209.5 1.1
TL 1790355212.126 225.3 2.2
TL 1790355212.226 240.7 2.3
TL 1790355212.327 273.5 3.1
TL 1790355212.427 220.3 2.4
TL 1790355212.527 268.6 2.4
TL 1790355212.627 240.9 2.3
TL 1790355212.727 528.8 2.4
TL 1790355212.827 239.4 2.4
TL 1790355212.927 283.2 3.0
TL 1790355213.027 177.7 2.1
TL 1790355213.128 273.1 2.7
TL 1790355213.229 1720.7 0.8
TL 1790355213.328 474.9 3.0
TL 1790355213.428 460.2 2.4
TL 1790355213.528 268.9 2.2
TL 1790355213.629 455.8 2.5
TL 1790355213.729 458.9 2.1
TL 1790355213.829 353.6 2.5
TL 1790355213.929 325.8 2.2
TL 1790355214.029 224.5 1.7
TL 1790355214.129 346.0 14.4
TL 1790355214.229 217.2 2.3
TL 1790355214.330 277.1 3.1
TL 1790355214.430 893.9 2.6
TL 1790355214.530 288.3 3.5
TL 1790355214.631 1253.3 1.5
TL 1790355214.731 168.2 1.5
TL 1790355214.832 368.5 1.8
TL 1790355214.933 717.3 1.8
TL 1790355215.032 324.4 2.1
TL 1790355215.133 696.9 2.3
TL 1790355215.233 285.3 2.4
TL 1790355215.333 117.0 1.4
TL 1790355215.434 242.2 1.5
TL 1790355215.534 190.4 2.0
TL 1790355215.634 286.6 1.8
TL 1790355215.734 207.8 2.4
TL 1790355215.834 307.9 1.6
TL 1790355215.934 285.6 1.9
TL 1790355216.034 295.5 2.4
TL 1790355216.135 533.5 2.4
TL 1790355216.235 518.6 2.6
TL 1790355216.335 294.8 2.7
TL 1790355216.435 286.4 2.3
TL 1790355216.535 354.5 2.6
TL 1790355216.636 451.6 1.8
TL 1790355216.736 318.9 18.0
TL 1790355216.836 339.4 1.9
TL 1790355216.936 396.0 2.3
TL 1790355217.036 171.3 1.0
TL 1790355217.136 220.2 2.6
TL 1790355217.237 604.9 2.4
TL 1790355217.336 117.5 1.5
TL 1790355217.437 249.1 2.0
TL 1790355217.537 340.1 2.8
TL 1790355217.637 277.3 2.6
TL 1790355217.737 255.5 2.4
TL 1790355217.837 188.8 1.4
TL 1790355217.937 207.8 2.2
TL 1790355218.038 204.2 1.2
TL 1790355218.138 496.8 2.0
TL 1790355218.238 246.7 2.1
TL 1790355218.338 184.5 1.8
TL 1790355218.438 358.1 1.9
TL 1790355218.538 278.6 1.7
TL 1790355218.638 173.4 1.6
TL 1790355218.739 328.1 2.6
TL 1790355218.839 342.2 2.8
TL 1790355218.939 356.9 2.4
TL 1790355219.039 253.1 1.0
TL 1790355219.140 523.0 2.2
TL 1790355219.240 391.2 2.2
TL 1790355219.340 572.1 2.7
TL 1790355219.440 356.4 2.6
TL 1790355219.541 586.0 2.1
TL 1790355219.641 310.8 2.4
TL 1790355219.741 444.1 3.1
TL 1790355219.841 434.0 2.2
TL 1790355219.942 694.1 2.5
TL 1790355220.041 109.3 0.9
TL 1790355220.142 417.0 2.2
TL 1790355220.241 196.1 1.8
TL 1790355220.342 286.8 2.3
TL 1790355220.443 1172.0 153.9
TL 1790355220.542 306.7 2.5
TL 1790355220.643 376.5 2.6
TL 1790355220.744 999.3 3.2
TL 1790355220.844 252.3 2.3
TL 1790355220.950 6362.1 1.9
TL 1790355221.044 215.8 1.3
TL 1790355221.144 255.9 1.6
TL 1790355221.244 506.7 1.7
TL 1790355221.344 188.8 2.1
TL 1790355221.448 252.8 1.9
TL 1790355221.548 294.4 1.8
TL 1790355221.649 487.9 2.4
TL 1790355221.749 330.9 2.0
TL 1790355221.849 417.7 2.7
TL 1790355221.949 170.5 1.5
TL 1790355222.049 176.0 0.7
TL 1790355222.149 223.9 1.6
TL 1790355222.250 470.2 2.5
TL 1790355222.350 376.0 2.5
TL 1790355222.450 227.8 1.8
TL 1790355222.550 400.5 2.2
TL 1790355222.651 356.3 2.2
TL 1790355222.751 468.4 2.3
TL 1790355222.851 286.7 2.2
TL 1790355222.951 289.0 2.4
TL 1790355223.051 148.8 0.9
TL 1790355223.151 219.9 2.0
TL 1790355223.251 175.2 1.7
TL 1790355223.351 175.1 1.8
TL 1790355223.451 270.2 2.1
TL 1790355223.552 460.0 2.4
TL 1790355223.652 350.2 2.4
TL 1790355223.752 529.8 3.0
TL 1790355223.852 176.9 1.4
TL 1790355223.952 226.1 1.8
TL 1790355224.052 259.9 1.1
TL 1790355224.152 181.6 1.7
TL 1790355224.254 1097.3 2.4
TL 1790355224.353 756.7 2.4
TL 1790355224.453 691.6 2.7
TL 1790355224.554 523.1 3.2
TL 1790355224.653 188.9 1.5
TL 1790355224.754 446.4 2.3
TL 1790355224.854 440.1 2.2
TL 1790355224.955 234.5 1.7
TL 1790355225.055 251.7 1.0
TL 1790355225.156 412.3 1.7
TL 1790355225.256 316.8 2.1
TL 1790355225.356 348.2 44.2
TL 1790355225.456 517.8 2.3
TL 1790355225.556 312.1 2.4
TL 1790355225.656 307.1 2.2
TL 1790355225.757 440.8 2.1
TL 1790355225.857 284.3 1.8
TL 1790355225.957 237.9 1.4
TL 1790355226.058 195.6 0.8
TL 1790355226.159 235.9 1.4
TL 1790355226.259 266.1 2.2
TL 1790355226.359 446.9 3.3
TL 1790355226.459 295.8 2.0
TL 1790355226.559 393.9 2.9
TL 1790355226.660 329.4 2.7
TL 1790355226.760 943.8 2.9
TL 1790355226.860 257.8 1.6
TL 1790355226.960 303.9 1.6
TL 1790355227.060 309.1 2.1
TL 1790355227.160 497.5 3.2
TL 1790355227.260 242.0 1.8
TL 1790355227.361 572.2 2.3
TL 1790355227.460 253.0 2.0
TL 1790355227.561 317.8 2.2
TL 1790355227.661 358.2 2.6
TL 1790355227.761 246.5 2.3
TL 1790355227.861 310.5 1.8
TL 1790355227.961 181.1 2.2
TL 1790355228.062 714.0 2.9
TL 1790355228.162 408.6 3.0
TL 1790355228.262 561.4 2.6
TL 1790355228.362 326.8 2.8
TL 1790355228.462 404.5 2.0
TL 1790355228.562 278.3 2.3
TL 1790355228.662 311.6 2.9
TL 1790355228.763 284.7 2.3
TL 1790355228.863 337.3 2.9
TL 1790355228.963 323.4 1.9
TL 1790355229.064 670.4 2.3
TL 1790355229.164 545.5 2.4
TL 1790355229.264 466.4 2.5
TL 1790355229.364 357.4 1.9
TL 1790355229.464 472.7 1.7
TL 1790355229.564 851.0 3.0
TL 1790355229.665 651.4 3.1
TL 1790355229.764 377.0 2.2
TL 1790355229.865 405.3 2.0
TL 1790355229.965 124.7 1.6
TL 1790355230.065 368.3 2.5
TL 1790355230.166 178.3 1.9
TL 1790355230.267 764.5 2.9
TL 1790355230.366 506.9 2.6
TL 1790355230.466 182.7 1.8
TL 1790355230.567 375.0 1.8
TL 1790355230.667 343.3 2.1
TL 1790355230.767 328.7 2.1
TL 1790355230.867 415.3 2.4
TL 1790355230.969 462.1 1.6
TL 1790355231.068 301.8 2.6
TL 1790355231.169 709.1 1.9
TL 1790355231.269 378.4 2.8
TL 1790355231.369 251.2 2.0
TL 1790355231.469 390.3 1.7
TL 1790355231.569 477.7 2.4
TL 1790355231.670 609.5 2.5
TL 1790355231.769 382.3 2.0
TL 1790355231.870 347.8 3.1
TL 1790355231.971 1557.4 1.7
TL 1790355232.070 346.3 2.5
TL 1790355232.170 465.2 2.5
TL 1790355232.270 234.3 2.0
TL 1790355232.370 566.5 2.0
TL 1790355232.472 2399.8 1.9
TL 1790355232.570 337.1 2.0
TL 1790355232.670 331.9 2.0
TL 1790355232.771 271.2 2.4
TL 1790355232.871 424.1 2.6
TL 1790355232.971 187.3 1.8
TL 1790355233.071 404.5 2.7
TL 1790355233.172 766.5 1.9
TL 1790355233.272 495.7 2.1
TL 1790355233.371 261.5 2.4
TL 1790355233.472 395.7 1.8
TL 1790355233.573 508.8 2.3
TL 1790355233.673 355.0 1.9
TL 1790355233.773 755.2 2.1
TL 1790355233.873 412.4 2.1
TL 1790355233.973 362.4 2.3
TL 1790355234.073 359.5 2.2
TL 1790355234.173 388.3 2.7
TL 1790355234.273 369.9 2.6
TL 1790355234.374 423.1 2.5
TL 1790355234.473 165.2 1.7
TL 1790355234.574 363.3 2.2
TL 1790355234.674 342.8 1.7
TL 1790355234.774 256.7 3.1
TL 1790355234.874 410.6 2.2
TL 1790355234.974 217.1 2.0
TL 1790355235.075 322.6 2.7
TL 1790355235.175 468.2 2.1
TL 1790355235.275 402.8 3.4
TL 1790355235.376 1001.8 2.6
TL 1790355235.477 332.3 1.7
TL 1790355235.577 260.6 1.5
TL 1790355235.677 425.2 2.4
TL 1790355235.777 511.5 2.6
TL 1790355235.878 801.7 2.7
TL 1790355235.980 311.9 2.2
TL 1790355236.080 353.0 2.3
TL 1790355236.181 375.0 2.4
TL 1790355236.281 388.4 1.9
TL 1790355236.381 169.9 1.9
TL 1790355236.489 8170.2 2.0
TL 1790355236.581 361.0 2.4
TL 1790355236.681 280.9 1.9
TL 1790355236.781 304.5 2.6
TL 1790355236.881 350.3 2.2
TL 1790355236.982 706.3 2.1
TL 1790355237.082 263.0 2.0
TL 1790355237.182 417.4 2.4
TL 1790355237.282 382.7 2.2
TL 1790355237.382 651.7 2.2
TL 1790355237.482 620.2 2.1
TL 1790355237.582 318.3 2.3
TL 1790355237.682 301.4 1.9
TL 1790355237.782 240.1 2.0
TL 1790355237.883 617.7 2.1
TL 1790355237.983 353.1 1.7
TL 1790355238.083 603.8 2.4
TL 1790355238.183 242.9 2.0
TL 1790355238.283 410.1 1.9
TL 1790355238.384 529.1 2.2
TL 1790355238.483 179.7 1.6
TL 1790355238.584 535.3 2.6
TL 1790355238.684 219.1 2.0
TL 1790355238.784 484.6 2.5
TL 1790355238.884 345.2 2.2
TL 1790355238.984 332.1 1.7
TL 1790355239.085 878.2 2.4
TL 1790355239.185 254.6 1.5
TL 1790355239.285 357.9 1.8
TL 1790355239.385 212.8 1.5
TL 1790355239.485 334.9 2.4
TL 1790355239.585 443.0 2.4
TL 1790355239.685 284.5 2.7
TL 1790355239.786 693.7 2.5
TL 1790355239.885 322.0 2.7
TL 1790355239.986 285.0 2.1
TL 1790355240.086 390.2 2.4
TL 1790355240.186 310.5 3.0
TL 1790355240.286 375.5 2.6
TL 1790355240.387 662.1 2.6
TL 1790355240.487 725.7 1.8
TL 1790355240.587 419.4 2.6
TL 1790355240.686 220.9 1.9
TL 1790355240.787 393.6 2.0
TL 1790355240.887 173.9 1.9
TL 1790355240.987 172.9 1.7
TL 1790355241.088 530.2 2.1
TL 1790355241.188 550.2 2.3
TL 1790355241.288 380.9 1.6
TL 1790355241.388 246.8 1.9
TL 1790355241.488 195.1 1.7
TL 1790355241.590 482.8 2.0
TL 1790355241.690 424.9 2.5
TL 1790355241.790 237.4 1.6
TL 1790355241.890 618.4 2.5
TL 1790355241.990 236.8 2.0
TL 1790355242.090 230.4 1.7
TL 1790355242.191 340.6 1.8
TL 1790355242.291 254.5 1.9
TL 1790355242.391 382.5 2.2
TL 1790355242.491 236.2 2.7
TL 1790355242.591 379.8 3.1
TL 1790355242.691 427.4 2.1
TL 1790355242.792 440.2 2.0
TL 1790355242.891 250.0 1.6
TL 1790355242.992 311.3 1.7
TL 1790355243.092 315.6 2.7
TL 1790355243.192 263.2 1.5
TL 1790355243.292 306.2 2.0
TL 1790355243.392 250.4 2.1
TL 1790355243.492 338.4 2.2
TL 1790355243.593 539.0 1.8
TL 1790355243.693 378.8 2.3
TL 1790355243.793 471.0 1.8
TL 1790355243.894 518.4 2.8
TL 1790355243.993 347.9 2.2
TL 1790355244.094 407.3 2.0
TL 1790355244.194 196.5 1.7
TL 1790355244.294 389.9 2.2
TL 1790355244.394 208.8 2.0
TL 1790355244.494 345.2 2.2
TL 1790355244.594 238.7 1.9
TL 1790355244.694 402.7 2.1
TL 1790355244.795 411.9 2.5
TL 1790355244.895 341.2 2.4
TL 1790355244.995 404.4 2.2
TL 1790355245.096 639.1 2.0
TL 1790355245.195 123.2 1.7
TL 1790355245.296 466.7 3.2
TL 1790355245.396 346.9 2.1
TL 1790355245.496 435.2 2.7
TL 1790355245.596 401.1 2.1
TL 1790355245.696 280.7 2.0
TL 1790355245.797 515.8 48.4
TL 1790355245.897 343.6 2.3
TL 1790355245.997 421.7 2.2
TL 1790355246.098 405.2 2.8
TL 1790355246.198 374.8 3.1
TL 1790355246.298 469.5 2.3
TL 1790355246.398 231.7 2.2
TL 1790355246.498 506.4 2.3
TL 1790355246.599 680.5 2.2
TL 1790355246.698 426.9 2.1
TL 1790355246.798 330.9 2.5
TL 1790355246.899 908.6 2.3
TL 1790355246.998 111.6 1.6
TL 1790355247.099 263.6 1.9
TL 1790355247.199 368.6 2.6
TL 1790355247.299 476.8 1.8
TL 1790355247.399 184.6 1.7
TL 1790355247.499 289.2 2.2
TL 1790355247.600 782.5 2.5
TL 1790355247.700 443.8 2.1
TL 1790355247.800 897.8 2.0
TL 1790355247.900 379.7 1.5
TL 1790355248.000 302.6 2.2
TL 1790355248.100 300.2 2.0
TL 1790355248.203 462.4 2.4
TL 1790355248.302 290.3 2.0
TL 1790355248.403 307.4 1.6
TL 1790355248.503 321.7 2.1
TL 1790355248.603 248.7 1.6
TL 1790355248.703 547.6 2.3
TL 1790355248.803 402.2 2.2
TL 1790355248.904 877.6 2.8
TL 1790355249.004 250.4 1.8
TL 1790355249.104 251.7 1.4
TL 1790355249.204 288.3 1.8
TL 1790355249.304 288.1 2.3
TL 1790355249.404 471.7 1.9
TL 1790355249.504 222.4 2.1
TL 1790355249.605 537.8 2.8
TL 1790355249.706 951.7 3.0
TL 1790355249.805 380.8 2.2
TL 1790355249.905 242.9 2.0
TL 1790355250.006 354.8 1.8
TL 1790355250.106 470.7 2.8
TL 1790355250.207 792.5 2.6
TL 1790355250.307 459.0 2.4
TL 1790355250.407 706.1 2.8
TL 1790355250.507 395.6 1.6
TL 1790355250.607 579.8 2.6
TL 1790355250.707 570.7 2.2
TL 1790355250.807 206.4 2.3
TL 1790355250.907 398.5 2.3
TL 1790355251.007 177.9 1.6
TL 1790355251.108 441.5 1.5
TL 1790355251.208 360.6 2.0
TL 1790355251.308 340.5 1.4
TL 1790355251.408 362.8 2.0
TL 1790355251.508 206.1 2.0
TL 1790355251.608 266.1 1.4
TL 1790355251.709 445.8 2.2
TL 1790355251.808 241.8 2.3
TL 1790355251.909 538.6 2.5
TL 1790355252.009 299.8 1.6
TL 1790355252.109 303.0 2.2
TL 1790355252.209 418.0 3.6
TL 1790355252.309 251.0 2.2
TL 1790355252.409 349.8 2.0
TL 1790355252.509 315.0 1.7
TL 1790355252.609 132.0 1.6
TL 1790355252.710 840.3 1.9
TL 1790355252.810 328.9 2.1
TL 1790355252.910 405.2 2.2
TL 1790355253.010 177.4 1.6
TL 1790355253.110 315.1 1.9
TL 1790355253.210 213.7 3.2
TL 1790355253.312 425.7 2.1
TL 1790355253.412 312.4 2.4
TL 1790355253.512 226.5 2.4
TL 1790355253.613 289.8 2.2
TL 1790355253.713 249.1 2.2
TL 1790355253.813 349.3 2.9
TL 1790355253.913 251.5 2.7
TL 1790355254.014 409.4 2.4
TL 1790355254.114 361.4 1.8
TL 1790355254.214 485.6 1.9
TL 1790355254.314 371.8 2.2
TL 1790355254.414 250.4 1.7
TL 1790355254.514 293.2 1.6
TL 1790355254.615 608.8 2.6
TL 1790355254.715 267.2 1.9
TL 1790355254.815 314.2 2.1
TL 1790355254.916 374.9 29.1
TL 1790355255.016 362.5 2.0
TL 1790355255.116 210.6 2.5
TL 1790355255.217 422.7 2.4
TL 1790355255.317 596.9 2.3
TL 1790355255.420 1206.7 1.9
TL 1790355255.519 245.1 1.7
TL 1790355255.620 317.3 1.8
TL 1790355255.720 225.7 2.4
TL 1790355255.820 463.5 3.0
TL 1790355255.922 1736.4 1.8
TL 1790355256.021 453.5 2.1
TL 1790355256.121 477.4 2.5
TL 1790355256.221 268.4 2.0
TL 1790355256.321 567.4 2.4
TL 1790355256.421 163.2 1.6
TL 1790355256.521 234.2 1.8
TL 1790355256.621 273.3 1.5
TL 1790355256.722 302.2 1.6
TL 1790355256.823 1134.4 2.8
TL 1790355256.922 729.6 1.9
TL 1790355257.022 689.1 2.0
TL 1790355257.122 259.6 1.5
TL 1790355257.222 175.5 1.9
TL 1790355257.323 394.5 1.6
TL 1790355257.423 196.1 1.4
TL 1790355257.523 260.4 1.7
TL 1790355257.623 403.7 2.1
TL 1790355257.723 584.3 2.0
TL 1790355257.823 416.5 2.9
TL 1790355257.924 436.6 12.8
TL 1790355258.024 388.3 1.5
TL 1790355258.124 650.6 1.8
TL 1790355258.224 506.7 2.1
TL 1790355258.324 333.5 2.6
TL 1790355258.424 364.6 3.1
TL 1790355258.524 343.8 2.8
TL 1790355258.624 185.3 1.3
TL 1790355258.725 461.2 2.2
TL 1790355258.825 332.3 2.2
TL 1790355258.925 239.6 1.8
TL 1790355259.025 344.8 2.2
TL 1790355259.125 262.0 2.2
TL 1790355259.225 376.9 2.9
TL 1790355259.325 296.5 2.5
TL 1790355259.426 329.0 2.0
TL 1790355259.526 298.6 2.5
TL 1790355259.626 247.6 1.8
TL 1790355259.726 610.5 2.3
TL 1790355259.826 177.4 1.9
TL 1790355259.926 335.5 1.8
TL 1790355260.027 713.3 2.0
TL 1790355260.127 465.9 2.6
TL 1790355260.227 437.9 2.3
TL 1790355260.327 439.9 2.4
TL 1790355260.427 268.9 1.8
TL 1790355260.527 458.3 2.4
TL 1790355260.628 681.3 2.5
TL 1790355260.728 838.6 2.8
TL 1790355260.828 311.7 2.4
TL 1790355260.928 316.1 1.7
TL 1790355261.028 354.6 1.5
TL 1790355261.128 346.8 2.0
TL 1790355261.228 393.2 2.2
TL 1790355261.329 393.3 2.6
TL 1790355261.429 483.5 1.8
TL 1790355261.532 3502.3 2.5
TL 1790355261.629 281.5 2.1
TL 1790355261.729 398.6 1.9
TL 1790355261.829 244.6 1.7
TL 1790355261.929 227.8 2.3
TL 1790355262.029 279.4 2.0
TL 1790355262.130 205.5 1.7
TL 1790355262.230 383.5 2.4
TL 1790355262.330 172.8 2.6
TL 1790355262.430 146.2 1.8
TL 1790355262.530 258.0 2.4
TL 1790355262.630 122.3 1.8
TL 1790355262.730 330.4 1.8
TL 1790355262.830 277.2 1.9
TL 1790355262.930 168.5 1.6
TL 1790355263.031 224.5 2.0
TL 1790355263.131 366.4 2.6
TL 1790355263.231 109.5 1.4
TL 1790355263.332 480.9 3.5
TL 1790355263.432 361.3 2.9
TL 1790355263.532 235.3 1.8
TL 1790355263.632 158.2 1.8
TL 1790355263.732 422.3 3.9
TL 1790355263.833 1041.4 1.6
TL 1790355263.933 387.9 3.5
TL 1790355264.033 188.1 1.6
TL 1790355264.133 210.4 1.8
TL 1790355264.233 257.0 1.9
TL 1790355264.333 166.2 2.0
TL 1790355264.433 422.1 2.3
TL 1790355264.533 176.5 1.8
TL 1790355264.634 518.2 2.4
TL 1790355264.734 184.2 1.9
TL 1790355264.834 200.2 1.9
TL 1790355264.934 179.6 1.8
TL 1790355265.034 262.4 2.5
TL 1790355265.135 423.9 2.6
TL 1790355265.234 199.6 2.4
TL 1790355265.335 186.2 2.3
TL 1790355265.435 290.5 1.4
TL 1790355265.535 408.0 3.3
TL 1790355265.635 309.7 2.2
TL 1790355265.735 212.2 2.2
TL 1790355265.836 205.6 2.1
TL 1790355265.936 213.3 1.8
TL 1790355266.037 387.7 2.1
TL 1790355266.137 250.1 2.0
TL 1790355266.236 117.9 1.4
TL 1790355266.337 291.8 1.8
TL 1790355266.437 204.8 1.6
TL 1790355266.537 462.0 1.9
TL 1790355266.637 353.6 3.0
TL 1790355266.737 150.0 1.5
TL 1790355266.837 281.7 1.7
TL 1790355266.937 210.0 1.6
TL 1790355267.037 181.6 1.6
TL 1790355267.138 231.7 1.7
TL 1790355267.238 154.9 1.8
TL 1790355267.338 267.4 1.8
TL 1790355267.438 235.9 1.8
TL 1790355267.538 194.3 1.5
TL 1790355267.638 200.9 1.9
TL 1790355267.738 301.6 1.6
TL 1790355267.838 249.9 2.3
TL 1790355267.939 193.6 1.6
TL 1790355268.039 116.2 1.7
TL 1790355268.139 240.4 1.4
TL 1790355268.239 241.9 1.4
TL 1790355268.339 301.4 2.8
TL 1790355268.439 159.9 1.7
TL 1790355268.539 250.6 1.8
TL 1790355268.639 215.4 2.1
TL 1790355268.740 271.6 2.8
TL 1790355268.840 382.8 2.4
TL 1790355268.940 460.7 3.4
TL 1790355269.040 363.0 2.6
TL 1790355269.140 148.1 2.5
TL 1790355269.240 197.7 1.3
TL 1790355269.340 141.0 1.4
TL 1790355269.441 473.5 3.9
TL 1790355269.541 137.8 1.5
TL 1790355269.641 337.8 2.1
TL 1790355269.741 247.3 1.8
TL 1790355269.841 163.9 2.1
TL 1790355269.943 616.1 2.8
TL 1790355270.043 158.9 2.4
TL 1790355270.143 211.2 1.8
TL 1790355270.243 142.4 1.2
TL 1790355270.343 401.8 3.3
TL 1790355270.443 165.4 1.6
TL 1790355270.543 163.1 1.9
TL 1790355270.643 166.0 1.7
TL 1790355270.743 140.6 1.2
TL 1790355270.843 170.8 1.7
TL 1790355270.944 134.7 1.5
TL 1790355271.044 196.1 1.5
TL 1790355271.144 252.2 1.7
TL 1790355271.244 160.6 1.2
TL 1790355271.344 219.3 1.9
TL 1790355271.444 248.5 1.7
TL 1790355271.544 213.1 1.9
TL 1790355271.644 120.9 1.5
TL 1790355271.745 264.6 1.4
TL 1790355271.845 229.2 1.8
TL 1790355271.945 307.6 2.0
TL 1790355272.045 320.7 1.9
TL 1790355272.145 283.8 2.8
TL 1790355272.245 178.2 0.7
TL 1790355272.345 187.0 1.9
TL 1790355272.446 477.3 1.6
TL 1790355272.546 339.2 1.9
TL 1790355272.646 286.0 2.2
TL 1790355272.747 434.9 2.7
TL 1790355272.847 321.4 2.4
TL 1790355272.947 657.4 2.2
TL 1790355273.047 198.1 2.1
TL 1790355273.147 240.2 2.2
TL 1790355273.247 150.5 1.1
TL 1790355273.348 995.9 5.1
TL 1790355273.447 148.8 1.5
TL 1790355273.547 224.1 1.7
TL 1790355273.648 436.8 2.9
TL 1790355273.748 151.5 1.4
TL 1790355273.848 470.9 3.1
TL 1790355273.948 294.4 2.4
TL 1790355274.048 174.8 2.1
TL 1790355274.149 153.1 1.6
TL 1790355274.249 323.2 1.9
TL 1790355274.349 170.1 1.7
TL 1790355274.449 188.2 1.6
TL 1790355274.549 235.8 1.5
TL 1790355274.649 125.4 1.8
TL 1790355274.750 408.2 1.3
TL 1790355274.850 259.5 2.0
TL 1790355274.950 354.9 1.9
TL 1790355275.050 181.4 1.4
TL 1790355275.150 219.6 2.2
TL 1790355275.250 203.5 1.4
TL 1790355275.350 145.5 2.1
TL 1790355275.450 291.4 1.5
TL 1790355275.550 191.7 1.9
TL 1790355275.650 199.8 1.6
TL 1790355275.751 791.6 3.0
TL 1790355275.851 383.4 2.9
TL 1790355275.951 250.8 2.3
TL 1790355276.051 221.4 2.2
TL 1790355276.151 373.9 3.5
TL 1790355276.251 151.7 0.6
TL 1790355276.352 372.7 2.1
TL 1790355276.451 132.8 2.2
TL 1790355276.552 182.3 2.0
TL 1790355276.652 215.9 1.9
TL 1790355276.752 139.9 2.0
TL 1790355276.852 176.0 1.9
TL 1790355276.952 208.4 2.1
TL 1790355277.052 319.6 2.4
TL 1790355277.152 191.0 1.8
TL 1790355277.252 138.2 1.3
TL 1790355277.353 211.7 1.9
TL 1790355277.453 152.3 1.9
TL 1790355277.553 299.1 2.0
TL 1790355277.653 234.6 1.8
TL 1790355277.753 197.4 1.8
TL 1790355277.853 308.4 3.6
TL 1790355277.953 220.7 1.6
TL 1790355278.053 157.7 1.7
TL 1790355278.154 295.8 2.4
TL 1790355278.254 117.0 0.8
TL 1790355278.354 631.3 2.3
TL 1790355278.454 297.1 1.6
TL 1790355278.554 223.3 2.4
TL 1790355278.654 170.4 2.2
TL 1790355278.754 185.0 1.8
TL 1790355278.855 358.2 2.8
TL 1790355278.955 241.6 1.9
TL 1790355279.055 238.7 2.0
TL 1790355279.155 254.0 1.6
TL 1790355279.255 144.9 1.2
TL 1790355279.355 256.6 1.6
TL 1790355279.455 134.3 2.7
TL 1790355279.555 148.1 1.8
TL 1790355279.656 151.8 2.0
TL 1790355279.756 145.4 2.4
TL 1790355279.856 131.4 1.8
TL 1790355279.956 401.4 1.7
TL 1790355280.056 380.2 2.0
TL 1790355280.156 178.5 1.8
TL 1790355280.256 117.2 0.9
TL 1790355280.357 243.1 1.7
TL 1790355280.457 239.1 1.7
TL 1790355280.557 121.6 1.6
TL 1790355280.657 166.0 2.5
TL 1790355280.757 126.8 2.3
TL 1790355280.857 167.6 1.6
TL 1790355280.957 384.2 1.9
TL 1790355281.057 167.8 1.7
TL 1790355281.157 237.4 2.1
TL 1790355281.257 119.0 1.0
TL 1790355281.358 185.1 1.8
TL 1790355281.458 263.1 2.1
TL 1790355281.558 200.3 2.2
TL 1790355281.658 164.9 2.2
TL 1790355281.758 301.8 3.7
TL 1790355281.858 269.5 1.6
TL 1790355281.958 131.3 1.7
TL 1790355282.059 186.1 1.7
TL 1790355282.159 110.9 1.8
TL 1790355282.259 189.7 1.8
TL 1790355282.359 177.7 2.1
TL 1790355282.459 189.7 2.0
TL 1790355282.560 1246.0 1.6
TL 1790355282.659 298.3 2.6
TL 1790355282.759 168.2 1.7
TL 1790355282.859 131.5 2.2
TL 1790355282.960 434.1 1.7
TL 1790355283.060 271.7 2.1
TL 1790355283.160 251.8 2.4
TL 1790355283.260 180.4 1.6
TL 1790355283.360 144.3 1.7
TL 1790355283.460 142.4 2.3
TL 1790355283.561 196.0 1.8
TL 1790355283.661 212.8 1.8
TL 1790355283.761 161.4 1.6
TL 1790355283.861 311.0 2.9
TL 1790355283.961 308.3 2.9
TL 1790355284.061 207.0 3.1
TL 1790355284.161 189.4 2.1
TL 1790355284.262 510.3 1.8
TL 1790355284.362 300.5 1.8
TL 1790355284.462 131.6 1.7
TL 1790355284.562 202.5 2.2
TL 1790355284.662 365.5 2.2
TL 1790355284.762 288.1 2.4
TL 1790355284.863 903.0 1.7
TL 1790355284.963 177.8 1.7
TL 1790355285.063 240.3 1.8
TL 1790355285.163 359.2 2.0
TL 1790355285.263 247.0 2.1
TL 1790355285.363 170.1 1.9
TL 1790355285.463 146.0 2.0
TL 1790355285.564 472.7 1.6
TL 1790355285.664 317.4 1.9
TL 1790355285.764 219.5 2.1
TL 1790355285.864 203.5 10.3
TL 1790355285.964 172.6 2.2
TL 1790355286.064 190.5 1.6
TL 1790355286.164 291.8 2.3
TL 1790355286.264 229.6 1.7
TL 1790355286.364 155.2 1.6
TL 1790355286.465 396.0 3.5
TL 1790355286.565 171.3 1.7
TL 1790355286.665 112.2 1.5
TL 1790355286.765 154.6 1.3
TL 1790355286.865 342.8 2.4
TL 1790355286.965 199.6 1.7
TL 1790355287.067 1833.2 2.4
TL 1790355287.166 387.0 1.6
TL 1790355287.266 195.9 1.6
TL 1790355287.366 325.4 3.1
TL 1790355287.466 279.3 2.3
TL 1790355287.566 228.5 1.5
TL 1790355287.666 361.7 2.9
TL 1790355287.766 129.1 1.8
TL 1790355287.867 311.7 2.7
TL 1790355287.967 318.8 2.3
TL 1790355288.067 258.7 2.7
TL 1790355288.167 281.6 2.2
TL 1790355288.267 253.0 1.8
TL 1790355288.367 141.9 2.1
TL 1790355288.467 114.6 1.9
TL 1790355288.567 180.4 1.8
TL 1790355288.667 130.9 1.5
TL 1790355288.768 363.9 3.6
TL 1790355288.868 244.0 1.5
TL 1790355288.968 153.5 1.6
TL 1790355289.068 158.6 1.9
TL 1790355289.168 497.9 1.8
TL 1790355289.268 184.4 1.7
TL 1790355289.369 243.2 1.9
TL 1790355289.469 210.1 2.2
TL 1790355289.569 350.4 3.1
TL 1790355289.669 312.0 1.7
TL 1790355289.769 195.2 1.8
TL 1790355289.869 204.1 1.8
TL 1790355289.969 164.0 1.6
TL 1790355290.069 203.4 1.7
TL 1790355290.169 191.2 2.1
TL 1790355290.270 290.6 1.5
TL 1790355290.370 169.6 2.7
TL 1790355290.470 179.0 1.5
TL 1790355290.570 486.7 3.7
TL 1790355290.671 315.6 2.3
TL 1790355290.771 153.4 1.6
TL 1790355290.871 296.5 2.0
TL 1790355290.971 194.1 1.5
TL 1790355291.071 115.9 1.4
TL 1790355291.171 153.5 5.6
TL 1790355291.271 153.2 1.7
TL 1790355291.372 216.8 1.7
TL 1790355291.472 228.0 2.4
TL 1790355291.572 230.4 2.0
TL 1790355291.672 196.1 1.6
TL 1790355291.772 167.7 2.9
TL 1790355291.872 232.4 1.9
TL 1790355291.973 417.4 3.1
TL 1790355292.073 251.1 2.1
TL 1790355292.173 229.2 1.8
TL 1790355292.275 2307.2 2.0
TL 1790355292.373 362.4 1.8
TL 1790355292.473 288.8 1.7
TL 1790355292.573 184.7 1.5
TL 1790355292.674 244.1 1.9
TL 1790355292.774 180.4 1.8
TL 1790355292.874 193.0 1.7
TL 1790355292.974 261.1 1.6
TL 1790355293.074 185.8 1.9
TL 1790355293.174 164.3 1.6
TL 1790355293.274 235.2 2.2
TL 1790355293.374 174.7 2.4
TL 1790355293.474 306.9 2.2
TL 1790355293.575 384.3 2.2
TL 1790355293.674 132.1 1.6
TL 1790355293.775 288.2 2.6
TL 1790355293.875 385.8 2.2
TL 1790355293.975 200.7 3.4
TL 1790355294.075 627.4 2.0
TL 1790355294.175 157.9 1.7
TL 1790355294.275 156.3 1.6
TL 1790355294.375 243.3 2.1
TL 1790355294.476 204.2 1.8
TL 1790355294.576 203.3 1.9
TL 1790355294.676 181.4 1.6
TL 1790355294.776 154.9 2.2
TL 1790355294.876 182.7 2.1
TL 1790355294.977 596.5 1.6
TL 1790355295.077 237.3 2.3
TL 1790355295.177 221.5 1.3
TL 1790355295.277 323.6 1.9
TL 1790355295.377 359.1 1.8
TL 1790355295.477 360.3 2.0
TL 1790355295.577 154.8 1.5
TL 1790355295.677 146.5 1.9
TL 1790355295.777 237.0 2.0
TL 1790355295.877 169.8 1.3
TL 1790355295.978 254.7 1.9
TL 1790355296.078 187.7 1.5
TL 1790355296.179 176.2 1.6
TL 1790355296.279 269.2 1.9
TL 1790355296.379 226.8 1.7
TL 1790355296.479 155.3 1.4
TL 1790355296.579 274.8 1.9
TL 1790355296.679 173.7 1.5
TL 1790355296.780 328.2 1.8
TL 1790355296.880 209.9 2.1
TL 1790355296.980 187.9 1.5
TL 1790355297.080 265.7 2.0
TL 1790355297.183 3450.7 2.1
TL 1790355297.280 174.4 1.7
TL 1790355297.380 154.7 1.7
TL 1790355297.481 232.8 1.5
TL 1790355297.581 147.7 2.0
TL 1790355297.681 152.4 1.7
TL 1790355297.781 281.5 1.9
TL 1790355297.881 232.1 1.9
TL 1790355297.981 181.6 1.4
TL 1790355298.081 296.1 2.1
TL 1790355298.181 160.5 1.8
TL 1790355298.281 186.1 1.9
TL 1790355298.382 535.1 1.9
TL 1790355298.482 191.7 1.8
TL 1790355298.582 149.5 1.8
TL 1790355298.682 111.9 2.0
TL 1790355298.782 239.8 1.4
TL 1790355298.882 206.8 1.9
TL 1790355298.983 444.8 3.2
TL 1790355299.083 367.5 3.0
TL 1790355299.183 156.0 2.1
TL 1790355299.283 222.6 2.1
TL 1790355299.383 363.0 1.8
TL 1790355299.483 175.0 1.8
TL 1790355299.583 315.4 2.6
TL 1790355299.683 186.2 2.2
TL 1790355299.783 172.3 2.0
TL 1790355299.884 169.4 1.6
TL 1790355299.984 307.6 1.9
TL 1790355300.084 210.2 2.0
TL 1790355300.184 197.8 1.7
TL 1790355300.284 173.6 2.0
TL 1790355300.384 169.9 2.1
TL 1790355300.485 657.1 3.3
TL 1790355300.585 492.1 3.7
TL 1790355300.685 155.7 1.7
TL 1790355300.785 487.7 15.8
TL 1790355300.885 141.3 2.0
TL 1790355300.985 235.1 2.2
TL 1790355301.086 277.3 1.9
TL 1790355301.186 122.4 1.9
TL 1790355301.286 368.0 2.2
TL 1790355301.386 141.6 1.4
TL 1790355301.486 179.3 2.2
TL 1790355301.586 363.1 2.7
TL 1790355301.686 161.1 2.1
TL 1790355301.786 225.1 1.7
TL 1790355301.886 234.9 2.0
TL 1790355301.987 233.5 2.2
TL 1790355302.087 175.7 2.0
TL 1790355302.187 172.2 1.9
TL 1790355302.287 298.3 1.7
TL 1790355302.387 184.6 2.6
TL 1790355302.487 239.3 1.5
TL 1790355302.587 158.9 1.4
TL 1790355302.687 161.8 1.9
TL 1790355302.788 296.6 1.7
TL 1790355302.888 230.8 2.4
TL 1790355302.988 178.7 2.0
TL 1790355303.088 148.2 1.8
TL 1790355303.188 151.7 1.6
TL 1790355303.288 126.9 1.5
TL 1790355303.389 230.3 2.1
TL 1790355303.489 121.3 1.8
TL 1790355303.589 179.7 1.7
TL 1790355303.689 140.8 1.8
TL 1790355303.789 153.7 2.1
TL 1790355303.890 685.3 2.4
TL 1790355303.990 176.0 2.1
TL 1790355304.090 233.1 2.2
TL 1790355304.190 268.7 2.7
TL 1790355304.290 393.9 2.1
TL 1790355304.391 273.6 1.8
TL 1790355304.491 329.6 3.0
TL 1790355304.591 324.3 3.4
TL 1790355304.692 492.0 4.0
TL 1790355304.792 409.0 3.7
TL 1790355304.892 235.0 1.8
TL 1790355304.992 274.0 1.4
TL 1790355305.092 468.2 2.9
TL 1790355305.192 249.3 1.9
TL 1790355305.292 196.1 1.6
TL 1790355305.392 433.9 1.9
TL 1790355305.492 128.9 1.8
TL 1790355305.593 277.4 2.4
TL 1790355305.693 202.3 1.9
TL 1790355305.793 194.5 1.9
TL 1790355305.893 131.4 1.6
TL 1790355305.993 436.8 2.9
TL 1790355306.093 187.3 2.3
TL 1790355306.193 152.7 1.8
TL 1790355306.293 178.0 2.0
TL 1790355306.393 154.6 2.3
TL 1790355306.494 141.5 1.7
TL 1790355306.594 159.0 1.4
TL 1790355306.694 353.0 3.5
TL 1790355306.794 217.3 2.5
TL 1790355306.894 483.0 3.1
TL 1790355306.995 556.8 2.9
TL 1790355307.094 197.4 1.5
TL 1790355307.194 199.1 1.5
TL 1790355307.295 169.2 1.4
TL 1790355307.395 187.8 1.5
TL 1790355307.495 272.1 2.1
TL 1790355307.595 181.8 1.8
TL 1790355307.695 119.4 1.5
TL 1790355307.795 230.1 1.7
TL 1790355307.895 175.7 1.9
TL 1790355307.995 136.8 1.7
TL 1790355308.096 509.7 1.9
TL 1790355308.195 204.1 2.3
TL 1790355308.296 112.4 1.8
TL 1790355308.396 252.8 2.4
TL 1790355308.496 130.8 1.6
TL 1790355308.596 203.1 1.9
TL 1790355308.696 166.5 1.9
TL 1790355308.796 224.3 2.1
TL 1790355308.896 171.9 1.8
TL 1790355308.996 140.3 1.2
TL 1790355309.097 246.6 1.7
TL 1790355309.197 186.6 2.2
TL 1790355309.297 169.4 2.2
TL 1790355309.397 229.2 1.8
TL 1790355309.497 612.9 3.6
TL 1790355309.597 138.4 1.6
TL 1790355309.697 248.1 2.2
TL 1790355309.797 170.7 1.6
TL 1790355309.897 173.7 1.6
TL 1790355309.998 207.3 2.5
TL 1790355310.098 320.8 1.7
TL 1790355310.198 194.7 1.9
TL 1790355310.298 209.4 1.6
TL 1790355310.398 124.2 1.6
TL 1790355310.498 217.3 2.1
TL 1790355310.598 328.1 1.7
TL 1790355310.698 253.7 1.7
TL 1790355310.798 177.3 1.8
TL 1790355310.899 413.5 2.0
TL 1790355310.999 300.4 1.6
TL 1790355311.099 140.6 1.9
TL 1790355311.199 196.5 1.6
TL 1790355311.299 145.6 1.4
TL 1790355311.399 165.3 1.6
TL 1790355311.499 280.5 1.6
TL 1790355311.600 321.0 3.6
TL 1790355311.699 114.3 1.7
TL 1790355311.800 250.5 1.7
TL 1790355311.900 343.5 3.0
TL 1790355312.000 195.4 1.6
TL 1790355312.100 472.2 1.7
TL 1790355312.200 167.9 1.9
TL 1790355312.300 126.1 1.6
TL 1790355312.401 219.3 1.4
TL 1790355312.501 233.0 2.0
TL 1790355312.601 301.9 2.4
TL 1790355312.701 151.8 1.5
TL 1790355312.801 230.4 2.4
TL 1790355312.902 536.4 3.2
TL 1790355313.002 154.8 1.7
TL 1790355313.102 790.4 3.2
TL 1790355313.202 169.7 1.5
TL 1790355313.302 226.9 1.9
TL 1790355313.403 605.5 1.7
TL 1790355313.503 526.8 3.6
TL 1790355313.603 264.5 7.1
TL 1790355313.703 158.5 2.8
TL 1790355313.803 246.0 2.4
TL 1790355313.903 484.1 43.7
TL 1790355314.003 236.0 2.4
TL 1790355314.103 315.5 2.1
TL 1790355314.203 372.7 2.7
TL 1790355314.303 265.9 2.3
TL 1790355314.404 233.3 2.1
TL 1790355314.504 244.3 1.7
TL 1790355314.604 404.1 1.7
TL 1790355314.704 357.7 1.7
TL 1790355314.804 168.7 1.8
TL 1790355314.904 271.6 1.7
TL 1790355315.004 221.0 2.3
TL 1790355315.104 248.3 1.5
TL 1790355315.210 2073.9 2.0
TL 1790355315.308 109.3 1.7
TL 1790355315.408 178.2 2.2
TL 1790355315.508 186.0 2.0
TL 1790355315.609 285.7 2.7
TL 1790355315.709 233.3 1.8
TL 1790355315.809 154.7 2.2
TL 1790355315.909 157.7 1.9
TL 1790355316.009 148.2 1.7
TL 1790355316.109 147.2 1.7
TL 1790355316.209 267.7 1.6
TL 1790355316.309 121.3 1.8
TL 1790355316.410 261.0 1.6
TL 1790355316.510 237.8 2.2
TL 1790355316.610 124.6 1.6
TL 1790355316.710 350.1 2.1
TL 1790355316.810 350.3 2.2
TL 1790355316.910 342.6 2.4
TL 1790355317.010 157.5 1.6
TL 1790355317.111 325.1 2.3
TL 1790355317.211 514.3 2.4
TL 1790355317.311 250.3 1.7
TL 1790355317.411 136.8 2.1
TL 1790355317.511 373.5 3.2
TL 1790355317.611 176.0 1.5
TL 1790355317.711 262.9 2.1
TL 1790355317.811 190.8 2.4
TL 1790355317.911 120.6 1.6
TL 1790355318.012 159.5 1.6
TL 1790355318.112 248.9 2.2
TL 1790355318.212 199.3 2.1
TL 1790355318.312 283.1 2.6
TL 1790355318.412 176.8 2.7
TL 1790355318.512 106.9 14.1
TL 1790355318.612 302.2 1.7
TL 1790355318.712 149.5 1.7
TL 1790355318.813 156.3 1.8
TL 1790355318.913 180.9 2.0
TL 1790355319.013 236.2 2.8
TL 1790355319.113 209.9 1.9
TL 1790355319.213 278.1 1.8
TL 1790355319.313 181.4 1.6
TL 1790355319.413 232.8 2.5
TL 1790355319.513 167.1 2.0
TL 1790355319.614 183.7 3.0
TL 1790355319.714 179.1 1.8
TL 1790355319.814 175.6 1.8
TL 1790355319.914 176.6 1.8
TL 1790355320.014 191.5 2.4
TL 1790355320.114 400.7 3.4
TL 1790355320.214 253.5 2.8
TL 1790355320.315 252.4 2.1
TL 1790355320.415 356.1 1.7
TL 1790355320.515 371.7 3.2
TL 1790355320.615 399.1 3.6
TL 1790355320.715 153.4 1.9
TL 1790355320.816 470.8 3.4
TL 1790355320.916 414.3 3.7
TL 1790355321.016 166.5 1.8
TL 1790355321.116 265.5 1.7
TL 1790355321.216 272.1 2.2
TL 1790355321.316 193.9 1.6
TL 1790355321.416 143.4 1.5
TL 1790355321.516 346.8 3.7
TL 1790355321.616 264.1 1.7
TL 1790355321.716 197.2 1.5
TL 1790355321.817 242.6 2.2
TL 1790355321.917 161.0 3.2
TL 1790355322.017 317.4 2.0
TL 1790355322.117 238.0 1.8
TL 1790355322.217 160.9 1.8
TL 1790355322.317 205.6 1.6
TL 1790355322.417 173.7 1.6
TL 1790355322.518 354.2 2.1
TL 1790355322.617 213.9 1.6
TL 1790355322.718 178.3 1.8
TL 1790355322.818 134.6 2.1
TL 1790355322.918 176.0 1.3
TL 1790355323.018 242.2 1.6
TL 1790355323.118 186.9 1.9
TL 1790355323.219 480.3 3.4
TL 1790355323.318 241.8 2.4
TL 1790355323.419 159.2 1.8
TL 1790355323.519 385.7 1.9
TL 1790355323.619 162.2 1.7
TL 1790355323.719 166.0 2.6
TL 1790355323.819 204.0 1.6
TL 1790355323.919 281.9 2.7
TL 1790355324.019 166.2 1.6
TL 1790355324.120 212.7 1.5
TL 1790355324.220 172.7 2.0
TL 1790355324.320 166.2 1.6
TL 1790355324.420 130.6 1.9
TL 1790355324.520 468.9 3.3
TL 1790355324.620 243.5 2.6
TL 1790355324.720 355.9 2.2
TL 1790355324.820 151.6 1.9
TL 1790355324.920 156.2 1.9
TL 1790355325.021 127.9 1.6
TL 1790355325.121 516.2 3.4
TL 1790355325.221 261.5 2.6
TL 1790355325.321 250.5 1.9
TL 1790355325.421 196.0 1.6
TL 1790355325.521 224.6 1.6
TL 1790355325.621 263.5 2.2
TL 1790355325.722 426.9 2.3
TL 1790355325.821 178.6 1.9
TL 1790355325.922 229.9 1.5
TL 1790355326.022 185.3 1.6
TL 1790355326.122 125.0 2.0
TL 1790355326.222 410.5 3.1
TL 1790355326.322 262.0 1.7
TL 1790355326.422 175.3 2.0
TL 1790355326.523 216.5 1.6
TL 1790355326.623 133.7 1.8
TL 1790355326.723 432.2 1.7
TL 1790355326.823 309.8 2.3
TL 1790355326.923 192.9 1.7
TL 1790355327.023 134.6 1.6
TL 1790355327.123 162.3 1.7
TL 1790355327.223 264.6 1.7
TL 1790355327.323 177.7 2.0
TL 1790355327.424 154.5 1.8
TL 1790355327.524 175.3 1.8
TL 1790355327.624 340.9 2.5
TL 1790355327.724 445.2 3.3
TL 1790355327.824 144.8 1.6
TL 1790355327.925 500.2 1.7
TL 1790355328.025 252.1 2.1
TL 1790355328.125 393.6 1.6
TL 1790355328.225 317.8 2.0
TL 1790355328.325 138.1 1.9
TL 1790355328.425 225.2 1.9
TL 1790355328.525 247.1 2.0
TL 1790355328.625 359.8 2.2
TL 1790355328.725 161.9 1.7
TL 1790355328.825 176.8 1.5
TL 1790355328.926 245.0 2.7
TL 1790355329.026 281.1 1.9
TL 1790355329.126 255.4 1.7
TL 1790355329.226 270.7 1.9
TL 1790355329.327 349.4 3.0
TL 1790355329.427 353.1 2.8
TL 1790355329.527 293.7 3.0
TL 1790355329.627 179.7 1.6
TL 1790355329.727 323.6 1.8
TL 1790355329.828 564.8 3.0
TL 1790355329.927 176.9 1.9
TL 1790355330.028 268.3 1.8
TL 1790355330.128 406.8 4.8
TL 1790355330.228 404.1 3.2
TL 1790355330.328 208.9 2.0
TL 1790355330.428 113.2 1.0
TL 1790355330.528 171.6 1.6
TL 1790355330.628 289.1 1.7
TL 1790355330.728 251.3 3.4
TL 1790355330.829 261.7 1.4
TL 1790355330.929 263.8 1.9
TL 1790355331.029 234.8 1.9
TL 1790355331.129 214.6 1.7
TL 1790355331.229 136.3 1.8
TL 1790355331.329 217.6 1.8
TL 1790355331.429 322.0 2.3
TL 1790355331.529 337.0 2.7
TL 1790355331.630 444.3 1.5
TL 1790355331.730 183.5 1.9
TL 1790355331.830 251.5 1.9
TL 1790355331.930 148.3 1.8
TL 1790355332.031 930.9 3.6
TL 1790355332.130 320.8 2.1
TL 1790355332.231 483.3 53.6
TL 1790355332.330 145.1 2.3
TL 1790355332.430 212.1 2.3
TL 1790355332.531 405.6 2.1
TL 1790355332.631 202.1 2.2
TL 1790355332.731 262.9 1.6
TL 1790355332.831 252.6 1.9
TL 1790355332.931 109.5 2.0
TL 1790355333.032 837.7 1.9
TL 1790355333.131 271.2 2.0
TL 1790355333.232 623.5 0.8
TL 1790355333.332 264.5 2.0
TL 1790355333.432 579.3 2.3
TL 1790355333.532 189.6 1.6
TL 1790355333.632 194.5 1.9
TL 1790355333.732 242.3 3.0
TL 1790355333.832 144.3 1.7
TL 1790355333.932 188.4 1.8
TL 1790355334.033 189.9 2.1
TL 1790355334.133 306.6 2.8
TL 1790355334.233 280.7 2.1
TL 1790355334.333 173.8 2.0
TL 1790355334.433 193.7 1.6
TL 1790355334.533 245.4 2.0
TL 1790355334.634 233.9 1.8
TL 1790355334.734 222.2 1.5
TL 1790355334.834 314.4 2.0
TL 1790355334.934 443.5 2.1
TL 1790355335.034 347.7 1.5
TL 1790355335.134 253.7 2.2
TL 1790355335.234 212.6 1.5
TL 1790355335.334 148.7 1.4
TL 1790355335.434 142.0 1.4
TL 1790355335.535 203.4 1.9
TL 1790355335.635 332.3 1.7
TL 1790355335.735 217.2 2.8
TL 1790355335.835 193.0 2.5
TL 1790355335.935 491.1 2.5
TL 1790355336.035 223.8 2.5
TL 1790355336.135 148.6 2.0
TL 1790355336.235 115.4 1.7
TL 1790355336.336 215.0 1.7
TL 1790355336.436 189.6 1.7
TL 1790355336.536 347.2 3.2
TL 1790355336.636 156.5 1.6
TL 1790355336.736 259.2 1.4
TL 1790355336.836 176.2 1.6
TL 1790355336.936 290.2 1.8
TL 1790355337.036 157.9 1.5
TL 1790355337.136 174.2 2.3
TL 1790355337.237 294.6 2.3
TL 1790355337.337 227.8 2.8
TL 1790355337.437 335.7 2.5
TL 1790355337.537 345.5 3.6
TL 1790355337.637 223.2 1.6
TL 1790355337.737 158.0 52.5
TL 1790355337.837 224.0 2.1
TL 1790355337.938 442.4 1.6
TL 1790355338.038 131.1 2.2
TL 1790355338.138 172.4 1.6
TL 1790355338.238 191.2 2.3
TL 1790355338.338 137.3 2.2
TL 1790355338.439 237.2 1.2
TL 1790355338.539 187.3 2.2
TL 1790355338.639 199.4 3.6
TL 1790355338.739 229.6 1.9
TL 1790355338.839 205.2 2.0
TL 1790355338.939 263.7 2.1
TL 1790355339.039 251.9 1.6
TL 1790355339.140 212.1 1.8
TL 1790355339.240 219.6 1.4
TL 1790355339.340 184.8 2.0
TL 1790355339.440 629.4 1.6
TL 1790355339.540 244.7 1.5
TL 1790355339.640 143.0 2.0
TL 1790355339.740 294.4 1.5
TL 1790355339.840 146.9 1.7
TL 1790355339.943 665.1 2.4
TL 1790355340.043 482.2 2.1
TL 1790355340.143 340.2 1.9
TL 1790355340.243 145.1 1.4
TL 1790355340.343 479.7 3.1
TL 1790355340.443 127.5 1.6
TL 1790355340.544 457.9 3.9
TL 1790355340.644 279.8 2.6
TL 1790355340.744 332.1 3.8
TL 1790355340.844 352.5 4.3
TL 1790355340.944 517.9 3.2
TL 1790355341.044 223.7 1.9
TL 1790355341.145 601.7 3.3
TL 1790355341.245 730.9 7.7
TL 1790355341.345 248.1 1.6
TL 1790355341.445 235.7 2.6
TL 1790355341.545 271.8 1.8
TL 1790355341.645 214.1 1.6
TL 1790355341.746 168.6 1.7
TL 1790355341.846 181.9 2.0
TL 1790355341.946 245.7 1.7
TL 1790355342.046 144.0 2.4
TL 1790355342.146 103.4 1.6
TL 1790355342.246 172.3 1.8
TL 1790355342.346 133.0 1.9
TL 1790355342.447 285.6 2.0
TL 1790355342.547 226.7 1.5
TL 1790355342.647 172.4 2.1
TL 1790355342.747 131.6 1.5
TL 1790355342.847 122.7 2.0
TL 1790355342.947 477.9 1.7
TL 1790355343.047 328.1 3.1
TL 1790355343.147 149.8 2.4
TL 1790355343.248 800.1 1.2
TL 1790355343.347 265.4 2.0
TL 1790355343.447 143.1 1.8
TL 1790355343.548 186.8 1.8
TL 1790355343.648 465.9 1.8
TL 1790355343.748 608.7 1.6
TL 1790355343.848 159.3 2.1
TL 1790355343.948 309.5 1.7
TL 1790355344.048 250.8 2.4
TL 1790355344.148 155.3 1.7
TL 1790355344.248 180.8 1.6
TL 1790355344.349 294.5 1.4
TL 1790355344.449 167.0 1.7
TL 1790355344.549 412.1 2.5
TL 1790355344.649 252.1 2.0
TL 1790355344.749 195.2 1.6
TL 1790355344.849 230.8 1.5
TL 1790355344.950 417.1 2.7
TL 1790355345.050 132.8 1.9
TL 1790355345.150 156.7 1.9
TL 1790355345.250 302.0 1.6
TL 1790355345.350 150.3 1.6
TL 1790355345.450 203.6 1.9
TL 1790355345.550 189.2 2.0
TL 1790355345.650 165.4 1.6
TL 1790355345.750 178.8 2.6
TL 1790355345.851 286.7 2.1
TL 1790355345.951 207.0 1.7
TL 1790355346.051 178.9 1.8
TL 1790355346.151 138.9 1.6
TL 1790355346.251 221.8 2.2
TL 1790355346.351 135.8 1.4
TL 1790355346.451 245.6 1.6
TL 1790355346.551 315.2 1.8
TL 1790355346.651 115.5 1.6
TL 1790355346.752 286.1 2.6
TL 1790355346.852 192.2 2.2
TL 1790355346.952 144.6 2.1
TL 1790355347.052 258.2 2.2
TL 1790355347.152 130.2 2.3
TL 1790355347.253 708.0 2.0
TL 1790355347.353 211.7 2.4
TL 1790355347.453 186.2 1.7
TL 1790355347.553 294.7 1.6
TL 1790355347.653 143.4 1.5
TL 1790355347.753 168.0 1.6
TL 1790355347.853 261.3 2.9
TL 1790355347.953 339.9 1.7
TL 1790355348.053 223.5 1.8
TL 1790355348.153 99.7 1.6
TL 1790355348.254 152.3 1.5
TL 1790355348.354 163.8 1.6
TL 1790355348.454 154.5 1.8
TL 1790355348.554 145.4 1.8
TL 1790355348.654 413.9 2.9
TL 1790355348.755 715.4 1.8
TL 1790355348.855 260.2 1.9
TL 1790355348.955 157.1 1.7
TL 1790355349.055 277.8 2.1
TL 1790355349.155 174.6 1.9
TL 1790355349.255 184.6 2.4
TL 1790355349.355 162.3 1.9
TL 1790355349.455 138.2 0.6
TL 1790355349.555 160.3 0.9
