1790329149.361654746  377820 1003739
1790329151.923895422       0       0
1790329154.318215890  104197 1004173
1790329156.730021983  136053 1004065
1790329159.218243336  130296 1004602
1790329161.656048544   96907 1003928
1790329164.079286095       0       0
1790329166.510174115       0       0
1790329168.925031562       0       0
1790329171.334479738       0       0
1790329173.734527550       0       0
1790329176.123582288       0       0
1790329178.547303277       0       0
1790329181.009783536       0       0
1790329183.418024838       0       0
1790329185.832771660  116007 1003908
1790329188.443758742   47643 1002694
1790329190.860381710   83702 1003398
1790329193.258792646   55600 1002763
1790329195.688265145   79954 1002709
1790329198.098044676       0       0
1790329200.496401446   74824 1002484
1790329202.894973580   75965 1002619
1790329205.306224933   77029 1003101
1790329207.762033266   72311 1002723
1790329210.184551129   75044 1002895
1790329212.665523889   66793 1002931
1790329215.084667325   67004 1003820
1790329217.532089720   81708 1003258
1790329219.940033522   76996 1003019
1790329222.368265760   88636 1003187
1790329224.996134197   77655 1003159
1790329227.408970029   84560 1003123
1790329229.908940705   52036 1002498
1790329232.394762840   71053 1002830
1790329234.935004089   59081 1002750
1790329237.451342317   58165 1002709
1790329239.871717472   56249 1002946
1790329242.314106430   57855 1002528
1790329244.777978981   74081 1002692
1790329247.199057522   62742 1002815
1790329249.621751271   49183 1002518
1790329252.014714030   63165 1002746
1790329254.422308821   83558 1002816
1790329256.869432205   79059 1003276
1790329259.282375486   84008 1002847
1790329261.917987308   68471 1002516
1790329264.370404598   80442 1002909
1790329266.782204389   68842 1002881
1790329269.221402201   84086 1003073
1790329271.645958814   86435 1003059
1790329274.071042720   86987 1002819
1790329276.537384906   53156 1002576
1790329278.938823447   85611 1003056
1790329281.361843863   61877 1002628
1790329283.771505528   63926 1002689
1790329286.211570840   62085 1002763
1790329288.651477610   56648 1002511
1790329291.066644276   55245 1002425
1790329293.671456358   57301 1002326
1790329296.108475420   61439 1002455
1790329298.756575262   69190 1002566
1790329301.204699220   64606 1002935
1790329303.632094740       0       0
1790329306.085022603   84495 1003395
1790329308.513892498   59682 1002857
1790329310.931392133       0       0
1790329313.342348746   66126 1002693
1790329315.757107131   65635 1002550
1790329318.170947911   49656 1002289
1790329320.574670827   54270 1002682
1790329323.000354003   57176 1003102
1790329325.416197440       0       0
1790329327.850386189       0       0
1790329330.261068063       0       0
1790329332.650824416       0       0
1790329335.258794832       0       0
1790329337.726219675       0       0
1790329340.168715403       0       0
