1790360893.014139095  297324 1002966
1790360895.427707792       0       0
1790360897.667988312   48233 1002522
1790360899.941717426       0       0
1790360902.210620967       0       0
1790360904.464840810       0       0
1790360906.731883101       0       0
1790360909.017100496       0       0
1790360911.290682474       0       0
1790360913.548090494       0       0
1790360915.813028566       0       0
1790360918.103229086       0       0
1790360920.350564450       0       0
1790360922.613370282   47077 1002979
1790360924.878078354   42183 1002608
1790360927.140522260   56848 1002388
1790360929.544680279   47885 1002435
1790360931.802265852   61379 1002612
1790360934.069236684   60610 1002543
1790360936.340079808   59469 1002313
1790360938.604573766   52268 1002284
1790360940.870956577   49716 1002336
1790360943.138032410   67873 1002324
1790360945.400400169   68404 1002445
1790360947.667327825   70711 1002496
1790360949.937906886   65283 1002460
1790360952.198870167   61131 1002448
1790360954.474070635   66287 1002345
1790360956.721676415   64664 1002278
1790360958.987640477   61306 1002505
1790360961.242459903   64641 1002509
1790360963.639038808   55968 1002514
1790360965.901106620   70481 1002421
1790360968.185140004   63108 1002348
1790360970.444920941   66681 1002333
1790360972.711098128   51101 1002507
1790360974.969770262   56269 1002361
1790360977.231595574   48167 1002479
1790360979.498496354   52923 1002364
1790360981.768094374   55017 1002181
1790360984.030301092   51181 1002420
1790360986.289753643   52330 1002373
1790360988.559526663       0       0
1790360990.821306350   57910 1002369
1790360993.076167599   60598 1002455
1790360995.347385359   62406 1002357
1790360997.749222597   64368 1002517
1790361000.015351919   59817 1002544
1790361002.298145773   53538 1002446
1790361004.554139834   63223 1002615
1790361006.839850042   55373 1002327
1790361009.099217437   56575 1002471
1790361011.350446029   52386 1002505
1790361013.618816966   57749 1002424
1790361015.877303997   68330 1002325
1790361018.125510975   53632 1002359
1790361020.385510974   56048 1002578
1790361022.664960661   48453 1002430
1790361024.945116701   62356 1002604
1790361027.215974148   60878 1002612
1790361029.480162481       0       0
1790361031.883252428   57605 1002308
1790361034.139199510   50033 1002597
1790361036.418425864   51464 1002440
1790361038.682673259   46635 1002424
1790361040.965416799   62305 1002306
1790361043.236792997   63062 1002649
1790361045.511816381   50242 1002358
1790361047.772286953       0       0
1790361050.043409661   51571 1002217
1790361052.323773253   56843 1002464
1790361054.574430336   60036 1002259
1790361056.839725283   47249 1002330
1790361059.101793876       0       0
1790361061.340170490       0       0
1790361063.575693510       0       0
1790361065.913847155       0       0
1790361068.155200487       0       0
1790361070.371107934       0       0
1790361072.696433923       0       0
