TL 1790359842.728 47.6 0.4
TL 1790359842.828 125.2 2.3
TL 1790359842.928 118.0 1.8
TL 1790359843.028 233.4 3.5
TL 1790359843.129 176.7 1.9
TL 1790359843.229 303.9 0.8
TL 1790359843.329 442.2 3.4
TL 1790359843.430 920.1 4.1
TL 1790359843.530 392.7 3.5
TL 1790359843.630 400.4 3.6
TL 1790359843.731 252.3 2.1
TL 1790359843.831 374.5 2.9
TL 1790359843.931 185.9 2.6
TL 1790359844.031 494.4 2.9
TL 1790359844.132 536.7 3.9
TL 1790359844.232 984.8 0.6
TL 1790359844.332 122.6 1.3
TL 1790359844.433 402.3 2.8
TL 1790359844.533 257.7 2.5
TL 1790359844.633 191.0 1.9
TL 1790359844.733 100.2 0.5
TL 1790359844.833 262.3 3.1
TL 1790359844.933 144.1 1.1
TL 1790359845.033 113.8 1.5
TL 1790359845.133 228.9 2.7
TL 1790359845.233 353.6 4.4
TL 1790359845.333 46.5 1.1
TL 1790359845.434 228.0 3.9
TL 1790359845.534 269.0 3.3
TL 1790359845.634 331.8 3.0
TL 1790359845.734 93.0 0.8
TL 1790359845.834 59.3 0.8
TL 1790359845.935 241.5 3.3
TL 1790359846.035 333.1 2.9
TL 1790359846.135 276.4 3.6
TL 1790359846.235 159.0 1.5
TL 1790359846.335 351.9 2.6
TL 1790359846.435 79.3 1.2
TL 1790359846.535 197.9 2.9
TL 1790359846.636 1168.4 40.0
TL 1790359846.736 196.7 1.7
TL 1790359846.836 112.5 1.5
TL 1790359846.936 477.1 1.5
TL 1790359847.036 108.4 1.7
TL 1790359847.136 272.9 2.6
TL 1790359847.236 117.1 1.1
TL 1790359847.336 313.4 4.0
TL 1790359847.436 90.2 1.7
TL 1790359847.537 239.9 3.2
TL 1790359847.637 202.3 3.2
TL 1790359847.737 85.4 0.8
TL 1790359847.837 64.7 1.2
TL 1790359847.938 901.8 3.0
TL 1790359848.038 350.5 6.8
TL 1790359848.138 101.6 1.7
TL 1790359848.238 70.5 0.8
TL 1790359848.338 106.7 2.4
TL 1790359848.438 44.7 1.7
TL 1790359848.538 115.8 2.7
TL 1790359848.638 72.6 3.0
TL 1790359848.738 154.4 1.5
TL 1790359848.838 92.7 1.1
TL 1790359848.939 64.6 1.2
TL 1790359849.039 76.9 1.9
TL 1790359849.139 77.0 1.7
TL 1790359849.239 92.6 0.8
TL 1790359849.339 54.3 1.8
TL 1790359849.439 78.4 2.6
TL 1790359849.539 108.8 1.5
TL 1790359849.639 76.2 2.3
TL 1790359849.739 137.8 0.4
TL 1790359849.840 78.1 1.7
TL 1790359849.940 66.5 1.7
TL 1790359850.040 83.6 1.8
TL 1790359850.140 93.7 1.7
TL 1790359850.240 113.6 0.8
TL 1790359850.340 333.0 2.2
TL 1790359850.440 182.4 1.6
TL 1790359850.540 71.1 1.2
TL 1790359850.640 86.4 3.2
TL 1790359850.741 102.8 0.6
TL 1790359850.841 59.6 1.3
TL 1790359850.941 125.3 2.4
TL 1790359851.041 57.8 2.7
TL 1790359851.141 49.8 1.7
TL 1790359851.241 98.5 0.9
TL 1790359851.341 96.1 2.3
TL 1790359851.441 71.9 1.3
TL 1790359851.541 61.4 1.0
TL 1790359851.641 75.6 2.3
TL 1790359851.741 63.9 0.7
TL 1790359851.842 89.5 1.0
TL 1790359851.942 85.7 2.8
TL 1790359852.043 1332.7 1.7
TL 1790359852.142 140.1 2.1
TL 1790359852.243 689.4 0.7
TL 1790359852.342 80.5 2.1
TL 1790359852.442 47.6 1.9
TL 1790359852.543 523.8 1.8
TL 1790359852.643 367.6 1.5
TL 1790359852.743 524.5 0.5
TL 1790359852.843 159.8 1.9
TL 1790359852.943 269.5 2.0
TL 1790359853.043 57.1 1.3
TL 1790359853.143 45.9 1.8
TL 1790359853.244 929.6 3.3
TL 1790359853.343 55.5 3.1
TL 1790359853.443 123.2 1.3
TL 1790359853.543 144.6 1.8
TL 1790359853.643 167.7 2.0
TL 1790359853.744 431.1 2.7
TL 1790359853.844 95.1 1.6
TL 1790359853.944 100.8 2.5
TL 1790359854.044 250.0 2.3
TL 1790359854.144 200.8 2.8
TL 1790359854.245 429.2 5.6
TL 1790359854.345 276.2 2.8
TL 1790359854.445 219.5 2.3
TL 1790359854.545 359.2 3.2
TL 1790359854.645 212.8 2.9
TL 1790359854.745 69.9 0.9
TL 1790359854.846 312.6 2.1
TL 1790359854.946 168.5 2.7
TL 1790359855.046 365.1 3.2
TL 1790359855.146 391.1 3.4
TL 1790359855.247 230.6 3.2
TL 1790359855.346 65.5 1.2
TL 1790359855.447 91.3 2.2
TL 1790359855.547 112.2 1.7
TL 1790359855.647 164.0 3.1
TL 1790359855.747 209.6 4.5
TL 1790359855.848 219.2 3.0
TL 1790359855.947 60.2 1.0
TL 1790359856.048 243.3 1.6
TL 1790359856.148 433.3 3.4
TL 1790359856.248 154.5 1.7
TL 1790359856.348 83.2 0.6
TL 1790359856.449 371.4 2.1
TL 1790359856.549 473.4 2.4
TL 1790359856.649 596.0 3.3
TL 1790359856.749 436.8 2.6
TL 1790359856.849 297.3 3.1
TL 1790359856.949 143.2 1.9
TL 1790359857.050 111.8 1.5
TL 1790359857.150 78.1 1.3
TL 1790359857.250 179.0 2.0
TL 1790359857.350 348.0 2.1
TL 1790359857.450 336.8 4.7
TL 1790359857.551 323.6 5.9
TL 1790359857.651 266.4 3.4
TL 1790359857.751 137.6 1.3
TL 1790359857.851 141.5 2.0
TL 1790359857.951 128.9 1.5
TL 1790359858.051 94.9 3.0
TL 1790359858.151 98.6 2.0
TL 1790359858.252 322.1 4.4
TL 1790359858.352 342.5 3.1
TL 1790359858.452 645.7 3.8
TL 1790359858.552 292.7 3.7
TL 1790359858.653 417.1 3.5
TL 1790359858.753 337.9 4.7
TL 1790359858.853 281.7 2.3
TL 1790359858.953 220.5 2.9
TL 1790359859.053 333.1 3.8
TL 1790359859.153 80.4 1.8
TL 1790359859.253 111.4 2.3
TL 1790359859.353 255.2 3.6
TL 1790359859.454 329.6 1.8
TL 1790359859.554 303.2 3.2
TL 1790359859.654 192.2 3.2
TL 1790359859.754 305.4 2.8
TL 1790359859.854 119.2 0.7
TL 1790359859.955 253.6 2.8
TL 1790359860.055 304.7 2.0
TL 1790359860.155 76.0 3.2
TL 1790359860.255 112.6 1.6
TL 1790359860.355 119.3 0.9
TL 1790359860.455 174.7 2.1
TL 1790359860.555 378.7 1.9
TL 1790359860.656 453.0 3.8
TL 1790359860.757 396.0 4.1
TL 1790359860.857 423.5 2.4
TL 1790359860.957 206.1 1.9
TL 1790359861.057 284.9 3.1
TL 1790359861.157 265.8 4.1
TL 1790359861.258 423.6 4.0
TL 1790359861.358 301.1 2.2
TL 1790359861.458 136.7 1.2
TL 1790359861.559 488.2 2.6
TL 1790359861.659 214.7 3.1
TL 1790359861.759 49.4 1.9
TL 1790359861.859 149.9 1.4
TL 1790359861.959 282.7 2.7
TL 1790359862.060 365.2 3.4
TL 1790359862.160 224.5 3.0
TL 1790359862.260 72.1 1.1
TL 1790359862.360 79.5 1.3
TL 1790359862.460 127.0 1.7
TL 1790359862.560 219.7 2.6
TL 1790359862.660 127.9 2.0
TL 1790359862.760 268.1 3.4
TL 1790359862.861 218.7 2.8
TL 1790359862.962 717.2 3.6
TL 1790359863.062 250.1 2.3
TL 1790359863.164 701.6 2.1
TL 1790359863.264 444.3 1.9
TL 1790359863.364 106.3 1.6
TL 1790359863.464 302.1 3.2
TL 1790359863.564 403.5 3.2
TL 1790359863.664 385.9 3.1
TL 1790359863.764 347.1 4.1
TL 1790359863.864 59.2 1.3
TL 1790359863.965 265.4 3.3
TL 1790359864.065 118.2 0.7
TL 1790359864.165 81.6 1.6
TL 1790359864.265 268.2 3.1
TL 1790359864.365 221.4 2.3
TL 1790359864.466 259.2 2.9
TL 1790359864.566 89.6 3.4
TL 1790359864.666 72.6 2.6
TL 1790359864.766 123.7 1.8
TL 1790359864.866 59.8 0.8
TL 1790359864.967 1111.6 3.0
TL 1790359865.067 278.0 2.7
TL 1790359865.167 257.3 3.2
TL 1790359865.267 355.6 2.5
TL 1790359865.367 224.3 2.9
TL 1790359865.467 97.4 0.9
TL 1790359865.567 179.2 1.6
TL 1790359865.667 55.3 1.0
TL 1790359865.768 289.9 2.4
TL 1790359865.868 295.8 2.0
TL 1790359865.968 171.5 2.6
TL 1790359866.068 381.2 2.9
TL 1790359866.168 340.3 3.3
TL 1790359866.268 233.8 2.0
TL 1790359866.368 103.1 1.8
TL 1790359866.469 150.6 1.7
TL 1790359866.569 74.7 1.6
TL 1790359866.669 325.2 4.5
TL 1790359866.769 231.6 3.9
TL 1790359866.869 59.8 1.3
TL 1790359866.969 186.7 1.8
TL 1790359867.069 224.5 3.5
TL 1790359867.170 247.3 3.9
TL 1790359867.270 626.3 4.2
TL 1790359867.370 92.9 1.3
TL 1790359867.470 322.9 2.6
TL 1790359867.570 59.7 1.6
TL 1790359867.670 339.8 4.0
TL 1790359867.770 245.1 2.5
TL 1790359867.871 329.0 3.1
TL 1790359867.972 522.9 3.1
TL 1790359868.073 393.0 4.3
TL 1790359868.173 436.6 4.6
TL 1790359868.273 289.4 1.9
TL 1790359868.373 98.6 1.7
TL 1790359868.473 222.1 3.6
TL 1790359868.573 296.4 3.4
TL 1790359868.674 366.4 4.8
TL 1790359868.774 190.9 1.3
TL 1790359868.874 260.5 4.5
TL 1790359868.974 345.7 3.2
TL 1790359869.074 75.2 1.5
TL 1790359869.174 96.0 1.3
TL 1790359869.274 82.4 2.6
TL 1790359869.375 391.7 2.9
TL 1790359869.475 486.6 2.6
TL 1790359869.575 404.1 2.6
TL 1790359869.675 78.6 1.5
TL 1790359869.775 232.1 1.4
TL 1790359869.875 69.9 1.6
TL 1790359869.976 273.2 2.4
TL 1790359870.076 459.3 0.7
TL 1790359870.176 513.6 4.3
TL 1790359870.276 323.0 1.7
TL 1790359870.377 345.7 2.8
TL 1790359870.476 102.5 1.6
TL 1790359870.577 143.5 2.1
TL 1790359870.677 93.7 1.7
TL 1790359870.777 342.9 3.2
TL 1790359870.877 259.9 2.6
TL 1790359870.977 207.1 2.3
TL 1790359871.078 345.4 3.0
TL 1790359871.178 229.7 2.8
TL 1790359871.278 402.1 3.0
TL 1790359871.378 77.3 2.5
TL 1790359871.478 79.3 2.8
TL 1790359871.578 343.0 3.6
TL 1790359871.679 323.6 4.3
TL 1790359871.778 59.3 1.3
TL 1790359871.879 260.7 2.8
TL 1790359871.979 439.1 3.5
TL 1790359872.079 285.5 2.7
TL 1790359872.180 211.0 3.5
TL 1790359872.279 64.7 0.9
TL 1790359872.380 303.6 3.1
TL 1790359872.480 382.2 2.1
TL 1790359872.580 218.3 2.2
TL 1790359872.681 322.1 5.6
TL 1790359872.781 286.7 1.5
TL 1790359872.881 338.3 6.0
TL 1790359872.981 209.7 3.2
TL 1790359873.081 80.8 2.3
TL 1790359873.181 70.9 2.8
TL 1790359873.282 901.5 0.7
TL 1790359873.382 94.2 2.7
TL 1790359873.482 71.7 2.9
TL 1790359873.582 73.0 3.1
TL 1790359873.682 463.1 1.5
TL 1790359873.782 58.6 2.8
TL 1790359873.883 422.8 1.6
TL 1790359873.983 1199.3 1.4
TL 1790359874.082 74.4 2.2
TL 1790359874.183 101.2 3.6
TL 1790359874.283 261.9 1.1
TL 1790359874.383 80.2 1.7
TL 1790359874.483 95.7 2.8
TL 1790359874.583 124.1 1.6
TL 1790359874.683 396.1 2.3
TL 1790359874.783 94.4 1.5
TL 1790359874.884 267.4 1.2
TL 1790359874.983 85.5 2.1
TL 1790359875.087 3071.1 3.7
TL 1790359875.184 49.4 1.9
TL 1790359875.288 4074.8 0.8
TL 1790359875.384 189.8 1.1
TL 1790359875.484 58.7 2.7
TL 1790359875.584 153.9 1.7
TL 1790359875.685 209.3 3.6
TL 1790359875.785 189.5 3.0
TL 1790359875.885 389.9 2.2
TL 1790359875.985 107.9 1.5
TL 1790359876.085 94.3 1.8
TL 1790359876.186 389.2 4.0
TL 1790359876.286 246.1 3.6
TL 1790359876.386 83.5 1.8
TL 1790359876.486 684.6 3.8
TL 1790359876.586 210.7 3.4
TL 1790359876.688 1784.7 4.9
TL 1790359876.787 132.1 1.7
TL 1790359876.887 128.8 1.8
TL 1790359876.987 73.6 1.6
TL 1790359877.087 59.2 2.5
TL 1790359877.187 242.3 3.2
TL 1790359877.288 698.4 3.1
TL 1790359877.388 315.5 3.4
TL 1790359877.488 100.5 1.6
TL 1790359877.588 256.7 3.4
TL 1790359877.689 379.7 3.7
TL 1790359877.789 351.7 4.7
TL 1790359877.889 226.9 3.4
TL 1790359877.989 206.8 3.6
TL 1790359878.089 373.6 4.1
TL 1790359878.189 85.8 2.5
TL 1790359878.289 103.6 1.4
TL 1790359878.389 61.7 1.2
TL 1790359878.490 177.2 3.4
TL 1790359878.590 481.1 3.0
TL 1790359878.690 102.6 1.4
TL 1790359878.790 282.2 3.5
TL 1790359878.890 135.5 1.9
TL 1790359878.991 101.0 1.8
TL 1790359879.091 118.7 1.6
TL 1790359879.191 242.1 4.4
TL 1790359879.291 304.8 2.7
TL 1790359879.391 201.4 2.7
TL 1790359879.491 75.8 1.6
TL 1790359879.592 952.6 3.5
TL 1790359879.692 310.3 3.4
TL 1790359879.792 402.9 47.9
TL 1790359879.892 219.2 3.3
TL 1790359879.992 80.1 0.8
TL 1790359880.093 263.6 2.9
TL 1790359880.193 345.8 4.1
TL 1790359880.293 140.1 1.7
TL 1790359880.393 51.9 1.6
TL 1790359880.494 398.1 2.1
TL 1790359880.593 50.5 1.4
TL 1790359880.694 181.2 2.0
TL 1790359880.794 60.7 2.1
TL 1790359880.894 117.2 1.9
TL 1790359880.994 273.4 3.5
TL 1790359881.094 315.4 3.7
TL 1790359881.194 103.6 1.4
TL 1790359881.294 84.6 1.5
TL 1790359881.394 110.5 2.0
TL 1790359881.495 75.8 1.5
TL 1790359881.595 141.5 2.0
TL 1790359881.695 238.4 2.8
TL 1790359881.795 120.7 1.9
TL 1790359881.895 89.0 1.7
TL 1790359881.996 795.4 3.6
TL 1790359882.096 376.6 3.5
TL 1790359882.197 275.1 2.9
TL 1790359882.296 78.8 1.3
TL 1790359882.397 84.9 1.5
TL 1790359882.497 103.0 1.8
TL 1790359882.597 119.4 1.9
TL 1790359882.697 89.1 1.7
TL 1790359882.797 70.5 1.8
TL 1790359882.898 406.0 2.0
TL 1790359882.997 165.6 2.3
TL 1790359883.097 123.3 1.5
TL 1790359883.198 56.8 1.8
TL 1790359883.298 389.2 4.0
TL 1790359883.398 189.4 2.1
TL 1790359883.498 151.3 1.9
TL 1790359883.599 346.4 4.4
TL 1790359883.698 125.2 1.8
TL 1790359883.799 117.6 1.8
TL 1790359883.899 177.9 2.0
TL 1790359883.999 209.3 3.3
TL 1790359884.099 123.0 1.7
TL 1790359884.199 128.0 1.7
TL 1790359884.299 121.4 2.2
TL 1790359884.399 68.9 1.7
TL 1790359884.499 97.7 2.1
TL 1790359884.600 236.3 3.4
TL 1790359884.700 427.4 3.3
TL 1790359884.800 407.1 1.9
TL 1790359884.900 100.8 1.6
TL 1790359885.001 175.3 3.6
TL 1790359885.101 86.0 1.8
TL 1790359885.201 207.1 1.4
TL 1790359885.301 93.6 1.4
TL 1790359885.401 47.8 1.8
TL 1790359885.501 63.2 1.0
TL 1790359885.601 113.0 1.9
TL 1790359885.701 148.4 1.8
TL 1790359885.802 347.9 4.2
TL 1790359885.902 411.5 4.4
TL 1790359886.002 309.9 3.3
TL 1790359886.102 113.2 1.5
TL 1790359886.202 172.0 2.1
TL 1790359886.302 134.1 1.8
TL 1790359886.402 100.3 1.5
TL 1790359886.503 101.2 1.7
TL 1790359886.607 4054.4 1.6
TL 1790359886.703 439.7 4.2
TL 1790359886.803 354.1 4.1
TL 1790359886.903 208.5 2.0
TL 1790359887.005 788.2 3.9
TL 1790359887.105 239.2 3.9
TL 1790359887.205 247.5 2.7
TL 1790359887.305 134.1 0.8
TL 1790359887.405 72.8 1.7
TL 1790359887.505 162.3 1.4
TL 1790359887.606 411.8 3.9
TL 1790359887.706 116.9 3.2
TL 1790359887.806 264.7 1.5
TL 1790359887.906 342.3 4.4
TL 1790359888.006 148.2 2.3
TL 1790359888.106 118.3 1.6
TL 1790359888.206 85.8 1.2
TL 1790359888.308 218.9 1.1
TL 1790359888.408 247.3 2.6
TL 1790359888.508 210.3 2.8
TL 1790359888.608 41.0 1.2
TL 1790359888.710 1164.7 1.5
TL 1790359888.809 234.7 2.2
TL 1790359888.909 307.6 3.4
TL 1790359889.009 312.8 3.5
TL 1790359889.109 167.2 2.7
TL 1790359889.209 109.3 1.5
TL 1790359889.309 77.0 0.4
TL 1790359889.410 287.9 3.2
TL 1790359889.510 97.9 1.8
TL 1790359889.610 363.9 3.0
TL 1790359889.710 81.5 1.1
TL 1790359889.811 80.5 1.3
TL 1790359889.911 279.3 3.7
TL 1790359890.011 344.5 3.4
TL 1790359890.111 72.3 1.6
TL 1790359890.211 138.9 1.9
TL 1790359890.311 106.1 0.9
TL 1790359890.412 169.6 1.3
TL 1790359890.512 84.0 1.7
TL 1790359890.612 574.4 1.9
TL 1790359890.712 303.5 2.9
TL 1790359890.812 132.1 0.7
TL 1790359890.912 364.7 4.5
TL 1790359891.013 275.6 3.7
TL 1790359891.113 245.4 3.6
TL 1790359891.213 273.8 3.2
TL 1790359891.313 80.5 0.9
TL 1790359891.413 130.0 1.7
TL 1790359891.513 68.7 1.5
TL 1790359891.614 628.9 2.6
TL 1790359891.714 314.4 2.2
TL 1790359891.814 445.3 1.9
TL 1790359891.914 88.0 3.0
TL 1790359892.014 120.2 1.7
TL 1790359892.114 120.4 1.8
TL 1790359892.214 148.2 2.6
TL 1790359892.314 115.5 0.8
TL 1790359892.415 104.0 2.1
TL 1790359892.515 73.9 2.1
TL 1790359892.616 129.3 1.6
TL 1790359892.716 85.6 1.8
TL 1790359892.816 136.7 0.9
TL 1790359892.917 156.7 2.0
TL 1790359893.017 315.0 3.0
TL 1790359893.117 424.7 4.4
TL 1790359893.217 196.3 3.3
TL 1790359893.317 279.7 2.2
TL 1790359893.417 148.0 1.9
TL 1790359893.518 123.4 3.3
TL 1790359893.618 74.3 1.4
TL 1790359893.718 58.4 1.5
TL 1790359893.818 208.9 1.0
TL 1790359893.919 326.9 2.7
TL 1790359894.018 59.8 1.9
TL 1790359894.119 347.9 3.3
TL 1790359894.219 62.9 2.2
TL 1790359894.319 81.1 1.8
TL 1790359894.419 90.7 1.4
TL 1790359894.519 75.9 1.5
TL 1790359894.619 169.9 2.2
TL 1790359894.720 279.4 2.7
TL 1790359894.820 70.7 0.8
TL 1790359894.921 169.5 1.5
TL 1790359895.021 363.3 4.5
TL 1790359895.121 226.1 3.2
TL 1790359895.221 87.1 1.8
TL 1790359895.322 236.4 2.3
TL 1790359895.422 307.0 3.0
TL 1790359895.523 412.7 3.4
TL 1790359895.623 180.3 2.9
TL 1790359895.723 102.1 1.6
TL 1790359895.823 100.2 0.8
TL 1790359895.923 77.3 3.3
TL 1790359896.024 1382.9 1.9
TL 1790359896.123 84.6 1.6
TL 1790359896.224 300.3 3.7
TL 1790359896.324 304.8 0.9
TL 1790359896.424 523.6 3.0
TL 1790359896.524 140.9 1.8
TL 1790359896.624 110.3 3.0
TL 1790359896.724 133.7 1.4
TL 1790359896.824 85.5 0.5
TL 1790359896.924 119.5 1.2
TL 1790359897.030 5862.3 1.1
TL 1790359897.125 407.8 4.3
TL 1790359897.225 198.2 3.3
TL 1790359897.325 132.4 1.1
TL 1790359897.425 124.9 1.6
TL 1790359897.525 174.8 2.9
TL 1790359897.626 372.1 1.7
TL 1790359897.726 129.3 2.2
TL 1790359897.826 350.4 2.8
TL 1790359897.926 77.7 1.5
TL 1790359898.026 98.1 1.5
TL 1790359898.127 1499.8 1.8
TL 1790359898.226 389.2 3.7
TL 1790359898.327 343.5 2.3
TL 1790359898.427 351.2 3.5
TL 1790359898.527 228.7 3.3
TL 1790359898.627 253.2 3.1
TL 1790359898.727 66.0 2.1
TL 1790359898.827 38.1 1.0
TL 1790359898.927 108.3 3.4
TL 1790359899.027 128.6 1.4
TL 1790359899.129 1964.4 1.8
TL 1790359899.228 293.2 2.8
TL 1790359899.328 93.3 1.2
TL 1790359899.428 150.2 2.6
TL 1790359899.529 239.5 2.9
TL 1790359899.629 750.1 3.7
TL 1790359899.729 208.7 3.4
TL 1790359899.830 69.7 1.6
TL 1790359899.930 115.8 1.6
TL 1790359900.030 231.9 2.6
TL 1790359900.130 86.4 1.4
TL 1790359900.231 287.6 1.5
TL 1790359900.333 2697.8 0.7
TL 1790359900.431 521.1 3.5
TL 1790359900.531 389.0 3.5
TL 1790359900.632 450.4 3.8
TL 1790359900.732 335.1 3.9
TL 1790359900.832 278.6 2.3
TL 1790359900.932 293.6 3.1
TL 1790359901.032 160.5 2.6
TL 1790359901.132 161.1 1.8
TL 1790359901.232 49.5 2.0
TL 1790359901.332 81.0 1.5
TL 1790359901.434 1596.8 1.6
TL 1790359901.533 404.4 4.7
TL 1790359901.633 277.3 3.2
TL 1790359901.733 336.9 6.4
TL 1790359901.834 264.1 2.4
TL 1790359901.934 130.9 2.5
TL 1790359902.034 111.5 1.5
TL 1790359902.134 136.8 2.2
TL 1790359902.234 46.0 1.1
TL 1790359902.338 4074.7 1.2
TL 1790359902.434 198.5 2.6
TL 1790359902.535 370.3 5.6
TL 1790359902.635 518.4 4.0
TL 1790359902.735 242.3 3.8
TL 1790359902.835 594.6 3.1
TL 1790359902.935 292.3 3.1
TL 1790359903.035 63.3 1.4
TL 1790359903.136 232.0 3.2
TL 1790359903.236 206.7 4.5
TL 1790359903.336 97.4 2.8
TL 1790359903.440 3958.9 1.9
TL 1790359903.536 70.2 1.2
TL 1790359903.637 318.4 3.5
TL 1790359903.737 288.3 3.2
TL 1790359903.837 267.8 2.6
TL 1790359903.937 248.5 4.0
TL 1790359904.037 142.4 1.8
TL 1790359904.137 81.2 1.2
TL 1790359904.238 73.0 1.5
TL 1790359904.338 63.2 0.8
TL 1790359904.438 262.6 1.5
TL 1790359904.538 510.6 2.3
TL 1790359904.638 348.0 3.9
TL 1790359904.738 271.8 3.6
TL 1790359904.839 350.9 1.9
TL 1790359904.939 358.0 3.3
TL 1790359905.039 228.5 3.2
TL 1790359905.139 386.0 2.9
TL 1790359905.240 96.7 1.9
TL 1790359905.340 112.0 0.7
TL 1790359905.440 337.1 1.9
TL 1790359905.540 160.8 1.5
TL 1790359905.643 2734.4 2.4
TL 1790359905.740 77.3 3.2
TL 1790359905.840 151.0 1.3
TL 1790359905.941 348.8 3.7
TL 1790359906.041 304.0 3.5
TL 1790359906.141 351.6 3.1
TL 1790359906.241 78.6 1.5
TL 1790359906.341 50.1 0.6
TL 1790359906.442 184.9 2.3
TL 1790359906.542 135.9 1.4
TL 1790359906.647 5880.4 1.4
TL 1790359906.742 314.4 3.5
TL 1790359906.842 456.0 3.2
TL 1790359906.943 344.8 3.5
TL 1790359907.043 292.7 5.0
TL 1790359907.143 726.4 3.6
TL 1790359907.244 394.1 3.4
TL 1790359907.343 107.7 1.1
TL 1790359907.443 58.0 1.3
TL 1790359907.544 151.1 2.1
TL 1790359907.644 55.4 1.0
TL 1790359907.749 5287.9 1.9
TL 1790359907.844 94.0 0.9
TL 1790359907.944 63.1 1.4
TL 1790359908.044 105.7 1.4
TL 1790359908.144 112.7 1.7
TL 1790359908.244 145.1 2.3
TL 1790359908.345 237.2 2.1
TL 1790359908.445 109.2 1.8
TL 1790359908.545 117.7 1.8
TL 1790359908.645 188.0 2.6
TL 1790359908.745 94.9 1.5
TL 1790359908.845 218.6 1.6
TL 1790359908.945 142.9 2.4
TL 1790359909.046 236.8 3.5
TL 1790359909.146 238.6 2.0
TL 1790359909.246 141.6 2.0
TL 1790359909.346 299.5 0.9
TL 1790359909.446 151.1 1.9
TL 1790359909.546 280.7 3.3
TL 1790359909.646 282.3 3.3
TL 1790359909.747 304.1 1.3
TL 1790359909.847 247.8 2.3
TL 1790359909.947 93.3 1.5
TL 1790359910.047 77.5 1.6
TL 1790359910.148 1588.8 2.9
TL 1790359910.247 94.3 2.8
TL 1790359910.347 121.4 1.6
TL 1790359910.448 405.8 4.1
TL 1790359910.548 419.1 4.1
TL 1790359910.648 277.8 3.0
TL 1790359910.748 325.9 3.5
TL 1790359910.849 215.8 2.2
TL 1790359910.949 58.3 1.1
TL 1790359911.049 506.9 1.8
TL 1790359911.150 501.7 3.7
TL 1790359911.250 475.6 3.4
TL 1790359911.350 318.2 2.8
TL 1790359911.450 373.1 3.9
TL 1790359911.550 339.5 3.9
TL 1790359911.651 381.6 3.2
TL 1790359911.751 283.3 3.3
TL 1790359911.851 102.2 1.1
TL 1790359911.951 113.8 1.4
TL 1790359912.051 74.9 2.6
TL 1790359912.151 513.9 1.6
TL 1790359912.252 382.4 3.5
TL 1790359912.352 300.1 2.6
TL 1790359912.452 279.1 2.4
TL 1790359912.552 92.8 3.0
TL 1790359912.652 319.4 3.5
TL 1790359912.752 332.3 2.7
TL 1790359912.854 241.3 2.3
TL 1790359912.954 101.6 1.7
TL 1790359913.054 189.2 1.4
TL 1790359913.154 105.2 2.1
TL 1790359913.254 111.9 1.7
TL 1790359913.355 280.6 2.9
TL 1790359913.455 152.2 1.9
TL 1790359913.555 346.0 3.7
TL 1790359913.656 523.8 3.9
TL 1790359913.756 480.4 2.4
TL 1790359913.856 295.4 2.9
TL 1790359913.956 595.0 2.8
TL 1790359914.056 259.2 1.6
TL 1790359914.157 498.7 2.9
TL 1790359914.258 1602.2 1.7
TL 1790359914.357 327.9 2.6
TL 1790359914.457 335.9 3.7
TL 1790359914.557 410.7 3.4
TL 1790359914.657 95.8 2.9
TL 1790359914.757 138.8 1.7
TL 1790359914.857 123.6 0.7
TL 1790359914.958 114.3 1.7
TL 1790359915.058 249.0 3.0
TL 1790359915.158 107.3 1.1
TL 1790359915.258 181.4 1.7
TL 1790359915.358 99.5 1.1
TL 1790359915.458 100.8 17.3
TL 1790359915.558 98.5 1.8
TL 1790359915.658 286.3 3.4
TL 1790359915.758 236.4 2.9
TL 1790359915.859 390.7 2.9
TL 1790359915.959 198.9 2.1
TL 1790359916.059 434.7 6.3
TL 1790359916.160 125.9 1.9
TL 1790359916.260 247.6 1.7
TL 1790359916.360 70.3 0.9
TL 1790359916.460 302.8 2.8
TL 1790359916.561 311.8 3.4
TL 1790359916.661 278.8 3.4
TL 1790359916.761 84.6 1.9
TL 1790359916.861 212.8 2.5
TL 1790359916.961 88.4 1.5
TL 1790359917.061 83.7 3.0
TL 1790359917.161 85.2 1.6
TL 1790359917.261 56.1 2.6
TL 1790359917.362 955.3 1.4
TL 1790359917.462 74.5 1.7
TL 1790359917.562 243.5 3.4
TL 1790359917.663 470.8 4.1
TL 1790359917.763 217.7 1.9
TL 1790359917.863 550.5 2.4
TL 1790359917.964 413.6 4.3
TL 1790359918.064 252.7 2.7
TL 1790359918.164 305.9 3.4
TL 1790359918.264 156.6 1.4
TL 1790359918.365 249.1 1.4
TL 1790359918.468 3799.3 2.5
TL 1790359918.565 407.4 4.2
TL 1790359918.665 415.9 4.5
TL 1790359918.765 302.2 3.2
TL 1790359918.865 78.6 1.4
TL 1790359918.966 308.6 3.8
TL 1790359919.066 323.6 3.2
TL 1790359919.166 233.2 3.2
TL 1790359919.266 73.0 1.4
TL 1790359919.366 50.2 1.4
TL 1790359919.466 269.0 1.7
TL 1790359919.566 281.5 1.6
TL 1790359919.667 352.8 3.3
TL 1790359919.767 446.3 4.0
TL 1790359919.867 467.5 2.2
TL 1790359919.967 245.8 3.6
TL 1790359920.067 174.0 2.0
TL 1790359920.168 517.7 3.3
TL 1790359920.267 85.9 2.4
TL 1790359920.368 134.9 0.8
TL 1790359920.468 75.2 1.9
TL 1790359920.568 686.6 1.7
TL 1790359920.668 139.9 1.6
TL 1790359920.768 135.1 1.8
TL 1790359920.868 101.2 0.9
TL 1790359920.969 338.9 3.1
TL 1790359921.069 384.8 3.0
TL 1790359921.170 409.4 3.4
TL 1790359921.269 75.5 2.0
TL 1790359921.369 131.2 1.2
TL 1790359921.470 218.0 2.6
TL 1790359921.570 72.7 1.2
TL 1790359921.671 1066.6 1.5
TL 1790359921.770 164.9 2.3
TL 1790359921.870 235.3 2.6
TL 1790359921.971 329.6 4.2
TL 1790359922.070 61.6 1.6
TL 1790359922.171 531.6 3.3
TL 1790359922.271 261.6 4.0
TL 1790359922.372 243.0 0.8
TL 1790359922.472 140.3 1.2
TL 1790359922.572 138.8 1.9
TL 1790359922.672 465.6 1.7
TL 1790359922.773 384.2 4.0
TL 1790359922.873 331.9 2.9
TL 1790359922.973 111.3 1.8
TL 1790359923.073 169.2 3.0
TL 1790359923.174 528.8 4.2
TL 1790359923.273 85.6 1.4
TL 1790359923.374 402.4 2.2
TL 1790359923.474 209.9 1.4
TL 1790359923.574 178.1 1.6
TL 1790359923.674 145.4 2.2
TL 1790359923.774 96.4 1.6
TL 1790359923.875 113.3 2.2
TL 1790359923.975 48.9 1.1
TL 1790359924.075 135.6 1.9
TL 1790359924.175 121.4 1.4
TL 1790359924.275 190.7 1.9
TL 1790359924.376 439.5 2.8
TL 1790359924.476 278.3 3.2
TL 1790359924.576 346.4 2.9
TL 1790359924.676 295.4 3.0
TL 1790359924.776 80.1 1.4
TL 1790359924.878 2271.6 1.8
TL 1790359924.977 319.1 3.7
TL 1790359925.077 329.8 3.3
TL 1790359925.177 253.0 3.6
TL 1790359925.277 181.6 1.7
TL 1790359925.377 94.8 0.9
TL 1790359925.477 302.1 3.2
TL 1790359925.578 126.8 1.8
TL 1790359925.678 86.2 1.0
TL 1790359925.778 65.3 1.5
TL 1790359925.879 303.6 0.9
TL 1790359925.979 476.4 3.2
TL 1790359926.079 296.3 3.5
TL 1790359926.179 90.9 1.2
TL 1790359926.279 64.9 1.6
TL 1790359926.379 107.6 0.8
TL 1790359926.479 145.5 2.3
TL 1790359926.579 199.2 3.5
TL 1790359926.680 297.0 2.0
TL 1790359926.780 134.0 1.6
TL 1790359926.883 3260.9 1.3
TL 1790359926.981 385.4 3.4
TL 1790359927.081 256.0 3.5
TL 1790359927.181 375.2 3.9
TL 1790359927.281 114.7 1.6
TL 1790359927.381 264.2 3.2
TL 1790359927.481 138.3 1.5
TL 1790359927.581 68.7 1.1
TL 1790359927.682 282.7 2.8
TL 1790359927.782 212.8 3.1
TL 1790359927.882 367.2 1.2
TL 1790359927.982 270.5 3.3
TL 1790359928.083 293.4 4.3
TL 1790359928.183 204.7 3.2
TL 1790359928.283 129.9 2.0
TL 1790359928.383 77.3 2.7
TL 1790359928.483 55.8 2.1
TL 1790359928.583 137.0 1.9
TL 1790359928.683 243.5 2.7
TL 1790359928.784 353.9 3.8
TL 1790359928.883 101.1 1.2
TL 1790359928.986 2318.6 1.5
TL 1790359929.084 322.8 3.6
TL 1790359929.185 438.3 4.0
TL 1790359929.285 301.6 3.1
TL 1790359929.385 314.9 2.7
TL 1790359929.486 871.8 3.0
TL 1790359929.585 94.3 1.4
TL 1790359929.685 61.8 1.2
TL 1790359929.786 318.5 3.3
TL 1790359929.885 86.7 1.1
TL 1790359929.991 5338.1 1.7
TL 1790359930.086 320.2 3.1
TL 1790359930.186 302.8 3.9
TL 1790359930.286 225.1 1.9
TL 1790359930.386 214.0 2.9
TL 1790359930.486 116.7 2.2
TL 1790359930.586 59.8 0.9
TL 1790359930.687 259.3 1.7
TL 1790359930.787 152.8 4.5
TL 1790359930.887 329.1 1.9
TL 1790359930.987 260.8 3.1
TL 1790359931.087 295.5 2.9
TL 1790359931.187 168.8 2.2
TL 1790359931.287 98.3 1.9
TL 1790359931.388 368.2 1.0
TL 1790359931.488 370.2 3.7
TL 1790359931.588 140.8 2.1
TL 1790359931.688 152.4 11.1
TL 1790359931.788 93.9 1.4
TL 1790359931.888 65.0 1.0
TL 1790359931.989 314.3 2.1
TL 1790359932.089 101.8 1.7
TL 1790359932.189 444.3 4.4
TL 1790359932.289 369.3 4.2
TL 1790359932.390 333.9 3.7
TL 1790359932.490 479.1 3.7
TL 1790359932.590 360.4 3.6
TL 1790359932.690 299.4 3.2
TL 1790359932.790 201.7 1.5
TL 1790359932.890 74.7 2.5
TL 1790359932.991 398.2 1.9
TL 1790359933.091 167.4 1.9
TL 1790359933.191 278.5 2.7
TL 1790359933.291 132.2 1.9
TL 1790359933.392 397.0 2.3
TL 1790359933.492 494.3 2.2
TL 1790359933.592 276.6 3.8
TL 1790359933.692 130.1 1.5
TL 1790359933.792 481.5 6.7
TL 1790359933.892 85.2 0.9
TL 1790359933.992 373.7 2.4
TL 1790359934.097 4625.3 1.9
TL 1790359934.193 145.6 1.6
TL 1790359934.293 140.4 2.2
TL 1790359934.393 260.3 2.7
TL 1790359934.493 266.7 4.4
TL 1790359934.593 309.2 4.2
TL 1790359934.694 406.5 3.3
TL 1790359934.794 107.6 1.5
TL 1790359934.894 87.6 0.9
TL 1790359934.994 107.5 1.5
TL 1790359935.095 947.0 3.2
TL 1790359935.199 4795.8 3.3
TL 1790359935.294 99.1 3.4
TL 1790359935.394 310.4 3.2
TL 1790359935.495 293.0 2.8
TL 1790359935.595 379.0 3.3
TL 1790359935.695 59.6 2.0
TL 1790359935.795 61.8 1.5
TL 1790359935.897 415.9 2.7
TL 1790359935.996 111.9 1.4
TL 1790359936.097 719.0 2.3
TL 1790359936.197 327.4 3.6
TL 1790359936.297 139.1 2.1
TL 1790359936.397 351.7 2.1
TL 1790359936.497 168.5 2.8
TL 1790359936.597 295.9 3.0
TL 1790359936.698 648.6 3.0
TL 1790359936.798 217.6 2.6
TL 1790359936.898 153.4 1.5
TL 1790359936.998 93.3 1.6
TL 1790359937.101 3386.0 1.9
TL 1790359937.198 103.1 5.0
TL 1790359937.299 568.3 4.4
TL 1790359937.399 365.9 1.7
TL 1790359937.499 130.5 1.6
TL 1790359937.599 65.3 1.3
TL 1790359937.699 342.4 3.2
TL 1790359937.799 413.5 3.1
TL 1790359937.899 302.1 2.6
TL 1790359937.999 63.8 1.3
TL 1790359938.099 106.3 2.9
TL 1790359938.200 799.3 2.1
TL 1790359938.300 270.2 3.5
TL 1790359938.400 353.7 1.8
TL 1790359938.500 181.5 2.0
TL 1790359938.601 439.7 3.4
TL 1790359938.700 153.2 2.0
TL 1790359938.801 114.1 1.7
TL 1790359938.901 199.3 2.2
TL 1790359939.001 81.7 2.1
TL 1790359939.101 68.9 1.4
TL 1790359939.201 140.1 1.6
TL 1790359939.301 351.4 4.3
TL 1790359939.402 316.9 2.0
TL 1790359939.502 228.5 1.4
TL 1790359939.602 519.7 4.5
TL 1790359939.702 42.2 1.5
TL 1790359939.802 42.3 1.3
TL 1790359939.902 285.4 2.1
TL 1790359940.002 139.5 1.4
TL 1790359940.103 316.8 1.7
TL 1790359940.203 367.9 4.5
TL 1790359940.303 380.1 4.0
TL 1790359940.403 116.0 1.0
TL 1790359940.503 138.1 1.9
TL 1790359940.603 244.7 3.2
TL 1790359940.704 317.5 4.0
TL 1790359940.804 197.4 3.2
TL 1790359940.904 153.6 1.1
TL 1790359941.005 535.0 3.5
TL 1790359941.104 77.9 1.3
TL 1790359941.206 1358.3 1.3
TL 1790359941.305 101.5 1.7
TL 1790359941.405 300.5 3.0
TL 1790359941.505 355.2 3.5
TL 1790359941.605 58.9 1.7
TL 1790359941.705 365.5 3.6
TL 1790359941.805 211.9 3.4
TL 1790359941.906 304.4 1.6
TL 1790359942.006 84.5 1.3
TL 1790359942.106 61.5 2.5
TL 1790359942.206 59.8 1.5
TL 1790359942.306 170.2 2.1
TL 1790359942.407 450.9 2.6
TL 1790359942.507 314.8 2.9
TL 1790359942.607 438.0 3.9
TL 1790359942.707 344.1 3.5
TL 1790359942.808 298.1 3.4
TL 1790359942.907 82.0 0.9
TL 1790359943.008 207.9 3.2
TL 1790359943.108 93.6 1.4
TL 1790359943.208 85.9 3.6
TL 1790359943.308 90.1 1.9
TL 1790359943.409 447.3 2.2
TL 1790359943.508 157.4 2.3
TL 1790359943.609 321.0 3.3
TL 1790359943.710 333.5 4.1
TL 1790359943.810 324.8 4.3
TL 1790359943.910 115.8 1.4
TL 1790359944.010 147.4 1.7
TL 1790359944.110 240.5 2.8
TL 1790359944.211 1173.0 1.5
TL 1790359944.310 165.2 1.6
TL 1790359944.411 167.1 0.8
TL 1790359944.511 259.6 3.5
TL 1790359944.611 265.7 3.1
TL 1790359944.711 346.8 3.5
TL 1790359944.811 46.5 1.5
TL 1790359944.911 165.8 1.3
TL 1790359945.011 95.1 2.3
TL 1790359945.112 104.8 1.4
TL 1790359945.212 98.7 26.8
TL 1790359945.313 1665.5 1.6
TL 1790359945.412 621.7 2.7
TL 1790359945.512 134.9 2.7
TL 1790359945.613 387.6 3.6
TL 1790359945.713 264.7 3.9
TL 1790359945.812 72.6 2.1
TL 1790359945.913 205.4 2.6
TL 1790359946.013 227.7 3.1
TL 1790359946.113 89.2 1.4
TL 1790359946.213 77.9 1.2
TL 1790359946.316 920.5 1.8
TL 1790359946.416 516.7 2.6
TL 1790359946.515 161.6 3.3
TL 1790359946.616 74.6 2.4
TL 1790359946.716 245.5 2.8
TL 1790359946.816 100.4 1.8
TL 1790359946.916 372.8 2.8
TL 1790359947.016 115.2 1.7
TL 1790359947.116 102.2 1.5
TL 1790359947.217 282.4 2.5
TL 1790359947.317 665.9 1.8
TL 1790359947.417 138.5 0.5
TL 1790359947.517 373.0 3.1
TL 1790359947.618 521.9 3.0
TL 1790359947.718 402.3 2.3
TL 1790359947.818 192.8 2.1
TL 1790359947.918 227.5 2.0
TL 1790359948.018 317.1 3.1
TL 1790359948.118 101.9 1.3
TL 1790359948.218 51.7 1.8
TL 1790359948.318 103.6 2.0
TL 1790359948.419 348.3 2.0
TL 1790359948.519 324.0 6.0
TL 1790359948.619 289.1 3.5
TL 1790359948.720 1138.0 1.8
TL 1790359948.819 61.7 2.8
TL 1790359948.919 57.9 1.9
TL 1790359949.019 88.5 2.5
TL 1790359949.119 114.5 1.4
TL 1790359949.220 152.3 1.7
TL 1790359949.320 289.2 3.1
TL 1790359949.420 328.1 2.9
TL 1790359949.520 230.1 3.6
TL 1790359949.621 324.5 4.6
TL 1790359949.721 143.6 2.1
TL 1790359949.821 178.7 3.6
TL 1790359949.921 419.4 2.9
TL 1790359950.022 315.7 2.8
TL 1790359950.122 111.8 1.3
TL 1790359950.222 64.3 1.5
TL 1790359950.322 286.5 1.8
TL 1790359950.422 255.7 1.8
TL 1790359950.522 239.7 3.5
TL 1790359950.622 96.3 1.9
TL 1790359950.723 401.8 4.1
TL 1790359950.823 71.9 0.6
TL 1790359950.923 183.9 1.1
TL 1790359951.024 266.7 3.1
TL 1790359951.124 141.9 1.7
TL 1790359951.224 60.5 1.7
TL 1790359951.328 4092.1 1.7
TL 1790359951.424 64.5 1.4
TL 1790359951.525 307.9 3.2
TL 1790359951.625 344.9 3.4
TL 1790359951.725 510.4 3.8
TL 1790359951.825 204.2 2.2
TL 1790359951.925 125.8 1.1
TL 1790359952.025 152.2 2.0
TL 1790359952.125 74.8 1.2
TL 1790359952.225 95.9 1.4
TL 1790359952.326 349.0 3.5
TL 1790359952.426 85.1 1.0
TL 1790359952.526 298.2 2.8
TL 1790359952.626 346.6 2.8
TL 1790359952.726 148.4 1.8
TL 1790359952.826 146.9 1.8
TL 1790359952.926 98.8 0.7
TL 1790359953.027 697.8 3.3
TL 1790359953.127 361.1 2.7
TL 1790359953.227 255.3 3.0
TL 1790359953.327 158.3 1.8
TL 1790359953.427 74.1 1.0
TL 1790359953.529 1850.7 2.1
TL 1790359953.627 78.1 3.2
TL 1790359953.727 128.0 1.7
TL 1790359953.828 134.6 2.0
TL 1790359953.928 139.2 1.5
TL 1790359954.029 447.7 3.8
TL 1790359954.129 278.3 3.5
TL 1790359954.229 345.1 3.7
TL 1790359954.329 86.8 1.2
TL 1790359954.430 922.7 2.6
TL 1790359954.529 57.9 2.0
TL 1790359954.632 1630.5 3.8
TL 1790359954.731 148.0 2.2
TL 1790359954.831 94.8 2.3
TL 1790359954.931 318.0 2.7
TL 1790359955.032 812.9 3.6
TL 1790359955.132 369.5 4.8
TL 1790359955.232 265.0 2.4
TL 1790359955.332 303.3 2.8
TL 1790359955.432 392.6 2.5
TL 1790359955.532 164.1 1.7
TL 1790359955.636 3627.4 1.5
TL 1790359955.732 136.4 3.3
TL 1790359955.832 129.7 2.3
TL 1790359955.934 1822.2 2.3
TL 1790359956.033 138.9 2.0
TL 1790359956.133 161.9 2.9
TL 1790359956.233 133.4 6.8
TL 1790359956.333 230.3 2.8
TL 1790359956.433 129.6 1.4
TL 1790359956.533 81.5 1.3
TL 1790359956.638 4075.6 1.7
TL 1790359956.734 178.6 5.3
TL 1790359956.834 207.8 3.2
TL 1790359956.935 352.3 2.7
TL 1790359957.035 213.1 2.3
TL 1790359957.135 158.2 1.9
TL 1790359957.235 126.6 1.3
TL 1790359957.335 59.0 1.1
TL 1790359957.436 303.3 3.3
TL 1790359957.536 233.0 1.6
TL 1790359957.636 83.4 1.8
TL 1790359957.737 916.0 3.5
TL 1790359957.837 554.4 4.0
TL 1790359957.937 504.7 1.7
TL 1790359958.037 74.0 2.8
TL 1790359958.137 144.4 1.4
TL 1790359958.237 154.1 2.0
TL 1790359958.337 261.0 3.6
TL 1790359958.438 213.5 2.2
TL 1790359958.538 200.2 2.6
TL 1790359958.638 284.7 2.8
TL 1790359958.738 235.9 3.3
TL 1790359958.839 391.1 3.6
TL 1790359958.939 131.1 0.9
TL 1790359959.039 208.3 3.1
TL 1790359959.139 87.6 1.6
TL 1790359959.240 300.3 3.2
TL 1790359959.340 194.5 1.2
TL 1790359959.440 244.9 1.9
TL 1790359959.540 121.3 1.9
TL 1790359959.640 66.5 1.8
TL 1790359959.740 105.3 1.9
TL 1790359959.840 140.2 2.7
TL 1790359959.940 113.0 0.8
TL 1790359960.041 258.7 3.2
TL 1790359960.140 115.2 1.3
TL 1790359960.241 75.9 1.9
TL 1790359960.341 228.1 2.6
TL 1790359960.441 50.2 1.7
TL 1790359960.542 410.2 3.9
TL 1790359960.642 114.4 1.4
TL 1790359960.742 376.0 3.2
TL 1790359960.842 101.0 1.5
TL 1790359960.942 330.6 1.2
TL 1790359961.043 1377.4 3.9
TL 1790359961.143 314.9 2.7
TL 1790359961.243 61.9 1.8
TL 1790359961.343 260.3 3.1
TL 1790359961.443 290.9 2.1
TL 1790359961.544 404.5 4.0
TL 1790359961.643 165.8 3.4
TL 1790359961.744 113.2 1.3
TL 1790359961.844 309.0 2.7
TL 1790359961.944 403.7 1.8
TL 1790359962.044 45.5 1.4
TL 1790359962.145 1529.2 1.6
TL 1790359962.245 609.7 3.4
TL 1790359962.345 287.2 3.9
TL 1790359962.445 269.3 2.2
TL 1790359962.545 84.8 1.2
TL 1790359962.645 117.1 1.5
TL 1790359962.745 69.6 2.7
TL 1790359962.845 309.0 5.8
TL 1790359962.945 112.4 1.1
TL 1790359963.046 109.1 1.9
TL 1790359963.146 63.9 1.8
TL 1790359963.246 213.1 2.1
TL 1790359963.346 178.9 2.0
TL 1790359963.447 344.4 2.1
TL 1790359963.547 238.6 4.4
TL 1790359963.647 163.9 2.2
TL 1790359963.747 360.7 3.6
TL 1790359963.847 92.7 1.8
TL 1790359963.948 249.8 1.1
TL 1790359964.048 124.0 1.3
TL 1790359964.148 100.6 1.8
TL 1790359964.248 554.4 3.5
TL 1790359964.349 551.9 4.5
TL 1790359964.449 374.6 2.7
TL 1790359964.549 281.9 3.3
TL 1790359964.649 136.4 1.5
TL 1790359964.749 142.3 2.1
TL 1790359964.849 68.9 2.2
TL 1790359964.949 43.4 1.4
TL 1790359965.049 123.5 4.0
TL 1790359965.149 101.6 1.3
TL 1790359965.249 210.6 1.8
TL 1790359965.350 327.6 4.5
TL 1790359965.450 99.2 1.5
TL 1790359965.550 317.7 3.3
TL 1790359965.650 304.6 3.6
TL 1790359965.751 464.2 3.9
TL 1790359965.851 391.2 4.1
TL 1790359965.951 278.9 3.3
TL 1790359966.051 58.4 1.0
TL 1790359966.151 147.3 3.1
TL 1790359966.252 1278.6 1.4
TL 1790359966.352 459.6 3.8
TL 1790359966.451 150.0 1.0
TL 1790359966.552 125.7 1.7
TL 1790359966.652 97.6 1.8
TL 1790359966.752 245.5 2.8
TL 1790359966.853 423.5 4.0
TL 1790359966.953 594.7 2.4
TL 1790359967.053 352.9 1.4
TL 1790359967.153 129.8 2.7
TL 1790359967.254 628.0 2.3
TL 1790359967.354 108.1 1.5
TL 1790359967.455 442.7 2.6
TL 1790359967.555 230.7 1.7
TL 1790359967.655 449.2 3.3
TL 1790359967.755 364.4 3.0
TL 1790359967.855 184.1 2.2
TL 1790359967.955 157.4 2.2
TL 1790359968.056 271.9 3.9
TL 1790359968.156 699.1 1.7
TL 1790359968.256 318.1 4.4
TL 1790359968.356 197.2 3.0
TL 1790359968.456 95.8 0.5
TL 1790359968.557 662.8 3.4
TL 1790359968.658 602.0 4.0
TL 1790359968.758 252.2 2.5
TL 1790359968.858 565.1 2.8
TL 1790359968.958 222.4 2.1
TL 1790359969.059 149.3 2.0
TL 1790359969.159 91.8 2.7
TL 1790359969.260 1360.6 2.2
TL 1790359969.359 69.4 1.6
TL 1790359969.460 163.0 1.4
TL 1790359969.560 209.4 1.4
TL 1790359969.660 81.0 2.2
TL 1790359969.760 364.9 3.5
TL 1790359969.861 446.9 3.2
TL 1790359969.961 277.7 3.4
TL 1790359970.061 313.1 2.8
TL 1790359970.161 153.0 1.8
TL 1790359970.261 62.8 1.4
TL 1790359970.363 1236.1 2.6
TL 1790359970.462 316.9 2.7
TL 1790359970.562 337.8 4.4
TL 1790359970.662 257.4 2.7
TL 1790359970.762 140.2 2.2
TL 1790359970.862 251.9 2.6
TL 1790359970.962 138.2 1.3
TL 1790359971.062 79.1 1.1
TL 1790359971.163 91.5 1.1
TL 1790359971.263 96.7 1.2
TL 1790359971.363 155.5 1.6
TL 1790359971.463 72.9 1.0
TL 1790359971.563 73.2 1.8
TL 1790359971.663 68.0 2.9
TL 1790359971.763 85.8 1.2
TL 1790359971.863 61.0 1.4
TL 1790359971.964 363.1 1.1
TL 1790359972.064 147.3 1.8
TL 1790359972.164 204.9 2.4
TL 1790359972.264 277.4 3.5
TL 1790359972.364 176.5 1.6
TL 1790359972.464 74.0 1.6
TL 1790359972.564 70.7 1.7
TL 1790359972.665 363.6 3.0
TL 1790359972.765 335.6 3.6
TL 1790359972.865 166.3 3.0
TL 1790359972.965 347.3 2.2
TL 1790359973.065 335.7 3.5
TL 1790359973.165 149.9 2.4
TL 1790359973.266 244.4 3.2
TL 1790359973.365 72.3 1.1
TL 1790359973.466 55.8 1.5
TL 1790359973.568 2439.6 1.6
TL 1790359973.666 654.1 3.6
TL 1790359973.766 302.0 3.6
TL 1790359973.866 300.6 3.1
TL 1790359973.966 87.7 2.0
TL 1790359974.066 65.9 2.1
TL 1790359974.167 66.3 1.7
TL 1790359974.267 97.2 1.4
TL 1790359974.367 266.9 2.7
TL 1790359974.467 143.8 2.6
TL 1790359974.567 88.5 2.3
TL 1790359974.668 1025.4 1.9
TL 1790359974.768 371.4 3.5
TL 1790359974.868 297.6 3.4
TL 1790359974.968 350.3 2.4
TL 1790359975.068 315.0 3.9
TL 1790359975.168 247.8 2.6
TL 1790359975.269 152.7 1.9
TL 1790359975.369 104.8 1.1
TL 1790359975.469 222.4 1.9
TL 1790359975.569 110.1 1.5
TL 1790359975.671 2340.3 1.5
TL 1790359975.769 370.1 3.3
TL 1790359975.869 287.3 4.6
TL 1790359975.970 366.4 3.0
TL 1790359976.070 315.3 4.1
TL 1790359976.170 93.7 1.8
TL 1790359976.270 90.7 1.5
TL 1790359976.370 67.0 1.9
TL 1790359976.471 563.1 3.2
TL 1790359976.570 99.8 1.4
TL 1790359976.670 70.5 1.3
TL 1790359976.771 180.3 1.6
TL 1790359976.871 422.9 4.2
TL 1790359976.972 370.5 2.2
TL 1790359977.072 446.7 4.0
TL 1790359977.172 267.2 4.1
TL 1790359977.272 424.8 4.1
TL 1790359977.373 491.6 3.3
TL 1790359977.473 502.5 3.2
TL 1790359977.573 230.8 2.7
TL 1790359977.673 53.3 1.2
TL 1790359977.775 246.2 1.3
TL 1790359977.875 352.2 3.1
TL 1790359977.975 286.6 1.7
TL 1790359978.075 181.4 2.0
TL 1790359978.175 229.9 3.4
TL 1790359978.276 421.7 4.2
TL 1790359978.376 201.7 2.1
TL 1790359978.475 54.4 1.6
TL 1790359978.576 98.6 1.9
TL 1790359978.676 71.3 1.4
TL 1790359978.777 1362.8 8.5
TL 1790359978.877 306.7 4.4
TL 1790359978.977 260.3 2.3
TL 1790359979.077 353.7 4.0
TL 1790359979.177 249.2 3.5
TL 1790359979.277 221.2 2.8
TL 1790359979.377 155.9 1.8
TL 1790359979.477 68.4 2.5
TL 1790359979.577 88.7 2.0
TL 1790359979.678 267.7 2.7
TL 1790359979.778 261.0 4.1
TL 1790359979.879 365.5 3.4
TL 1790359979.979 344.0 1.9
TL 1790359980.079 203.6 2.3
TL 1790359980.179 207.6 2.2
TL 1790359980.279 141.6 2.5
TL 1790359980.379 56.9 1.2
TL 1790359980.479 81.3 0.9
TL 1790359980.579 98.4 1.3
TL 1790359980.679 99.3 1.3
TL 1790359980.779 164.1 1.8
TL 1790359980.879 90.1 2.6
TL 1790359980.980 167.6 1.6
TL 1790359981.080 131.2 3.2
TL 1790359981.182 1996.7 1.6
TL 1790359981.280 270.5 3.0
TL 1790359981.381 655.3 4.2
TL 1790359981.481 186.0 1.0
TL 1790359981.581 278.6 3.1
TL 1790359981.681 68.9 1.2
TL 1790359981.782 1309.2 1.4
TL 1790359981.882 494.7 3.2
TL 1790359981.981 227.9 3.2
TL 1790359982.082 504.8 130.3
TL 1790359982.182 73.3 1.5
TL 1790359982.282 70.4 1.5
TL 1790359982.383 466.0 1.2
TL 1790359982.483 261.1 2.3
TL 1790359982.586 256.1 3.3
TL 1790359982.686 97.8 1.5
TL 1790359982.786 137.4 2.0
TL 1790359982.886 72.2 1.8
TL 1790359982.988 2114.8 1.1
TL 1790359983.086 160.9 2.0
TL 1790359983.186 134.7 2.8
TL 1790359983.286 301.8 4.6
TL 1790359983.387 338.5 3.9
TL 1790359983.487 290.3 4.6
TL 1790359983.587 117.5 1.8
TL 1790359983.687 52.6 1.2
TL 1790359983.787 108.6 1.7
TL 1790359983.888 318.2 3.2
TL 1790359983.988 271.9 2.9
TL 1790359984.088 81.7 1.4
TL 1790359984.191 3288.9 1.6
TL 1790359984.289 814.0 4.0
TL 1790359984.388 291.3 3.3
TL 1790359984.488 198.5 1.4
TL 1790359984.589 293.3 2.8
TL 1790359984.689 154.6 2.4
TL 1790359984.789 271.8 3.0
TL 1790359984.889 101.8 1.3
TL 1790359984.989 80.2 1.0
TL 1790359985.089 79.8 1.5
TL 1790359985.190 872.9 3.6
TL 1790359985.290 66.4 2.1
TL 1790359985.390 79.8 2.6
TL 1790359985.490 180.1 0.7
TL 1790359985.590 87.9 2.7
TL 1790359985.691 245.6 4.1
TL 1790359985.791 77.6 1.4
TL 1790359985.891 362.5 2.8
TL 1790359985.991 197.5 0.9
TL 1790359986.091 60.4 1.4
TL 1790359986.191 63.0 1.5
TL 1790359986.291 120.9 1.6
TL 1790359986.392 763.0 4.2
TL 1790359986.492 319.9 1.8
TL 1790359986.592 459.5 3.4
TL 1790359986.695 3263.2 3.3
TL 1790359986.793 247.5 3.3
TL 1790359986.893 414.7 2.5
TL 1790359986.993 81.7 1.1
TL 1790359987.093 49.7 1.0
TL 1790359987.193 211.0 1.7
TL 1790359987.294 518.4 3.4
TL 1790359987.393 331.0 3.6
TL 1790359987.494 271.0 1.9
TL 1790359987.594 312.7 2.9
TL 1790359987.694 114.5 3.4
TL 1790359987.794 65.2 1.5
TL 1790359987.894 215.9 3.7
TL 1790359987.994 57.6 1.0
TL 1790359988.094 210.9 1.3
TL 1790359988.195 193.6 3.3
TL 1790359988.295 973.2 3.2
TL 1790359988.395 440.6 3.6
TL 1790359988.496 705.4 2.4
TL 1790359988.595 412.2 3.8
TL 1790359988.695 91.7 1.5
TL 1790359988.795 74.9 1.0
TL 1790359988.895 93.5 1.4
TL 1790359988.996 99.0 1.0
TL 1790359989.096 131.9 1.2
TL 1790359989.196 164.7 2.6
TL 1790359989.297 301.6 4.1
TL 1790359989.397 555.2 4.2
TL 1790359989.497 488.0 2.2
TL 1790359989.597 326.8 3.5
TL 1790359989.698 271.7 3.3
TL 1790359989.798 93.4 1.7
TL 1790359989.898 158.9 2.7
TL 1790359989.998 107.3 1.6
TL 1790359990.098 653.2 2.2
TL 1790359990.198 230.9 3.2
TL 1790359990.299 383.5 3.1
TL 1790359990.398 107.6 2.2
TL 1790359990.499 313.1 2.6
TL 1790359990.599 473.2 4.3
TL 1790359990.699 280.0 3.4
TL 1790359990.799 174.0 3.1
TL 1790359990.899 100.3 1.7
TL 1790359990.999 74.7 0.6
TL 1790359991.099 60.6 1.4
TL 1790359991.201 1090.1 5.1
TL 1790359991.300 417.3 3.6
TL 1790359991.400 70.6 3.3
TL 1790359991.500 518.4 3.1
TL 1790359991.601 507.9 4.8
TL 1790359991.701 330.8 3.4
TL 1790359991.801 298.4 3.5
TL 1790359991.901 107.6 1.7
TL 1790359992.001 103.6 1.2
TL 1790359992.101 98.1 1.4
TL 1790359992.205 4164.1 1.5
TL 1790359992.301 78.9 1.5
TL 1790359992.401 92.4 3.4
TL 1790359992.502 352.4 2.3
TL 1790359992.602 217.4 3.0
TL 1790359992.703 468.7 3.4
TL 1790359992.803 476.6 3.0
TL 1790359992.903 290.6 3.4
TL 1790359993.003 138.3 0.9
TL 1790359993.103 149.0 1.9
TL 1790359993.204 106.6 1.6
TL 1790359993.305 1287.3 3.7
TL 1790359993.404 392.2 3.6
TL 1790359993.504 65.8 1.2
TL 1790359993.604 161.8 1.9
TL 1790359993.705 129.8 1.6
TL 1790359993.805 129.6 1.8
TL 1790359993.905 334.5 3.6
TL 1790359994.005 316.6 3.0
TL 1790359994.105 233.1 2.8
TL 1790359994.205 103.0 1.6
TL 1790359994.305 81.0 1.6
TL 1790359994.406 215.3 2.4
TL 1790359994.506 90.6 2.2
TL 1790359994.606 104.3 1.4
TL 1790359994.706 104.0 1.5
TL 1790359994.806 375.5 3.7
TL 1790359994.907 261.4 3.6
TL 1790359995.007 300.2 2.4
TL 1790359995.107 75.5 1.5
TL 1790359995.207 334.8 2.7
TL 1790359995.307 295.2 1.6
TL 1790359995.408 212.1 2.9
TL 1790359995.508 134.4 0.5
TL 1790359995.609 509.3 1.5
TL 1790359995.709 464.0 3.0
TL 1790359995.809 118.6 2.0
TL 1790359995.909 88.3 1.5
TL 1790359996.009 64.8 1.5
TL 1790359996.109 197.0 2.4
TL 1790359996.209 66.0 1.3
TL 1790359996.310 316.0 3.2
TL 1790359996.410 107.1 1.5
TL 1790359996.510 74.0 0.8
TL 1790359996.611 1173.6 2.2
TL 1790359996.710 494.3 2.0
TL 1790359996.810 67.9 2.6
TL 1790359996.910 154.8 3.1
TL 1790359997.011 315.1 2.4
TL 1790359997.111 257.4 3.7
TL 1790359997.211 154.9 2.0
TL 1790359997.311 192.6 2.3
TL 1790359997.411 142.1 2.5
TL 1790359997.511 64.7 0.8
TL 1790359997.611 144.4 2.0
TL 1790359997.711 213.1 1.6
TL 1790359997.812 290.9 3.0
TL 1790359997.912 304.0 3.1
TL 1790359998.012 364.9 2.1
TL 1790359998.112 227.6 3.5
TL 1790359998.212 111.9 1.7
TL 1790359998.312 252.7 2.7
TL 1790359998.413 388.6 2.6
TL 1790359998.513 220.0 1.2
TL 1790359998.613 149.5 2.3
TL 1790359998.714 59.2 1.9
TL 1790359998.814 674.9 1.4
TL 1790359998.914 408.5 4.2
TL 1790359999.014 106.6 2.2
TL 1790359999.114 93.8 1.8
TL 1790359999.214 87.4 1.8
TL 1790359999.314 77.8 1.5
TL 1790359999.415 493.2 4.3
TL 1790359999.515 295.6 2.7
TL 1790359999.615 309.5 4.3
TL 1790359999.715 103.9 1.4
TL 1790359999.815 60.5 2.4
TL 1790359999.919 3572.9 3.0
TL 1790360000.016 447.4 3.1
TL 1790360000.116 402.2 2.1
TL 1790360000.216 117.1 1.9
TL 1790360000.316 160.4 2.2
TL 1790360000.417 502.7 3.5
TL 1790360000.518 348.6 2.6
TL 1790360000.617 189.4 2.3
TL 1790360000.718 211.7 3.6
TL 1790360000.818 81.5 2.7
TL 1790360000.918 625.2 1.9
TL 1790360001.018 117.7 0.9
TL 1790360001.119 97.1 3.0
TL 1790360001.219 240.8 2.4
TL 1790360001.319 101.5 2.7
TL 1790360001.420 179.1 2.7
TL 1790360001.520 79.8 0.9
TL 1790360001.620 288.2 3.2
TL 1790360001.720 316.7 3.6
TL 1790360001.820 128.5 2.0
TL 1790360001.920 181.7 2.0
TL 1790360002.021 760.4 1.3
TL 1790360002.121 393.2 2.9
TL 1790360002.221 253.0 3.3
TL 1790360002.321 309.2 3.9
TL 1790360002.421 124.8 1.8
TL 1790360002.521 255.2 2.7
TL 1790360002.622 287.5 3.1
TL 1790360002.722 286.0 3.5
TL 1790360002.822 153.3 1.5
TL 1790360002.922 63.2 1.6
TL 1790360003.024 1883.6 1.2
TL 1790360003.123 417.9 4.0
TL 1790360003.223 311.6 4.1
TL 1790360003.324 515.9 2.0
TL 1790360003.424 382.2 5.1
TL 1790360003.524 418.8 4.3
TL 1790360003.624 147.1 3.4
TL 1790360003.725 264.6 2.9
TL 1790360003.825 70.3 1.3
TL 1790360003.925 73.7 1.3
TL 1790360004.028 3036.0 1.4
TL 1790360004.125 84.7 1.8
TL 1790360004.225 258.2 3.3
TL 1790360004.325 359.0 3.7
TL 1790360004.426 496.2 3.6
TL 1790360004.526 268.6 0.9
TL 1790360004.626 116.7 1.7
TL 1790360004.726 254.5 3.7
TL 1790360004.827 392.9 3.1
TL 1790360004.926 143.1 2.2
TL 1790360005.027 349.2 3.2
TL 1790360005.127 150.1 1.6
TL 1790360005.227 331.0 2.6
TL 1790360005.327 72.7 1.2
TL 1790360005.427 76.4 2.0
TL 1790360005.527 130.3 0.8
TL 1790360005.627 91.9 1.7
TL 1790360005.728 324.3 3.4
TL 1790360005.828 260.1 4.8
TL 1790360005.928 75.1 1.5
TL 1790360006.028 193.4 1.7
TL 1790360006.128 180.5 2.1
TL 1790360006.228 232.7 2.6
TL 1790360006.328 397.4 1.1
TL 1790360006.428 209.3 1.7
TL 1790360006.529 364.4 2.0
TL 1790360006.630 524.4 3.4
TL 1790360006.729 93.8 1.9
TL 1790360006.830 364.4 4.0
TL 1790360006.930 286.4 3.4
TL 1790360007.030 256.9 2.2
TL 1790360007.130 400.3 3.2
TL 1790360007.230 134.8 3.2
TL 1790360007.330 47.3 1.2
TL 1790360007.432 1133.8 2.3
TL 1790360007.531 727.5 3.1
TL 1790360007.632 529.9 3.2
TL 1790360007.732 140.3 2.3
TL 1790360007.832 112.0 1.8
TL 1790360007.933 504.3 3.0
TL 1790360008.034 1154.9 1.2
TL 1790360008.133 432.9 3.4
TL 1790360008.233 127.5 2.3
TL 1790360008.333 62.9 1.7
TL 1790360008.433 206.6 1.9
TL 1790360008.534 255.7 2.8
TL 1790360008.635 705.8 3.6
TL 1790360008.734 431.8 3.6
TL 1790360008.835 312.9 3.8
TL 1790360008.935 353.3 3.9
TL 1790360009.035 254.1 2.9
TL 1790360009.135 335.7 3.0
TL 1790360009.235 362.0 3.2
TL 1790360009.335 103.7 1.8
TL 1790360009.435 81.7 1.7
TL 1790360009.538 2450.2 1.4
TL 1790360009.636 577.6 4.0
TL 1790360009.736 522.0 3.7
TL 1790360009.836 468.2 3.9
TL 1790360009.937 343.4 3.9
TL 1790360010.037 708.0 2.8
TL 1790360010.137 226.7 2.4
TL 1790360010.237 91.8 1.6
TL 1790360010.337 76.9 1.4
TL 1790360010.437 53.1 1.8
TL 1790360010.541 3837.0 1.0
TL 1790360010.637 153.2 2.2
TL 1790360010.738 415.1 3.3
TL 1790360010.838 234.9 2.8
TL 1790360010.938 122.2 1.4
TL 1790360011.038 209.6 1.4
TL 1790360011.138 77.1 1.2
TL 1790360011.238 225.9 2.7
TL 1790360011.338 297.1 3.4
TL 1790360011.438 59.6 1.3
TL 1790360011.539 286.5 1.1
TL 1790360011.639 100.7 1.2
TL 1790360011.739 225.5 4.0
TL 1790360011.840 307.0 2.9
TL 1790360011.940 507.0 3.6
TL 1790360012.040 407.6 3.0
TL 1790360012.140 416.6 3.2
TL 1790360012.240 204.4 3.6
TL 1790360012.340 77.9 1.1
TL 1790360012.440 97.6 2.0
TL 1790360012.540 67.3 0.9
TL 1790360012.641 113.1 1.5
TL 1790360012.741 87.6 1.6
TL 1790360012.841 119.2 2.0
TL 1790360012.941 259.1 3.3
TL 1790360013.041 129.5 1.7
TL 1790360013.142 232.2 4.4
TL 1790360013.242 239.1 3.6
TL 1790360013.342 114.8 1.6
TL 1790360013.443 431.6 3.4
TL 1790360013.543 61.2 0.7
TL 1790360013.643 98.6 1.5
TL 1790360013.743 57.0 1.8
TL 1790360013.844 921.1 3.4
TL 1790360013.943 147.8 2.2
TL 1790360014.044 335.4 2.3
TL 1790360014.144 413.7 3.4
TL 1790360014.244 224.4 3.4
TL 1790360014.344 65.1 1.7
TL 1790360014.444 312.7 2.9
TL 1790360014.545 305.9 3.3
TL 1790360014.645 232.9 2.9
TL 1790360014.745 857.6 2.7
TL 1790360014.845 388.2 2.6
TL 1790360014.945 118.8 2.8
TL 1790360015.046 1318.4 2.2
TL 1790360015.145 145.7 2.7
TL 1790360015.245 79.1 1.5
TL 1790360015.345 105.9 2.0
TL 1790360015.446 406.4 3.5
TL 1790360015.546 426.4 2.3
TL 1790360015.646 217.9 3.5
TL 1790360015.746 275.4 3.6
TL 1790360015.846 262.5 2.3
TL 1790360015.947 235.5 2.4
TL 1790360016.047 291.8 2.5
TL 1790360016.147 272.4 2.3
TL 1790360016.247 130.1 3.1
TL 1790360016.347 63.8 0.8
TL 1790360016.448 614.7 3.4
TL 1790360016.548 252.9 0.7
TL 1790360016.648 183.9 1.5
TL 1790360016.748 70.9 0.8
TL 1790360016.848 276.2 37.3
TL 1790360016.948 324.6 1.8
TL 1790360017.049 269.8 1.8
TL 1790360017.149 49.5 1.0
TL 1790360017.249 65.4 2.3
TL 1790360017.349 288.4 1.4
TL 1790360017.449 365.9 6.1
TL 1790360017.550 326.1 2.5
TL 1790360017.650 113.8 1.6
TL 1790360017.750 140.3 1.5
TL 1790360017.850 349.9 2.9
TL 1790360017.950 337.1 2.8
TL 1790360018.050 302.2 2.8
TL 1790360018.150 237.9 2.4
TL 1790360018.251 355.2 3.7
TL 1790360018.351 205.9 3.1
TL 1790360018.451 352.8 3.3
TL 1790360018.552 338.7 3.2
TL 1790360018.652 239.0 2.6
TL 1790360018.752 90.9 1.0
TL 1790360018.852 308.2 2.3
TL 1790360018.953 364.7 2.8
TL 1790360019.053 528.7 2.4
TL 1790360019.153 195.0 3.1
TL 1790360019.255 333.4 2.6
TL 1790360019.354 65.5 2.1
TL 1790360019.454 69.4 0.8
TL 1790360019.555 109.3 1.9
TL 1790360019.655 119.4 1.4
TL 1790360019.755 152.1 3.0
TL 1790360019.855 305.5 4.6
TL 1790360019.956 377.3 3.0
TL 1790360020.058 2865.7 2.6
TL 1790360020.156 318.2 2.8
TL 1790360020.256 313.1 2.8
TL 1790360020.356 156.8 1.4
TL 1790360020.457 164.2 2.4
TL 1790360020.557 439.3 3.0
TL 1790360020.657 327.6 3.6
TL 1790360020.758 232.3 2.6
TL 1790360020.858 310.7 2.9
TL 1790360020.958 86.1 1.4
TL 1790360021.058 320.2 2.7
TL 1790360021.158 306.4 2.9
TL 1790360021.258 200.1 2.7
TL 1790360021.359 247.3 3.2
TL 1790360021.459 314.2 0.7
TL 1790360021.559 327.4 1.9
TL 1790360021.660 863.1 2.8
TL 1790360021.760 351.1 3.3
TL 1790360021.859 81.2 2.3
TL 1790360021.960 165.9 1.5
TL 1790360022.060 234.4 1.1
TL 1790360022.160 334.8 3.8
TL 1790360022.260 242.6 3.2
TL 1790360022.361 364.9 2.3
TL 1790360022.461 287.3 2.8
TL 1790360022.561 113.8 1.1
TL 1790360022.661 75.9 1.3
TL 1790360022.761 146.8 2.0
TL 1790360022.862 284.9 2.0
TL 1790360022.962 231.0 1.9
TL 1790360023.062 108.4 0.8
TL 1790360023.162 369.9 3.2
TL 1790360023.262 249.0 3.3
TL 1790360023.362 140.3 1.5
TL 1790360023.462 85.6 1.3
TL 1790360023.562 116.9 1.1
TL 1790360023.662 72.9 1.8
TL 1790360023.763 812.3 3.5
TL 1790360023.864 1008.5 3.2
TL 1790360023.963 256.7 3.1
TL 1790360024.064 308.9 2.5
TL 1790360024.163 78.3 1.5
TL 1790360024.264 85.7 2.9
TL 1790360024.364 200.2 2.9
TL 1790360024.464 82.5 1.5
TL 1790360024.564 114.7 0.8
TL 1790360024.664 69.2 1.5
TL 1790360024.764 347.7 2.5
TL 1790360024.864 252.8 2.6
TL 1790360024.965 304.8 3.1
TL 1790360025.065 117.6 1.4
TL 1790360025.165 58.0 1.0
TL 1790360025.265 349.5 4.1
TL 1790360025.365 92.0 2.8
TL 1790360025.465 175.3 2.7
TL 1790360025.566 125.1 0.9
TL 1790360025.666 105.5 1.7
TL 1790360025.767 1184.5 1.5
TL 1790360025.866 74.4 2.1
TL 1790360025.966 209.2 2.2
TL 1790360026.066 81.5 1.4
TL 1790360026.166 91.4 1.4
TL 1790360026.266 147.4 2.3
TL 1790360026.366 42.4 1.4
TL 1790360026.467 192.7 2.1
TL 1790360026.567 99.6 4.0
TL 1790360026.667 76.2 2.6
TL 1790360026.767 72.9 1.5
TL 1790360026.867 168.3 3.5
TL 1790360026.967 91.0 2.3
TL 1790360027.068 77.3 2.5
TL 1790360027.168 84.5 1.6
TL 1790360027.268 112.1 3.7
TL 1790360027.370 2192.1 1.4
TL 1790360027.471 155.4 2.3
TL 1790360027.571 161.9 1.2
TL 1790360027.671 591.4 2.1
TL 1790360027.771 77.9 1.7
TL 1790360027.871 73.6 3.0
TL 1790360027.971 81.1 2.9
TL 1790360028.071 92.3 1.5
TL 1790360028.171 61.7 2.5
TL 1790360028.271 70.2 3.2
TL 1790360028.372 143.8 2.6
TL 1790360028.472 67.7 1.4
TL 1790360028.572 138.5 1.2
TL 1790360028.672 437.1 3.0
TL 1790360028.772 97.6 3.0
TL 1790360028.872 283.2 2.9
TL 1790360028.972 133.1 3.1
TL 1790360029.072 89.2 1.4
TL 1790360029.173 114.3 2.5
TL 1790360029.273 150.7 3.2
TL 1790360029.373 229.0 1.6
TL 1790360029.473 63.0 2.9
TL 1790360029.573 84.0 2.7
TL 1790360029.674 255.2 1.3
TL 1790360029.773 137.2 1.7
TL 1790360029.874 124.3 2.8
TL 1790360029.974 70.1 2.2
TL 1790360030.074 76.7 1.4
TL 1790360030.174 78.5 2.1
TL 1790360030.274 90.8 3.3
TL 1790360030.374 83.9 1.5
TL 1790360030.474 194.5 3.3
TL 1790360030.575 195.0 2.4
TL 1790360030.675 86.5 1.4
TL 1790360030.775 253.3 3.2
TL 1790360030.875 235.3 3.0
TL 1790360030.975 196.7 2.8
TL 1790360031.076 224.5 2.9
TL 1790360031.176 749.2 3.4
TL 1790360031.277 454.4 3.3
TL 1790360031.377 444.1 3.2
TL 1790360031.477 202.4 3.2
TL 1790360031.577 195.3 1.0
TL 1790360031.677 146.1 1.3
TL 1790360031.777 275.8 2.3
TL 1790360031.878 295.9 3.5
TL 1790360031.978 219.2 2.4
TL 1790360032.078 51.1 1.0
TL 1790360032.178 171.0 1.9
TL 1790360032.278 95.2 2.2
TL 1790360032.378 232.9 2.3
TL 1790360032.479 268.9 2.9
TL 1790360032.579 229.6 1.8
TL 1790360032.679 241.1 3.0
TL 1790360032.779 282.2 2.1
TL 1790360032.879 366.7 3.7
TL 1790360032.979 220.9 2.9
TL 1790360033.079 204.9 2.6
TL 1790360033.179 125.2 3.0
TL 1790360033.279 62.3 1.6
TL 1790360033.380 145.9 1.6
TL 1790360033.480 327.4 3.1
TL 1790360033.580 309.7 3.4
TL 1790360033.680 263.3 4.0
TL 1790360033.781 251.9 3.1
TL 1790360033.881 221.5 2.6
TL 1790360033.981 231.4 4.2
TL 1790360034.081 173.1 1.0
TL 1790360034.181 64.9 0.9
TL 1790360034.282 230.2 1.3
TL 1790360034.382 103.7 1.0
TL 1790360034.482 235.6 1.9
TL 1790360034.582 274.8 2.4
TL 1790360034.683 269.0 3.0
TL 1790360034.783 327.9 4.1
TL 1790360034.883 142.7 2.3
TL 1790360034.983 192.6 1.9
TL 1790360035.083 188.1 2.2
TL 1790360035.183 85.1 0.7
TL 1790360035.283 194.7 1.9
TL 1790360035.383 156.6 1.0
TL 1790360035.484 288.0 3.2
TL 1790360035.584 255.2 1.9
TL 1790360035.684 305.6 3.4
TL 1790360035.784 295.8 3.2
TL 1790360035.884 289.5 2.7
TL 1790360035.984 208.8 2.7
TL 1790360036.085 317.7 2.5
TL 1790360036.185 338.6 3.8
TL 1790360036.285 77.2 1.7
TL 1790360036.385 113.1 1.6
TL 1790360036.485 243.1 2.7
TL 1790360036.586 262.4 2.2
TL 1790360036.686 340.2 2.9
TL 1790360036.786 133.1 1.5
TL 1790360036.886 207.8 2.6
TL 1790360036.986 339.3 2.7
TL 1790360037.086 100.5 0.7
TL 1790360037.187 441.7 3.8
TL 1790360037.287 194.7 2.9
TL 1790360037.387 194.6 2.8
TL 1790360037.488 383.5 2.1
TL 1790360037.588 321.1 2.3
TL 1790360037.688 465.1 3.5
TL 1790360037.788 199.4 2.5
TL 1790360037.888 166.1 0.9
TL 1790360037.988 188.7 1.1
TL 1790360038.089 377.9 3.1
TL 1790360038.189 312.0 2.7
TL 1790360038.289 205.2 3.4
TL 1790360038.389 429.3 3.1
TL 1790360038.489 346.2 3.4
TL 1790360038.589 249.0 2.3
TL 1790360038.690 321.1 3.3
TL 1790360038.790 301.2 3.4
TL 1790360038.890 161.5 1.1
TL 1790360038.990 61.1 1.0
TL 1790360039.090 228.0 1.6
TL 1790360039.190 380.3 4.5
TL 1790360039.291 350.3 3.1
TL 1790360039.391 353.4 2.9
TL 1790360039.491 282.0 3.0
TL 1790360039.591 267.3 1.9
TL 1790360039.691 205.3 3.1
TL 1790360039.791 274.5 2.7
TL 1790360039.892 294.5 3.2
TL 1790360039.992 92.7 1.5
TL 1790360040.092 304.6 1.4
TL 1790360040.193 460.9 3.1
TL 1790360040.293 237.7 2.5
TL 1790360040.393 303.1 1.9
TL 1790360040.493 258.4 1.9
TL 1790360040.593 303.9 2.6
TL 1790360040.694 330.6 3.1
TL 1790360040.794 296.5 3.1
TL 1790360040.894 107.1 1.6
TL 1790360040.994 140.5 1.5
TL 1790360041.094 211.9 2.3
TL 1790360041.194 310.8 2.8
TL 1790360041.294 218.5 2.7
TL 1790360041.395 206.6 3.5
TL 1790360041.495 229.7 3.2
TL 1790360041.595 251.5 2.8
TL 1790360041.695 307.4 3.4
TL 1790360041.795 114.0 1.0
TL 1790360041.895 62.9 1.8
TL 1790360041.996 444.5 1.3
TL 1790360042.096 65.8 0.6
TL 1790360042.196 258.4 3.5
TL 1790360042.296 221.3 3.1
TL 1790360042.396 308.3 2.9
TL 1790360042.496 305.3 3.7
TL 1790360042.597 137.5 2.0
TL 1790360042.697 347.6 3.4
TL 1790360042.797 274.7 3.1
TL 1790360042.897 308.1 4.7
TL 1790360042.998 252.0 4.0
TL 1790360043.098 404.8 2.4
TL 1790360043.198 272.1 3.2
TL 1790360043.298 310.2 4.1
TL 1790360043.398 330.3 3.3
TL 1790360043.499 212.1 3.4
TL 1790360043.599 109.4 0.9
TL 1790360043.699 70.4 1.8
TL 1790360043.799 222.8 1.9
TL 1790360043.899 97.2 1.5
TL 1790360044.000 349.4 1.8
TL 1790360044.100 314.6 0.6
TL 1790360044.200 52.3 1.5
TL 1790360044.300 290.9 4.6
TL 1790360044.400 222.4 3.4
TL 1790360044.500 227.2 2.8
TL 1790360044.600 86.0 1.5
TL 1790360044.701 287.8 3.5
TL 1790360044.801 205.9 3.5
TL 1790360044.901 167.8 2.7
TL 1790360045.001 235.5 2.1
TL 1790360045.101 218.3 2.0
TL 1790360045.201 189.6 2.9
TL 1790360045.302 217.2 4.0
TL 1790360045.402 111.6 2.0
TL 1790360045.502 519.4 3.3
TL 1790360045.602 116.9 1.0
TL 1790360045.702 133.4 2.6
TL 1790360045.802 212.9 2.6
TL 1790360045.902 166.4 2.2
TL 1790360046.003 218.3 2.6
TL 1790360046.103 177.4 0.9
TL 1790360046.203 335.0 3.8
TL 1790360046.303 111.9 1.3
TL 1790360046.403 199.8 2.6
TL 1790360046.503 290.1 2.7
TL 1790360046.603 91.5 0.6
TL 1790360046.703 80.3 1.1
TL 1790360046.804 90.9 0.8
TL 1790360046.904 606.0 2.0
TL 1790360047.004 242.3 3.7
TL 1790360047.104 168.6 1.6
TL 1790360047.204 240.3 2.9
TL 1790360047.304 72.4 1.3
TL 1790360047.405 194.1 3.3
TL 1790360047.505 267.2 3.4
TL 1790360047.605 234.2 2.6
TL 1790360047.705 330.3 3.6
TL 1790360047.805 252.5 3.4
TL 1790360047.905 216.1 3.1
TL 1790360048.006 223.9 2.6
TL 1790360048.106 138.3 5.5
TL 1790360048.206 194.8 3.3
TL 1790360048.306 95.4 1.3
TL 1790360048.406 60.6 0.8
TL 1790360048.506 242.8 3.6
TL 1790360048.607 381.1 2.8
TL 1790360048.707 404.2 4.0
TL 1790360048.807 228.1 2.2
TL 1790360048.907 184.8 2.7
TL 1790360049.007 97.5 1.6
TL 1790360049.107 205.8 2.2
TL 1790360049.207 238.6 3.5
TL 1790360049.307 90.7 1.5
TL 1790360049.408 152.4 1.4
TL 1790360049.508 283.8 1.7
TL 1790360049.608 254.9 2.8
TL 1790360049.708 490.3 3.2
TL 1790360049.808 359.9 2.2
TL 1790360049.909 354.7 3.1
TL 1790360050.009 364.3 3.8
TL 1790360050.109 67.1 0.8
TL 1790360050.209 77.9 1.0
TL 1790360050.309 211.1 2.6
TL 1790360050.409 295.3 2.1
TL 1790360050.509 52.8 1.0
TL 1790360050.609 246.0 3.1
TL 1790360050.710 304.0 2.7
TL 1790360050.809 78.5 1.0
TL 1790360050.910 214.7 2.9
TL 1790360051.010 179.1 2.2
TL 1790360051.110 265.5 2.9
TL 1790360051.210 113.0 1.9
TL 1790360051.310 76.4 1.6
TL 1790360051.411 283.5 4.5
TL 1790360051.511 233.8 4.1
TL 1790360051.611 366.3 2.7
TL 1790360051.712 362.0 3.2
TL 1790360051.812 278.6 1.2
TL 1790360051.912 222.8 2.4
TL 1790360052.012 243.2 2.4
TL 1790360052.112 121.8 1.4
TL 1790360052.213 191.7 2.7
TL 1790360052.313 213.6 2.4
TL 1790360052.413 175.5 1.9
TL 1790360052.514 314.2 3.2
TL 1790360052.614 111.9 0.6
TL 1790360052.714 182.7 2.0
TL 1790360052.815 311.0 2.7
TL 1790360052.915 212.2 3.2
TL 1790360053.015 83.5 0.9
TL 1790360053.116 316.2 2.0
TL 1790360053.216 324.4 3.1
TL 1790360053.316 455.3 2.6
TL 1790360053.416 408.4 3.5
TL 1790360053.516 121.4 0.9
TL 1790360053.616 249.6 2.9
TL 1790360053.717 194.0 3.1
TL 1790360053.817 199.1 2.3
TL 1790360053.917 163.4 2.0
TL 1790360054.017 110.2 1.6
TL 1790360054.117 348.3 2.2
TL 1790360054.217 81.4 1.4
TL 1790360054.318 703.1 3.0
TL 1790360054.418 245.1 2.6
TL 1790360054.518 106.9 1.2
TL 1790360054.618 189.2 2.1
TL 1790360054.718 106.5 2.5
TL 1790360054.818 198.1 1.9
TL 1790360054.918 117.8 1.3
TL 1790360055.018 86.3 1.1
TL 1790360055.119 244.0 1.8
TL 1790360055.219 157.6 2.2
TL 1790360055.320 218.8 3.4
TL 1790360055.420 295.3 3.7
TL 1790360055.521 468.1 3.7
TL 1790360055.621 358.1 2.6
TL 1790360055.721 260.4 3.5
TL 1790360055.821 246.8 3.8
TL 1790360055.921 160.7 2.0
TL 1790360056.022 87.4 1.1
TL 1790360056.122 278.9 2.1
TL 1790360056.222 339.3 3.6
TL 1790360056.322 87.8 1.8
TL 1790360056.422 260.4 3.6
TL 1790360056.523 241.8 3.4
TL 1790360056.623 324.9 2.7
TL 1790360056.723 313.6 3.9
TL 1790360056.823 62.9 0.9
TL 1790360056.923 63.9 1.6
TL 1790360057.023 152.9 3.1
TL 1790360057.124 343.6 2.1
TL 1790360057.224 214.9 3.5
TL 1790360057.324 347.3 3.5
TL 1790360057.424 133.4 1.8
TL 1790360057.524 218.5 3.3
TL 1790360057.625 316.9 3.4
TL 1790360057.725 125.8 1.6
TL 1790360057.825 113.9 0.9
TL 1790360057.925 360.5 3.1
TL 1790360058.025 215.7 2.3
TL 1790360058.125 305.3 3.3
TL 1790360058.226 306.9 3.9
TL 1790360058.326 280.4 3.2
TL 1790360058.426 259.8 1.5
TL 1790360058.526 249.0 3.5
TL 1790360058.628 1107.7 3.0
TL 1790360058.727 151.5 2.1
TL 1790360058.827 65.6 1.7
TL 1790360058.928 67.7 1.1
TL 1790360059.028 316.1 2.5
TL 1790360059.129 387.5 2.2
TL 1790360059.229 278.8 3.5
TL 1790360059.329 437.4 3.2
TL 1790360059.431 1535.1 3.4
TL 1790360059.530 206.3 4.6
TL 1790360059.631 188.0 1.7
TL 1790360059.731 102.9 2.0
TL 1790360059.831 122.0 0.9
TL 1790360059.931 209.2 2.7
TL 1790360060.032 297.3 2.0
TL 1790360060.132 296.6 1.0
TL 1790360060.233 669.8 3.2
TL 1790360060.333 996.9 4.1
TL 1790360060.432 123.9 1.5
TL 1790360060.533 168.3 2.8
TL 1790360060.633 194.3 2.6
TL 1790360060.733 129.2 1.5
TL 1790360060.833 89.0 1.6
TL 1790360060.933 375.1 2.3
TL 1790360061.033 55.9 1.0
TL 1790360061.135 697.8 3.2
TL 1790360061.234 253.1 3.6
TL 1790360061.335 280.1 2.3
TL 1790360061.435 242.0 2.3
TL 1790360061.536 313.6 3.0
TL 1790360061.636 377.9 4.2
TL 1790360061.736 172.7 1.2
TL 1790360061.836 79.9 0.9
TL 1790360061.937 153.8 1.9
TL 1790360062.037 236.4 2.3
TL 1790360062.137 137.0 1.9
TL 1790360062.237 191.5 2.6
TL 1790360062.337 128.0 1.0
TL 1790360062.437 76.4 1.2
TL 1790360062.537 242.3 2.1
TL 1790360062.637 138.2 2.0
TL 1790360062.738 363.9 3.3
TL 1790360062.838 319.4 2.6
TL 1790360062.938 235.6 2.3
TL 1790360063.038 193.9 2.5
TL 1790360063.139 635.4 0.9
TL 1790360063.238 207.3 2.9
TL 1790360063.338 107.1 1.0
TL 1790360063.438 80.4 1.2
TL 1790360063.539 243.1 2.4
TL 1790360063.639 62.1 1.1
TL 1790360063.739 100.7 2.0
TL 1790360063.839 75.6 1.4
TL 1790360063.939 127.9 1.5
TL 1790360064.039 108.4 3.1
TL 1790360064.139 88.7 2.8
TL 1790360064.239 70.6 1.4
TL 1790360064.339 87.8 2.6
TL 1790360064.440 76.7 3.0
TL 1790360064.540 288.6 2.3
TL 1790360064.640 121.1 2.0
TL 1790360064.742 2330.7 2.7
TL 1790360064.840 74.1 1.2
TL 1790360064.943 2754.0 3.2
TL 1790360065.040 96.9 1.9
TL 1790360065.140 98.6 1.5
TL 1790360065.240 53.7 1.3
TL 1790360065.341 303.5 3.6
TL 1790360065.441 106.2 2.5
TL 1790360065.541 73.5 1.6
TL 1790360065.641 253.6 3.5
TL 1790360065.741 224.1 2.9
TL 1790360065.841 120.8 1.8
TL 1790360065.942 184.0 2.3
TL 1790360066.042 60.6 0.8
TL 1790360066.142 249.7 2.1
TL 1790360066.242 303.3 2.6
TL 1790360066.342 72.5 1.0
TL 1790360066.442 240.9 3.3
TL 1790360066.543 237.7 2.4
TL 1790360066.643 60.1 1.4
TL 1790360066.743 82.2 1.3
TL 1790360066.843 68.4 1.6
TL 1790360066.943 116.2 2.2
TL 1790360067.043 91.9 1.4
TL 1790360067.143 162.8 1.9
TL 1790360067.243 140.0 2.0
TL 1790360067.343 117.0 1.8
TL 1790360067.443 62.7 1.7
TL 1790360067.544 54.8 1.8
