1790147487.148846889  540798 1003564
1790147489.611649857       0       0
1790147491.954712772   95059 1003777
1790147494.254175428   96491 1003816
1790147496.624968083   94708 1003165
1790147498.926778863   89543 1003285
1790147501.189795373  114377 1003326
1790147503.460118341       0       0
1790147505.721774694       0       0
1790147507.971139016       0       0
1790147510.234591620       0       0
1790147512.481382348       0       0
1790147514.746446409       0       0
1790147517.041109742       0       0
1790147519.387204220   99707 1003418
1790147521.670706146   89572 1002919
1790147524.103369479   87575 1003026
1790147526.388178332   84130 1003106
1790147528.674744477   82149 1003198
1790147531.184380466   74470 1002793
1790147533.491510152   83735 1002934
1790147535.940064370   71559 1002777
1790147538.223581244   82711 1003147
1790147540.489798900   78559 1003082
1790147542.812870930   70373 1002759
1790147545.094189627   99538 1003269
1790147547.381847803   91484 1003137
1790147549.888805719   72381 1002903
1790147552.356818531   95407 1003616
1790147554.646979988   93594 1003413
1790147556.949995612   66532 1003102
1790147559.477732851   88069 1003247
1790147561.779584985   80699 1003051
1790147564.113865661  101361 1003855
1790147566.392880036   87973 1003480
1790147568.673296337   84128 1002976
1790147570.979453471   78385 1002837
1790147573.293729929   69737 1002678
1790147575.608065761   67281 1002506
1790147577.943965708   77836 1003090
1790147580.299690499   71652 1002799
1790147582.590305550   70169 1002813
1790147584.887051643   71838 1002789
1790147587.181467476   75554 1002959
1790147589.474301173   83570 1003180
1790147591.767512161   66868 1002814
1790147594.210510390   72460 1002997
1790147596.494281014   86136 1003239
1790147598.788447054   79580 1003035
1790147601.104048877   92037 1003817
1790147603.415443251   80053 1002904
1790147605.696217521   96850 1003018
1790147608.006501113   82825 1003214
1790147610.313571217   87275 1003303
1790147612.620351268   81348 1003154
1790147614.909885590   69889 1002639
1790147617.195173454   81454 1003163
1790147619.490254442       0       0
1790147621.793790379   81423 1002852
1790147624.064573399   84401 1003270
1790147626.327751627   81769 1002697
1790147628.741931418   67099 1002788
1790147631.079723657   82314 1002878
1790147633.476470218   54259 1002944
1790147635.759986415   70734 1003154
1790147638.058253394   74612 1002733
1790147640.514095580   61658 1002856
1790147642.901929486  109521 1003713
1790147645.272132662   81503 1002828
1790147647.651579119   73190 1002439
1790147650.011931462   66259 1002807
1790147652.356482867   69026 1002668
1790147654.632530314   67658 1002654
1790147656.906215678   66553 1003207
1790147659.215616875   67547 1002532
1790147661.494635051   84978 1003140
1790147663.953164686       0       0
1790147666.227334008   86240 1003176
1790147668.492027653   89664 1003098
1790147670.757981923   84960 1003148
1790147673.020252599   84945 1003229
1790147675.272265671   89270 1003383
1790147677.545679160   86722 1003136
1790147680.050660461   73941 1002845
1790147682.473615564       0       0
1790147684.757570199       0       0
