1790361412.522680616  419740 1003642
1790361414.935022334       0       0
1790361417.183662333   48096 1003011
1790361419.439427488       0       0
1790361421.705695456       0       0
1790361423.969804987       0       0
1790361426.217826705       0       0
1790361428.496325610       0       0
1790361430.755758317       0       0
1790361433.036356806       0       0
1790361435.301751649       0       0
1790361437.593961440       0       0
1790361439.875040970   50063 1003450
1790361442.125062115       0       0
1790361444.426006333   43049 1002745
1790361446.699989509   59140 1002571
1790361449.073975081   52930 1002303
1790361451.345321643   54059 1002690
1790361453.600633830   56383 1002459
1790361455.865089975   54522 1002348
1790361458.108156797   59772 1002354
1790361460.388037317   64382 1002668
1790361462.638951326   67052 1002466
1790361464.903454190   57846 1002553
1790361467.178468147   59176 1002472
1790361469.448221063   54041 1002324
1790361471.715586583   52079 1002138
1790361473.968932520   66900 1002482
1790361476.241540123   62861 1002248
1790361478.526662258   58423 1002385
1790361480.762994236   57786 1002291
1790361483.163395381   66161 1002546
1790361485.418006057   69544 1002281
1790361487.692436160   64569 1002374
1790361489.994559441       0       0
1790361492.262989648   65994 1002418
1790361494.526941731   62607 1002343
1790361496.793484230   55513 1002226
1790361499.068475583   45803 1002368
1790361501.335944801       0       0
1790361503.594667873   61145 1002419
1790361505.863272768   54860 1002526
1790361508.155957819   58558 1002385
1790361510.409314120   51776 1002384
1790361512.662928807   59546 1002597
1790361514.943836879   61198 1002178
1790361517.334640420   74511 1002822
1790361519.634455888   52951 1002315
1790361521.891819376   82360 1003245
1790361524.190498542   65566 1002404
1790361526.521018385   62195 1002498
1790361528.812648124   69564 1002724
1790361531.116508019   61038 1002470
1790361533.434869372   54543 1002545
1790361535.740739944   60567 1002483
1790361538.040906870   66690 1002471
1790361540.306489161   61302 1002537
1790361542.592036556   50775 1002610
1790361544.876287597   55379 1002774
1790361547.175103638   52562 1002312
1790361549.510076866   49230 1002622
1790361551.946007490   63344 1002508
1790361554.276118479   59552 1002735
1790361556.543313530   54446 1002586
1790361558.819991498   60518 1002552
1790361561.145673372   60345 1002577
1790361563.446090038   59939 1002683
1790361565.751043214   61526 1002729
1790361568.035546755   62532 1002605
1790361570.347869723   50480 1002406
1790361572.665119982   52726 1002342
1790361574.956356700   85305 1003029
1790361577.241681022   43567 1002467
1790361579.478765761       0       0
1790361581.700832895       0       0
1790361583.931661019       0       0
1790361586.276436435       0       0
1790361588.626047476       0       0
1790361590.998119246       0       0
