1790131895.608293149   26860 1002446
1790131898.109722210   28774 1002044
1790131900.430029762  279986 1003855
1790131902.725393563  281968 1003827
1790131905.000248562  167430 1003989
1790131907.438318301  131351 1003024
1790131909.809597414  178470 1003574
1790131912.078154757   29919 1002374
1790131914.332855017   30971 1002629
1790131916.635373089   29459 1002323
1790131918.907432098   30807 1002551
1790131921.184399181   38301 1002679
1790131927.504880064   29172 1002151
1790131929.925194386   84635 1003025
1790131932.343276989  106454 1003266
1790131934.615320061   75506 1002697
1790131937.106445269  111891 1003374
1790131939.413810945  151535 1003602
1790131941.810065423  133522 1003442
1790131944.155169433  108775 1003551
1790131946.482352661   96780 1003457
1790131948.878086983  151930 1003105
1790131951.281714690   97377 1003281
1790131953.605536668  117838 1003349
1790131955.920620522  109751 1003051
1790131958.266988854   79344 1002852
1790131960.572031926  133211 1003533
1790131963.051829009   58624 1002507
1790131965.362769112   98869 1003170
1790131967.716098955   78252 1002865
1790131970.036031506  106467 1003402
1790131972.481581505   93732 1003010
1790131974.762035098   85741 1003064
1790131977.051538639  143494 1003641
1790131979.366762179  145458 1003673
1790131981.697705981  121150 1003147
1790131984.031091344   84511 1003162
1790131986.381997593   67544 1002747
1790131988.666519988   91675 1003216
1790131990.958052696   71056 1002676
1790131993.283019883   98066 1002923
1790131995.699526705  104118 1003310
1790131998.003658579  123103 1003018
1790132000.345821338  130803 1003170
1790132002.685708316  150599 1003118
1790132005.027885451   98425 1003133
1790132007.546710137  117932 1003575
1790132009.844937168   81243 1002865
1790132012.145968886  111817 1003239
1790132014.424689666   83174 1002972
1790132016.723858884  123097 1003551
1790132019.103832008  233796 1003158
1790132021.491938882  105659 1003004
1790132023.808770131  173703 1003709
1790132026.105982839   97246 1003010
1790132028.385283150   68369 1002652
1790132030.660847420  107368 1003144
1790132032.939219347   74139 1002880
1790132035.253102679   96905 1003520
1790132037.533106324   89289 1003197
1790132039.877749813   80068 1003033
1790132042.355506635   99016 1003249
1790132044.673546321  109194 1003444
1790132047.002723091  104825 1002924
1790132049.403480017   78631 1003078
1790132051.794645694   83455 1002727
1790132054.194151109   86015 1003027
1790132056.558815692  129347 1003324
1790132058.921747045  111949 1003122
1790132061.269755429   82047 1003250
1790132063.649261210   83211 1003080
1790132066.029486938   88804 1002977
1790132068.369052875   80608 1003068
1790132070.731948551   82163 1002910
1790132073.085842925   97240 1003173
1790132075.465218601  100278 1003293
1790132077.978814538   78750 1002748
1790132080.327290787   89011 1003039
1790132082.666880161   76039 1002995
1790132084.986415577   65522 1002607
1790132087.312486722   80480 1002677
1790132089.652024429   72290 1003083
1790132092.012594376   71153 1002711
1790132094.412765469   41985 1002385
1790132096.949714010   41544 1002262
1790132099.530655415   29287 1002214
