TL 1790360103.320 52.2 1.4
TL 1790360103.421 298.0 1.4
TL 1790360103.521 165.8 2.6
TL 1790360103.621 158.2 2.0
TL 1790360103.721 313.3 3.0
TL 1790360103.822 252.4 3.5
TL 1790360103.922 268.4 4.6
TL 1790360104.022 141.8 1.6
TL 1790360104.122 56.4 1.7
TL 1790360104.222 330.9 5.2
TL 1790360104.323 308.0 2.6
TL 1790360104.423 347.0 4.2
TL 1790360104.523 498.8 102.6
TL 1790360104.623 517.1 4.7
TL 1790360104.724 199.5 3.4
TL 1790360104.824 235.3 2.3
TL 1790360104.924 70.3 0.7
TL 1790360105.024 323.0 3.3
TL 1790360105.124 388.3 3.2
TL 1790360105.224 224.1 4.3
TL 1790360105.325 253.2 2.4
TL 1790360105.425 75.7 1.2
TL 1790360105.525 249.0 2.6
TL 1790360105.625 167.4 1.7
TL 1790360105.725 184.7 5.2
TL 1790360105.825 266.4 1.7
TL 1790360105.926 387.2 3.4
TL 1790360106.026 214.2 4.4
TL 1790360106.126 205.6 2.9
TL 1790360106.226 50.7 1.6
TL 1790360106.326 155.7 2.1
TL 1790360106.426 127.1 2.2
TL 1790360106.526 104.4 1.6
TL 1790360106.627 79.0 2.1
TL 1790360106.727 113.5 1.8
TL 1790360106.827 396.0 3.2
TL 1790360106.928 244.9 5.3
TL 1790360107.028 226.1 3.5
TL 1790360107.128 695.5 10.3
TL 1790360107.229 596.1 3.1
TL 1790360107.329 325.7 3.7
TL 1790360107.429 198.7 4.1
TL 1790360107.529 110.5 2.4
TL 1790360107.629 72.0 1.6
TL 1790360107.729 79.6 1.1
TL 1790360107.829 82.4 1.0
TL 1790360107.930 431.9 6.9
TL 1790360108.030 526.8 4.2
TL 1790360108.130 242.2 4.1
TL 1790360108.230 412.9 5.6
TL 1790360108.330 64.8 50.5
TL 1790360108.431 382.4 3.2
TL 1790360108.531 98.3 1.3
TL 1790360108.631 113.5 1.6
TL 1790360108.732 512.2 4.9
TL 1790360108.832 372.8 1.8
TL 1790360108.932 109.4 2.2
TL 1790360109.033 1056.0 5.8
TL 1790360109.133 233.8 2.4
TL 1790360109.233 515.9 4.4
TL 1790360109.334 235.7 2.9
TL 1790360109.433 83.7 1.8
TL 1790360109.534 282.2 3.4
TL 1790360109.634 122.4 2.1
TL 1790360109.734 68.1 1.6
TL 1790360109.834 50.1 0.8
TL 1790360109.934 55.4 2.2
TL 1790360110.034 41.1 1.0
TL 1790360110.135 208.5 4.2
TL 1790360110.235 59.5 2.4
TL 1790360110.335 52.7 1.8
TL 1790360110.435 76.1 3.2
TL 1790360110.535 71.9 3.1
TL 1790360110.636 933.4 2.6
TL 1790360110.735 82.4 2.3
TL 1790360110.835 84.0 1.9
TL 1790360110.936 124.7 2.3
TL 1790360111.036 76.6 2.4
TL 1790360111.136 150.4 3.0
TL 1790360111.236 143.8 1.5
TL 1790360111.336 73.1 1.2
TL 1790360111.436 83.0 2.3
TL 1790360111.536 60.9 2.6
TL 1790360111.636 60.7 1.9
TL 1790360111.737 71.4 1.7
TL 1790360111.837 68.5 1.4
TL 1790360111.937 103.8 2.3
TL 1790360112.037 83.5 2.2
TL 1790360112.137 87.2 1.9
TL 1790360112.237 63.0 1.8
TL 1790360112.337 96.9 1.6
TL 1790360112.437 179.3 2.3
TL 1790360112.537 68.5 2.6
TL 1790360112.637 50.4 1.9
TL 1790360112.738 70.9 1.8
TL 1790360112.838 77.9 2.4
TL 1790360112.938 79.8 3.0
TL 1790360113.038 56.5 2.7
TL 1790360113.138 110.1 1.6
TL 1790360113.238 73.4 1.8
TL 1790360113.339 223.0 3.3
TL 1790360113.439 92.3 3.0
TL 1790360113.539 100.5 2.4
TL 1790360113.639 133.8 3.3
TL 1790360113.740 791.2 3.1
TL 1790360113.839 135.3 1.7
TL 1790360113.939 85.1 2.0
TL 1790360114.040 95.2 1.6
TL 1790360114.140 120.5 2.5
TL 1790360114.242 1966.8 1.8
TL 1790360114.340 82.4 1.4
TL 1790360114.440 56.4 2.1
TL 1790360114.541 317.1 3.7
TL 1790360114.640 46.9 1.6
TL 1790360114.741 196.6 2.7
TL 1790360114.841 57.1 2.6
TL 1790360114.941 384.3 3.3
TL 1790360115.041 345.6 3.5
TL 1790360115.141 85.7 1.6
TL 1790360115.241 60.8 1.6
TL 1790360115.341 210.3 3.5
TL 1790360115.442 297.0 2.9
TL 1790360115.542 723.2 4.0
TL 1790360115.642 488.9 4.6
TL 1790360115.742 145.9 1.9
TL 1790360115.842 330.7 4.1
TL 1790360115.943 372.1 5.4
TL 1790360116.043 80.9 1.0
TL 1790360116.143 556.6 4.3
TL 1790360116.244 552.6 4.0
TL 1790360116.343 329.6 2.2
TL 1790360116.443 163.4 2.6
TL 1790360116.544 397.3 3.0
TL 1790360116.644 425.3 5.6
TL 1790360116.745 493.5 3.8
TL 1790360116.845 235.9 3.4
TL 1790360116.945 99.2 2.4
TL 1790360117.045 117.8 3.0
TL 1790360117.145 108.5 1.7
TL 1790360117.246 283.1 4.5
TL 1790360117.345 119.2 1.3
TL 1790360117.446 259.5 3.9
TL 1790360117.546 212.9 3.5
TL 1790360117.646 239.0 2.9
TL 1790360117.746 68.3 1.5
TL 1790360117.846 251.0 0.6
TL 1790360117.946 298.9 3.1
TL 1790360118.047 507.6 4.0
TL 1790360118.147 709.3 3.2
TL 1790360118.247 266.0 3.4
TL 1790360118.347 150.2 1.0
TL 1790360118.447 119.8 0.9
TL 1790360118.547 367.0 3.8
TL 1790360118.647 132.4 1.6
TL 1790360118.747 139.3 1.3
TL 1790360118.848 306.9 2.8
TL 1790360118.948 332.4 3.7
TL 1790360119.048 368.1 3.4
TL 1790360119.148 62.7 2.0
TL 1790360119.248 80.2 1.6
TL 1790360119.348 108.4 0.9
TL 1790360119.448 77.7 1.9
TL 1790360119.549 135.7 3.3
TL 1790360119.649 250.2 4.3
TL 1790360119.749 227.8 3.3
TL 1790360119.849 102.7 1.9
TL 1790360119.949 456.6 4.6
TL 1790360120.049 334.1 4.7
TL 1790360120.149 62.3 1.4
TL 1790360120.250 430.7 4.4
TL 1790360120.350 296.6 2.3
TL 1790360120.450 372.6 3.0
TL 1790360120.550 346.3 5.4
TL 1790360120.650 304.5 5.5
TL 1790360120.751 278.0 4.0
TL 1790360120.851 135.2 1.4
TL 1790360120.951 80.6 0.9
TL 1790360121.051 99.9 3.3
TL 1790360121.152 1106.4 3.6
TL 1790360121.252 405.3 1.7
TL 1790360121.352 196.9 2.2
TL 1790360121.452 117.9 1.6
TL 1790360121.552 79.6 2.5
TL 1790360121.652 295.9 2.0
TL 1790360121.752 129.0 1.9
TL 1790360121.852 212.7 28.5
TL 1790360121.952 114.1 0.7
TL 1790360122.052 94.2 0.7
TL 1790360122.153 259.1 3.4
TL 1790360122.253 281.7 2.9
TL 1790360122.353 239.4 1.8
TL 1790360122.453 470.8 2.3
TL 1790360122.553 284.8 2.5
TL 1790360122.653 214.7 3.8
TL 1790360122.754 270.4 4.1
TL 1790360122.854 508.7 3.2
TL 1790360122.954 116.6 2.0
TL 1790360123.054 299.4 3.7
TL 1790360123.154 75.4 1.3
TL 1790360123.255 317.1 4.0
TL 1790360123.355 266.1 2.0
TL 1790360123.455 281.1 2.2
TL 1790360123.555 288.5 2.7
TL 1790360123.655 241.2 4.5
TL 1790360123.755 86.4 2.7
TL 1790360123.855 103.9 2.7
TL 1790360123.956 325.1 4.3
TL 1790360124.056 304.7 3.6
TL 1790360124.156 395.2 1.8
TL 1790360124.256 279.7 2.2
TL 1790360124.357 1017.7 2.5
TL 1790360124.456 348.7 3.0
TL 1790360124.557 366.4 4.0
TL 1790360124.657 206.1 3.0
TL 1790360124.757 136.3 1.6
TL 1790360124.857 81.4 0.9
TL 1790360124.957 376.5 1.9
TL 1790360125.057 288.2 2.3
TL 1790360125.158 408.2 3.0
TL 1790360125.259 1457.1 2.0
TL 1790360125.358 277.4 1.7
TL 1790360125.458 467.6 2.4
TL 1790360125.558 310.6 2.3
TL 1790360125.659 868.7 4.2
TL 1790360125.759 293.4 3.2
TL 1790360125.859 393.4 2.8
TL 1790360125.959 70.2 1.0
TL 1790360126.059 245.2 2.3
TL 1790360126.159 62.9 3.1
TL 1790360126.259 68.3 3.0
TL 1790360126.359 287.3 4.5
TL 1790360126.460 336.8 1.0
TL 1790360126.560 377.2 3.2
TL 1790360126.660 313.4 3.5
TL 1790360126.761 338.8 3.7
TL 1790360126.861 102.7 1.6
TL 1790360126.961 132.2 1.0
TL 1790360127.061 69.6 1.7
TL 1790360127.161 622.6 3.8
TL 1790360127.262 579.9 3.4
TL 1790360127.361 213.6 1.9
TL 1790360127.462 417.9 5.2
TL 1790360127.562 451.4 4.0
TL 1790360127.662 373.0 6.3
TL 1790360127.762 148.1 2.7
TL 1790360127.863 227.6 2.7
TL 1790360127.963 73.1 0.9
TL 1790360128.063 68.5 0.9
TL 1790360128.163 315.3 2.7
TL 1790360128.263 312.5 1.3
TL 1790360128.363 137.9 3.2
TL 1790360128.463 89.9 2.6
TL 1790360128.564 343.4 4.5
TL 1790360128.664 397.7 7.4
TL 1790360128.764 116.7 1.6
TL 1790360128.864 162.1 1.6
TL 1790360128.964 101.9 0.9
TL 1790360129.064 211.2 3.4
TL 1790360129.165 247.8 3.7
TL 1790360129.265 321.7 2.3
TL 1790360129.365 335.1 1.7
TL 1790360129.465 196.4 2.9
TL 1790360129.566 291.2 4.3
TL 1790360129.666 179.9 3.2
TL 1790360129.766 143.6 1.6
TL 1790360129.866 86.7 0.8
TL 1790360129.966 353.1 2.0
TL 1790360130.066 294.1 3.3
TL 1790360130.167 268.8 3.4
TL 1790360130.267 82.7 0.7
TL 1790360130.367 230.7 1.5
TL 1790360130.467 282.0 2.0
TL 1790360130.567 103.5 2.3
TL 1790360130.667 120.1 3.3
TL 1790360130.767 112.9 1.9
TL 1790360130.868 395.5 3.0
TL 1790360130.968 210.0 2.2
TL 1790360131.068 201.1 0.8
TL 1790360131.168 117.6 1.4
TL 1790360131.268 87.3 1.2
TL 1790360131.368 336.8 2.9
TL 1790360131.468 121.7 1.6
TL 1790360131.569 315.9 4.2
TL 1790360131.669 317.0 5.2
TL 1790360131.769 292.4 3.6
TL 1790360131.869 734.1 2.8
TL 1790360131.969 322.4 2.7
TL 1790360132.069 354.4 2.7
TL 1790360132.169 90.4 2.1
TL 1790360132.269 76.7 1.9
TL 1790360132.370 390.8 1.7
TL 1790360132.470 254.0 3.3
TL 1790360132.570 189.3 1.4
TL 1790360132.670 105.3 1.9
TL 1790360132.770 267.4 4.1
TL 1790360132.870 93.8 1.4
TL 1790360132.970 113.3 3.8
TL 1790360133.071 121.0 1.9
TL 1790360133.171 342.9 5.4
TL 1790360133.271 360.4 5.2
TL 1790360133.372 386.3 2.4
TL 1790360133.473 251.9 3.4
TL 1790360133.573 227.0 3.9
TL 1790360133.674 583.3 4.0
TL 1790360133.774 336.2 5.2
TL 1790360133.874 100.5 1.0
TL 1790360133.974 84.5 2.4
TL 1790360134.074 67.1 2.7
TL 1790360134.174 69.6 1.7
TL 1790360134.274 75.5 3.4
TL 1790360134.374 73.9 2.2
TL 1790360134.475 217.7 3.4
TL 1790360134.575 501.0 2.3
TL 1790360134.675 78.8 1.7
TL 1790360134.775 78.8 1.9
TL 1790360134.875 80.8 1.6
TL 1790360134.975 75.4 1.6
TL 1790360135.075 73.9 2.8
TL 1790360135.175 69.9 2.3
TL 1790360135.275 76.3 2.8
TL 1790360135.375 53.9 1.9
TL 1790360135.476 160.3 1.6
TL 1790360135.576 107.2 3.1
TL 1790360135.676 156.5 3.4
TL 1790360135.776 175.7 2.0
TL 1790360135.876 97.5 1.5
TL 1790360135.976 120.7 1.9
TL 1790360136.076 63.5 2.6
TL 1790360136.176 73.7 1.4
TL 1790360136.277 115.0 1.6
TL 1790360136.377 392.9 1.1
TL 1790360136.478 379.8 3.0
TL 1790360136.578 220.1 2.4
TL 1790360136.678 245.7 3.5
TL 1790360136.778 106.3 1.9
TL 1790360136.878 78.8 1.7
TL 1790360136.978 81.7 1.8
TL 1790360137.079 409.9 3.2
TL 1790360137.179 369.7 3.7
TL 1790360137.279 320.5 4.2
TL 1790360137.379 251.3 1.9
TL 1790360137.479 67.7 3.0
TL 1790360137.579 134.7 3.2
TL 1790360137.679 118.5 2.2
TL 1790360137.779 98.7 2.1
TL 1790360137.880 589.7 2.8
TL 1790360137.980 63.4 1.5
TL 1790360138.080 98.2 1.4
TL 1790360138.180 233.3 3.4
TL 1790360138.281 418.0 4.5
TL 1790360138.381 465.7 4.0
TL 1790360138.481 255.8 4.2
TL 1790360138.581 350.2 3.9
TL 1790360138.681 141.9 2.0
TL 1790360138.781 123.8 2.1
TL 1790360138.882 268.6 3.7
TL 1790360138.982 488.3 4.8
TL 1790360139.082 338.6 3.3
TL 1790360139.182 103.8 1.4
TL 1790360139.282 273.9 3.8
TL 1790360139.383 283.1 3.3
TL 1790360139.483 372.9 4.0
TL 1790360139.583 327.6 5.6
TL 1790360139.683 58.8 2.2
TL 1790360139.783 99.0 2.0
TL 1790360139.883 131.8 1.6
TL 1790360139.984 246.5 4.7
TL 1790360140.084 59.2 2.3
TL 1790360140.184 525.0 4.2
TL 1790360140.284 209.9 3.5
TL 1790360140.384 106.8 0.7
TL 1790360140.485 138.9 1.7
TL 1790360140.585 698.9 3.9
TL 1790360140.685 383.8 4.2
TL 1790360140.785 378.4 4.8
TL 1790360140.885 265.5 3.1
TL 1790360140.986 314.2 4.4
TL 1790360141.086 231.5 3.4
TL 1790360141.186 59.3 1.3
TL 1790360141.286 180.6 1.7
TL 1790360141.386 161.4 1.7
TL 1790360141.486 93.8 1.7
TL 1790360141.586 110.7 2.0
TL 1790360141.686 67.1 1.4
TL 1790360141.786 82.3 1.7
TL 1790360141.886 82.9 1.4
TL 1790360141.986 67.8 1.7
TL 1790360142.087 103.3 3.4
TL 1790360142.187 341.9 1.5
TL 1790360142.287 69.7 2.1
TL 1790360142.387 233.8 3.0
TL 1790360142.488 328.3 4.5
TL 1790360142.588 270.6 3.9
TL 1790360142.688 179.9 2.1
TL 1790360142.788 334.6 3.8
TL 1790360142.888 100.2 2.4
TL 1790360142.989 145.7 1.4
TL 1790360143.089 417.4 3.3
TL 1790360143.189 98.8 1.8
TL 1790360143.289 128.8 2.1
TL 1790360143.389 108.8 2.4
TL 1790360143.490 313.1 4.0
TL 1790360143.590 408.1 4.6
TL 1790360143.690 596.9 3.7
TL 1790360143.790 162.7 2.2
TL 1790360143.890 129.3 1.6
TL 1790360143.990 61.6 1.6
TL 1790360144.091 443.9 4.2
TL 1790360144.190 108.9 1.8
TL 1790360144.291 133.1 2.1
TL 1790360144.391 95.4 1.5
TL 1790360144.491 79.1 1.8
TL 1790360144.591 80.6 1.5
TL 1790360144.691 112.7 2.1
TL 1790360144.791 239.1 3.7
TL 1790360144.891 169.2 2.6
TL 1790360144.991 107.8 2.1
TL 1790360145.092 139.6 1.8
TL 1790360145.192 311.0 3.0
TL 1790360145.292 263.0 4.6
TL 1790360145.393 228.6 1.1
TL 1790360145.493 233.9 3.7
TL 1790360145.594 719.5 4.9
TL 1790360145.693 402.0 4.2
TL 1790360145.793 113.6 1.5
TL 1790360145.893 88.7 1.6
TL 1790360145.994 120.4 1.1
TL 1790360146.094 81.1 1.2
TL 1790360146.194 54.1 1.4
TL 1790360146.294 81.2 1.8
TL 1790360146.394 111.6 3.7
TL 1790360146.494 327.6 3.8
TL 1790360146.594 180.8 1.6
TL 1790360146.695 1169.0 1.6
TL 1790360146.794 142.6 2.0
TL 1790360146.895 300.1 3.9
TL 1790360146.995 127.2 2.0
TL 1790360147.095 74.0 1.0
TL 1790360147.195 52.2 1.9
TL 1790360147.296 427.3 3.9
TL 1790360147.396 389.3 2.4
TL 1790360147.496 252.9 4.6
TL 1790360147.596 521.8 4.7
TL 1790360147.696 313.5 4.3
TL 1790360147.796 90.8 1.6
TL 1790360147.896 118.1 2.6
TL 1790360147.996 80.8 1.5
TL 1790360148.096 105.7 1.6
TL 1790360148.197 330.0 4.4
TL 1790360148.297 429.6 4.7
TL 1790360148.397 288.1 2.5
TL 1790360148.497 223.3 4.0
TL 1790360148.598 469.4 4.4
TL 1790360148.698 272.9 4.2
TL 1790360148.798 365.3 3.8
TL 1790360148.898 51.2 1.4
TL 1790360148.998 47.6 1.0
TL 1790360149.099 59.3 1.5
TL 1790360149.201 1945.4 1.6
TL 1790360149.299 323.3 3.1
TL 1790360149.399 337.1 3.1
TL 1790360149.499 307.9 4.7
TL 1790360149.599 184.4 3.7
TL 1790360149.700 342.8 3.8
TL 1790360149.800 377.5 4.3
TL 1790360149.900 262.4 21.7
TL 1790360150.000 142.2 2.0
TL 1790360150.102 2256.0 2.4
TL 1790360150.200 68.5 1.9
TL 1790360150.300 139.1 1.8
TL 1790360150.401 374.2 3.1
TL 1790360150.501 179.7 1.5
TL 1790360150.601 136.5 2.3
TL 1790360150.701 328.6 4.3
TL 1790360150.801 250.5 3.9
TL 1790360150.903 373.9 4.3
TL 1790360151.003 132.6 1.6
TL 1790360151.103 54.6 1.6
TL 1790360151.203 49.4 2.2
TL 1790360151.305 1807.7 1.7
TL 1790360151.404 323.7 2.6
TL 1790360151.504 410.2 3.7
TL 1790360151.604 334.4 4.2
TL 1790360151.705 264.7 3.9
TL 1790360151.805 367.2 4.5
TL 1790360151.905 253.6 4.7
TL 1790360152.006 270.1 4.3
TL 1790360152.106 245.2 3.5
TL 1790360152.206 52.2 2.0
TL 1790360152.306 54.8 1.6
TL 1790360152.407 558.2 1.1
TL 1790360152.507 397.4 5.0
TL 1790360152.607 195.6 3.7
TL 1790360152.707 362.7 4.0
TL 1790360152.807 297.4 3.8
TL 1790360152.907 342.8 3.4
TL 1790360153.008 505.6 3.6
TL 1790360153.108 149.7 1.6
TL 1790360153.208 51.2 1.6
TL 1790360153.308 325.4 11.5
TL 1790360153.408 236.7 1.7
TL 1790360153.508 92.7 3.7
TL 1790360153.608 125.0 2.3
TL 1790360153.709 374.0 5.3
TL 1790360153.809 191.6 2.9
TL 1790360153.909 67.1 1.2
TL 1790360154.009 270.0 3.2
TL 1790360154.109 116.4 1.6
TL 1790360154.210 215.1 1.1
TL 1790360154.316 6207.6 1.4
TL 1790360154.410 307.3 3.5
TL 1790360154.510 365.4 4.3
TL 1790360154.610 157.3 2.4
TL 1790360154.710 130.2 2.5
TL 1790360154.810 101.7 1.8
TL 1790360154.911 253.0 3.5
TL 1790360155.011 227.0 3.2
TL 1790360155.111 255.5 3.2
TL 1790360155.212 239.5 3.1
TL 1790360155.312 64.9 2.2
TL 1790360155.416 4275.9 1.7
TL 1790360155.512 67.8 1.5
TL 1790360155.612 455.8 5.2
TL 1790360155.712 92.5 2.9
TL 1790360155.812 76.4 1.9
TL 1790360155.912 95.7 1.7
TL 1790360156.013 287.9 4.0
TL 1790360156.113 104.2 4.8
TL 1790360156.213 110.1 1.7
TL 1790360156.313 49.9 1.5
TL 1790360156.414 1230.5 2.0
TL 1790360156.513 322.4 3.9
TL 1790360156.614 269.3 4.2
TL 1790360156.714 136.6 2.7
TL 1790360156.814 329.3 6.4
TL 1790360156.914 218.2 3.9
TL 1790360157.015 372.8 3.4
TL 1790360157.115 295.8 3.4
TL 1790360157.215 85.1 1.5
TL 1790360157.318 3588.3 1.5
TL 1790360157.415 279.9 1.8
TL 1790360157.515 123.0 2.4
TL 1790360157.616 358.7 3.6
TL 1790360157.716 395.7 2.8
TL 1790360157.816 733.8 3.8
TL 1790360157.916 293.2 1.8
TL 1790360158.016 64.6 1.4
TL 1790360158.118 2323.9 1.9
TL 1790360158.219 2801.2 2.3
TL 1790360158.316 187.1 1.8
TL 1790360158.417 342.1 3.4
TL 1790360158.517 450.9 5.2
TL 1790360158.617 303.6 4.1
TL 1790360158.717 217.4 3.7
TL 1790360158.817 161.7 3.2
TL 1790360158.918 191.1 2.6
TL 1790360159.018 73.8 1.6
TL 1790360159.118 178.4 1.4
TL 1790360159.218 50.5 1.3
TL 1790360159.320 2110.2 1.1
TL 1790360159.418 323.2 2.3
TL 1790360159.519 513.1 4.8
TL 1790360159.618 114.9 1.9
TL 1790360159.719 341.0 3.9
TL 1790360159.819 212.2 4.1
TL 1790360159.919 168.3 1.6
TL 1790360160.019 214.8 1.8
TL 1790360160.119 175.0 2.9
TL 1790360160.219 105.2 2.0
TL 1790360160.319 219.7 1.5
TL 1790360160.420 307.7 1.6
TL 1790360160.520 173.1 2.7
TL 1790360160.620 101.2 1.1
TL 1790360160.720 481.4 3.5
TL 1790360160.821 405.6 5.5
TL 1790360160.921 150.4 2.7
TL 1790360161.021 325.2 3.4
TL 1790360161.121 379.9 3.6
TL 1790360161.221 155.2 2.2
TL 1790360161.321 70.4 1.4
TL 1790360161.421 103.9 1.0
TL 1790360161.522 105.2 2.4
TL 1790360161.622 387.6 3.9
TL 1790360161.722 91.5 2.4
TL 1790360161.822 294.8 4.1
TL 1790360161.922 384.9 4.9
TL 1790360162.023 717.6 4.6
TL 1790360162.123 229.7 2.8
TL 1790360162.224 349.9 3.2
TL 1790360162.324 231.4 3.9
TL 1790360162.424 135.9 1.3
TL 1790360162.524 69.0 1.5
TL 1790360162.624 122.0 3.1
TL 1790360162.725 77.1 2.6
TL 1790360162.825 313.0 6.6
TL 1790360162.926 637.6 2.4
TL 1790360163.025 272.4 3.7
TL 1790360163.126 467.7 3.9
TL 1790360163.226 203.0 3.4
TL 1790360163.326 274.9 3.3
TL 1790360163.426 103.8 1.4
TL 1790360163.526 55.1 1.3
TL 1790360163.626 110.2 1.8
TL 1790360163.726 60.9 2.2
TL 1790360163.827 456.8 2.2
TL 1790360163.927 741.1 2.6
TL 1790360164.027 342.1 3.2
TL 1790360164.127 130.0 2.4
TL 1790360164.227 204.5 2.4
TL 1790360164.328 995.6 3.4
TL 1790360164.428 360.0 2.9
TL 1790360164.528 382.1 3.5
TL 1790360164.628 336.9 2.9
TL 1790360164.728 118.4 3.3
TL 1790360164.828 209.3 1.5
TL 1790360164.929 414.2 3.0
TL 1790360165.029 519.9 4.9
TL 1790360165.129 319.2 3.8
TL 1790360165.229 137.2 2.3
TL 1790360165.330 321.3 4.1
TL 1790360165.429 77.8 2.4
TL 1790360165.530 118.0 2.0
TL 1790360165.630 94.1 2.7
TL 1790360165.730 414.1 2.1
TL 1790360165.830 185.2 1.9
TL 1790360165.932 2087.8 0.9
TL 1790360166.031 677.6 4.0
TL 1790360166.131 130.6 2.8
TL 1790360166.231 117.7 2.0
TL 1790360166.331 303.1 3.1
TL 1790360166.432 419.6 3.3
TL 1790360166.532 432.9 4.4
TL 1790360166.632 338.0 3.7
TL 1790360166.732 416.1 3.3
TL 1790360166.832 129.8 1.3
TL 1790360166.934 2132.7 1.1
TL 1790360167.033 96.5 2.3
TL 1790360167.133 198.6 2.4
TL 1790360167.233 98.2 1.8
TL 1790360167.333 262.7 4.6
TL 1790360167.434 426.9 4.4
TL 1790360167.533 48.1 2.3
TL 1790360167.634 194.5 2.1
TL 1790360167.734 236.4 3.1
TL 1790360167.834 80.7 1.7
TL 1790360167.934 56.0 1.8
TL 1790360168.034 360.8 1.3
TL 1790360168.134 411.5 4.9
TL 1790360168.235 601.4 3.2
TL 1790360168.334 146.8 1.9
TL 1790360168.435 690.1 2.2
TL 1790360168.535 264.6 3.6
TL 1790360168.635 477.5 4.2
TL 1790360168.735 340.8 3.5
TL 1790360168.835 117.3 1.6
TL 1790360168.935 116.8 1.4
TL 1790360169.035 53.5 1.2
TL 1790360169.138 2495.8 1.6
TL 1790360169.236 274.7 2.5
TL 1790360169.336 114.6 3.4
TL 1790360169.436 91.6 4.0
TL 1790360169.536 209.1 2.5
TL 1790360169.636 64.6 1.8
TL 1790360169.736 170.6 3.3
TL 1790360169.837 351.0 4.6
TL 1790360169.937 270.2 4.4
TL 1790360170.037 207.1 2.4
TL 1790360170.137 110.9 1.7
TL 1790360170.238 1358.9 1.2
TL 1790360170.337 198.6 2.1
TL 1790360170.438 257.6 4.0
TL 1790360170.538 419.2 4.6
TL 1790360170.638 70.5 0.9
TL 1790360170.739 483.1 2.0
TL 1790360170.839 348.4 4.3
TL 1790360170.939 249.9 4.6
TL 1790360171.039 171.5 1.8
TL 1790360171.139 55.3 1.2
TL 1790360171.239 147.7 1.4
TL 1790360171.339 111.1 3.1
TL 1790360171.440 481.1 25.3
TL 1790360171.539 71.0 2.8
TL 1790360171.639 119.9 1.9
TL 1790360171.740 855.8 1.3
TL 1790360171.840 289.7 2.1
TL 1790360171.940 149.7 2.3
TL 1790360172.040 120.1 1.9
TL 1790360172.140 219.5 2.5
TL 1790360172.240 56.3 1.7
TL 1790360172.340 74.9 1.1
TL 1790360172.449 8844.5 1.3
TL 1790360172.541 368.2 5.7
TL 1790360172.641 259.1 4.7
TL 1790360172.741 394.2 5.5
TL 1790360172.841 69.7 1.7
TL 1790360172.941 76.8 1.3
TL 1790360173.041 236.6 2.9
TL 1790360173.142 201.7 2.4
TL 1790360173.242 120.2 1.6
TL 1790360173.342 137.3 1.6
TL 1790360173.442 442.6 3.0
TL 1790360173.542 352.3 4.5
TL 1790360173.642 153.8 3.2
TL 1790360173.743 90.1 2.4
TL 1790360173.843 57.0 2.6
TL 1790360173.943 71.6 1.5
TL 1790360174.043 94.8 2.2
TL 1790360174.144 788.0 2.9
TL 1790360174.243 87.4 2.4
TL 1790360174.344 50.2 1.2
TL 1790360174.447 3853.1 2.3
TL 1790360174.544 323.3 3.4
TL 1790360174.644 99.6 2.4
TL 1790360174.744 220.7 3.3
TL 1790360174.845 782.3 5.6
TL 1790360174.945 407.8 4.6
TL 1790360175.045 313.1 5.1
TL 1790360175.145 380.5 4.4
TL 1790360175.246 309.0 3.1
TL 1790360175.345 68.7 1.8
TL 1790360175.446 130.6 1.5
TL 1790360175.546 698.7 4.0
TL 1790360175.647 341.9 4.5
TL 1790360175.746 106.2 2.0
TL 1790360175.847 172.0 3.0
TL 1790360175.948 283.1 1.7
TL 1790360176.048 264.8 3.0
TL 1790360176.148 103.8 2.1
TL 1790360176.248 59.8 2.4
TL 1790360176.348 53.8 1.5
TL 1790360176.450 1869.1 3.2
TL 1790360176.549 138.5 1.8
TL 1790360176.649 133.5 2.2
TL 1790360176.749 96.3 2.3
TL 1790360176.850 361.7 195.5
TL 1790360176.949 282.3 3.2
TL 1790360177.049 185.3 3.3
TL 1790360177.150 251.5 3.3
TL 1790360177.250 94.4 1.4
TL 1790360177.350 112.5 1.4
TL 1790360177.450 378.3 1.6
TL 1790360177.550 325.1 4.3
TL 1790360177.651 339.2 2.0
TL 1790360177.750 95.3 2.7
TL 1790360177.851 312.9 4.7
TL 1790360177.951 94.0 1.5
TL 1790360178.051 143.1 2.3
TL 1790360178.151 66.5 1.7
TL 1790360178.251 161.1 2.7
TL 1790360178.351 101.5 1.5
TL 1790360178.452 204.1 1.2
TL 1790360178.552 52.2 1.9
TL 1790360178.652 63.3 3.6
TL 1790360178.752 156.9 2.2
TL 1790360178.853 303.3 4.7
TL 1790360178.953 322.1 4.0
TL 1790360179.053 272.0 3.1
TL 1790360179.153 211.5 2.8
TL 1790360179.253 114.0 1.6
TL 1790360179.353 41.5 1.2
TL 1790360179.455 1663.3 1.7
TL 1790360179.554 356.5 3.8
TL 1790360179.654 362.8 4.6
TL 1790360179.754 105.7 1.8
TL 1790360179.854 318.1 4.2
TL 1790360179.954 251.4 3.4
TL 1790360180.054 367.5 4.7
TL 1790360180.154 207.8 1.1
TL 1790360180.254 67.1 2.4
TL 1790360180.354 64.3 1.2
TL 1790360180.456 1346.1 3.4
TL 1790360180.556 550.9 2.6
TL 1790360180.656 417.3 3.9
TL 1790360180.756 57.2 2.3
TL 1790360180.856 103.8 1.3
TL 1790360180.956 213.1 1.4
TL 1790360181.057 585.3 5.3
TL 1790360181.157 262.1 3.3
TL 1790360181.257 216.5 3.2
TL 1790360181.357 321.6 3.5
TL 1790360181.457 63.3 1.3
TL 1790360181.558 837.1 1.5
TL 1790360181.658 268.2 4.3
TL 1790360181.758 681.5 4.2
TL 1790360181.858 64.2 1.5
TL 1790360181.959 412.0 3.4
TL 1790360182.059 646.0 5.1
TL 1790360182.159 117.7 1.4
TL 1790360182.259 265.2 2.0
TL 1790360182.359 179.6 1.1
TL 1790360182.459 78.8 1.4
TL 1790360182.563 3544.2 1.6
TL 1790360182.660 326.1 3.0
TL 1790360182.760 414.3 7.3
TL 1790360182.861 321.9 4.9
TL 1790360182.961 446.6 4.1
TL 1790360183.061 113.3 2.6
TL 1790360183.161 91.8 2.5
TL 1790360183.261 83.3 1.8
TL 1790360183.361 132.2 2.2
TL 1790360183.461 71.4 1.1
TL 1790360183.561 96.9 1.4
TL 1790360183.662 299.3 1.4
TL 1790360183.762 324.5 3.7
TL 1790360183.862 557.5 4.1
TL 1790360183.962 464.6 4.4
TL 1790360184.062 350.8 3.5
TL 1790360184.162 122.1 2.3
TL 1790360184.263 303.6 4.4
TL 1790360184.364 465.3 1.6
TL 1790360184.464 109.4 1.1
TL 1790360184.564 94.6 1.9
TL 1790360184.664 315.9 1.8
TL 1790360184.764 245.1 3.1
TL 1790360184.864 237.0 4.8
TL 1790360184.965 347.3 3.6
TL 1790360185.065 263.9 3.9
TL 1790360185.165 239.9 3.9
TL 1790360185.265 69.4 2.1
TL 1790360185.365 49.9 1.7
TL 1790360185.465 64.4 1.5
TL 1790360185.566 703.6 1.4
TL 1790360185.666 350.3 4.4
TL 1790360185.766 335.6 5.6
TL 1790360185.866 96.1 1.9
TL 1790360185.966 485.7 2.5
TL 1790360186.066 366.3 4.9
TL 1790360186.166 125.1 1.6
TL 1790360186.266 122.8 2.6
TL 1790360186.367 361.7 4.7
TL 1790360186.467 187.7 1.7
TL 1790360186.567 78.5 1.9
TL 1790360186.668 1345.8 129.0
TL 1790360186.767 202.3 2.8
TL 1790360186.867 259.5 3.9
TL 1790360186.968 563.4 3.6
TL 1790360187.068 327.6 4.9
TL 1790360187.168 226.0 3.3
TL 1790360187.269 817.1 5.1
TL 1790360187.368 292.8 4.0
TL 1790360187.468 65.8 1.0
TL 1790360187.569 359.3 1.0
TL 1790360187.670 1610.1 1.4
TL 1790360187.769 196.3 4.1
TL 1790360187.869 291.7 4.3
TL 1790360187.969 231.2 2.5
TL 1790360188.070 369.0 4.0
TL 1790360188.170 218.7 3.6
TL 1790360188.270 426.5 4.8
TL 1790360188.370 99.8 2.4
TL 1790360188.470 104.0 1.8
TL 1790360188.570 232.6 2.5
TL 1790360188.670 60.0 1.2
TL 1790360188.773 2575.7 1.5
TL 1790360188.871 158.6 2.2
TL 1790360188.971 384.6 3.9
TL 1790360189.072 424.6 4.0
TL 1790360189.172 263.3 3.6
TL 1790360189.272 79.0 2.8
TL 1790360189.372 325.1 4.2
TL 1790360189.473 354.5 3.5
TL 1790360189.572 207.7 1.9
TL 1790360189.672 68.8 1.3
TL 1790360189.773 368.1 2.8
TL 1790360189.873 77.9 2.7
TL 1790360189.973 111.7 1.6
TL 1790360190.073 247.0 2.0
TL 1790360190.173 109.4 1.9
TL 1790360190.274 309.3 3.8
TL 1790360190.374 478.5 2.7
TL 1790360190.474 109.1 1.0
TL 1790360190.575 370.4 3.4
TL 1790360190.675 155.2 3.0
TL 1790360190.777 1928.3 2.0
TL 1790360190.875 68.9 2.7
TL 1790360190.976 292.4 3.2
TL 1790360191.076 388.0 2.3
TL 1790360191.176 200.1 3.1
TL 1790360191.276 339.8 4.0
TL 1790360191.376 425.1 4.2
TL 1790360191.476 214.8 3.1
TL 1790360191.577 294.3 1.7
TL 1790360191.676 69.1 1.6
TL 1790360191.778 1366.8 1.5
TL 1790360191.877 201.8 3.3
TL 1790360191.977 228.4 1.2
TL 1790360192.077 338.8 4.4
TL 1790360192.177 128.8 3.0
TL 1790360192.278 243.4 1.7
TL 1790360192.378 98.5 1.5
TL 1790360192.478 87.2 1.5
TL 1790360192.578 58.8 2.1
TL 1790360192.678 85.7 1.5
TL 1790360192.778 358.9 3.2
TL 1790360192.879 385.6 4.1
TL 1790360192.980 814.1 1.3
TL 1790360193.080 273.3 4.6
TL 1790360193.180 141.7 2.2
TL 1790360193.280 449.3 3.6
TL 1790360193.380 400.5 3.0
TL 1790360193.480 131.0 1.6
TL 1790360193.580 136.2 1.6
TL 1790360193.681 1355.9 1.2
TL 1790360193.781 416.9 4.5
TL 1790360193.881 359.9 4.5
TL 1790360193.981 328.8 2.8
TL 1790360194.081 346.6 5.5
TL 1790360194.181 312.9 4.6
TL 1790360194.281 156.4 2.3
TL 1790360194.381 99.3 1.7
TL 1790360194.481 43.5 1.4
TL 1790360194.582 1097.0 2.6
TL 1790360194.683 370.7 3.4
TL 1790360194.783 131.1 2.1
TL 1790360194.883 321.3 4.3
TL 1790360194.984 420.5 3.6
TL 1790360195.084 378.6 4.1
TL 1790360195.184 134.3 2.5
TL 1790360195.284 396.7 3.6
TL 1790360195.384 128.3 1.5
TL 1790360195.486 1876.7 1.6
TL 1790360195.585 619.1 2.4
TL 1790360195.685 259.7 3.7
TL 1790360195.785 366.4 4.2
TL 1790360195.885 361.7 3.5
TL 1790360195.985 92.3 1.4
TL 1790360196.086 306.4 3.4
TL 1790360196.185 78.2 1.9
TL 1790360196.286 330.9 3.9
TL 1790360196.386 126.7 1.3
TL 1790360196.486 171.6 0.9
TL 1790360196.587 787.8 1.6
TL 1790360196.686 105.0 1.8
TL 1790360196.786 123.1 2.2
TL 1790360196.886 102.0 2.8
TL 1790360196.987 386.0 4.2
TL 1790360197.087 282.6 4.2
TL 1790360197.187 134.0 1.8
TL 1790360197.287 91.5 1.7
TL 1790360197.387 214.4 2.5
TL 1790360197.487 92.3 1.2
TL 1790360197.588 592.3 2.7
TL 1790360197.688 350.8 5.2
TL 1790360197.788 58.6 1.9
TL 1790360197.889 303.9 3.6
TL 1790360197.989 335.4 6.1
TL 1790360198.089 171.7 2.7
TL 1790360198.189 252.3 4.9
TL 1790360198.289 206.9 1.2
TL 1790360198.389 59.9 1.4
TL 1790360198.493 3911.8 1.1
TL 1790360198.590 354.7 4.3
TL 1790360198.690 408.2 5.2
TL 1790360198.790 401.5 4.4
TL 1790360198.890 282.7 4.7
TL 1790360198.990 73.7 3.1
TL 1790360199.090 156.2 1.9
TL 1790360199.191 73.4 3.3
TL 1790360199.291 103.8 1.8
TL 1790360199.392 1484.8 3.3
TL 1790360199.491 283.1 2.1
TL 1790360199.592 456.4 5.1
TL 1790360199.692 346.2 4.6
TL 1790360199.792 254.8 4.1
TL 1790360199.892 134.7 1.6
TL 1790360199.992 82.3 2.0
TL 1790360200.092 86.9 1.8
TL 1790360200.192 206.8 3.6
TL 1790360200.292 216.4 3.2
TL 1790360200.392 56.8 1.8
TL 1790360200.493 297.1 1.8
TL 1790360200.593 532.0 3.3
TL 1790360200.693 344.6 3.9
TL 1790360200.793 255.3 3.7
TL 1790360200.893 138.4 2.9
TL 1790360200.993 96.1 1.9
TL 1790360201.094 103.5 2.1
TL 1790360201.194 195.5 3.2
TL 1790360201.294 218.9 1.9
TL 1790360201.394 137.2 1.9
TL 1790360201.494 84.1 3.1
TL 1790360201.596 1098.2 2.4
TL 1790360201.695 298.6 4.6
TL 1790360201.795 340.3 3.8
TL 1790360201.895 305.0 3.9
TL 1790360201.995 276.2 2.1
TL 1790360202.096 707.0 4.5
TL 1790360202.196 247.6 3.0
TL 1790360202.296 57.1 1.2
TL 1790360202.398 2230.9 1.0
TL 1790360202.497 366.8 2.8
TL 1790360202.597 487.0 4.8
TL 1790360202.697 266.6 4.1
TL 1790360202.797 263.1 4.1
TL 1790360202.897 92.2 2.2
TL 1790360202.997 256.0 3.3
TL 1790360203.097 122.4 2.2
TL 1790360203.197 78.8 1.9
TL 1790360203.298 126.7 1.5
TL 1790360203.399 1545.1 1.2
TL 1790360203.498 513.3 3.2
TL 1790360203.598 71.0 3.4
TL 1790360203.698 95.7 2.4
TL 1790360203.798 127.2 2.4
TL 1790360203.899 333.0 3.7
TL 1790360203.999 367.2 4.1
TL 1790360204.099 136.7 1.8
TL 1790360204.199 82.5 2.3
TL 1790360204.301 1668.2 1.6
TL 1790360204.400 516.4 4.7
TL 1790360204.500 362.8 3.0
TL 1790360204.600 316.7 4.0
TL 1790360204.701 320.6 4.4
TL 1790360204.801 397.4 4.0
TL 1790360204.901 330.3 4.6
TL 1790360205.001 123.1 2.0
TL 1790360205.101 81.5 1.7
TL 1790360205.201 181.2 1.9
TL 1790360205.306 5375.5 1.3
TL 1790360205.402 400.9 4.9
TL 1790360205.502 681.1 1.9
TL 1790360205.602 297.2 3.3
TL 1790360205.703 680.4 4.4
TL 1790360205.803 320.2 3.8
TL 1790360205.902 50.9 2.1
TL 1790360206.003 49.3 1.4
TL 1790360206.103 95.4 1.7
TL 1790360206.203 72.1 1.4
TL 1790360206.303 57.4 1.8
TL 1790360206.404 826.0 2.4
TL 1790360206.503 338.1 2.7
TL 1790360206.603 298.0 4.8
TL 1790360206.704 364.6 4.5
TL 1790360206.804 99.9 3.2
TL 1790360206.904 206.0 2.2
TL 1790360207.004 179.4 2.1
TL 1790360207.104 416.7 2.3
TL 1790360207.204 81.6 1.5
TL 1790360207.305 1203.4 1.9
TL 1790360207.404 196.4 3.1
TL 1790360207.505 331.5 2.7
TL 1790360207.605 357.0 3.5
TL 1790360207.705 302.3 4.1
TL 1790360207.805 77.1 1.4
TL 1790360207.905 203.4 3.2
TL 1790360208.005 113.2 2.1
TL 1790360208.105 56.3 1.4
TL 1790360208.206 1230.6 1.9
TL 1790360208.305 81.3 1.8
TL 1790360208.406 185.3 3.0
TL 1790360208.506 345.5 2.5
TL 1790360208.606 207.0 3.1
TL 1790360208.706 174.0 2.4
TL 1790360208.806 128.8 1.7
TL 1790360208.907 705.6 4.2
TL 1790360209.007 216.9 2.9
TL 1790360209.107 91.9 1.6
TL 1790360209.209 2900.4 1.4
TL 1790360209.307 283.0 4.1
TL 1790360209.407 193.4 3.4
TL 1790360209.508 422.1 4.3
TL 1790360209.608 459.1 5.1
TL 1790360209.708 296.6 3.7
TL 1790360209.808 173.7 2.1
TL 1790360209.908 165.0 1.2
TL 1790360210.009 169.2 1.1
TL 1790360210.109 120.4 1.7
TL 1790360210.209 196.2 3.4
TL 1790360210.309 299.9 3.3
TL 1790360210.409 103.6 3.9
TL 1790360210.509 140.1 1.7
TL 1790360210.609 91.0 3.2
TL 1790360210.710 233.0 4.1
TL 1790360210.810 181.0 4.2
TL 1790360210.910 72.1 1.5
TL 1790360211.010 57.8 1.0
TL 1790360211.110 211.4 1.5
TL 1790360211.211 482.8 4.0
TL 1790360211.311 458.9 4.1
TL 1790360211.411 119.1 2.3
TL 1790360211.511 387.8 1.6
TL 1790360211.611 415.8 3.6
TL 1790360211.711 305.9 4.2
TL 1790360211.812 653.8 1.6
TL 1790360211.911 97.3 1.4
TL 1790360212.011 90.4 1.1
TL 1790360212.111 41.5 1.2
TL 1790360212.212 428.4 2.3
TL 1790360212.312 488.1 4.0
TL 1790360212.413 475.4 3.6
TL 1790360212.513 327.0 2.8
TL 1790360212.613 161.1 5.1
TL 1790360212.713 101.3 2.4
TL 1790360212.813 91.2 3.5
TL 1790360212.913 99.3 2.1
TL 1790360213.013 65.3 3.1
TL 1790360213.114 859.4 1.7
TL 1790360213.214 856.6 3.6
TL 1790360213.314 224.4 3.7
TL 1790360213.414 97.9 2.1
TL 1790360213.514 414.7 3.2
TL 1790360213.614 302.3 3.4
TL 1790360213.714 319.7 2.9
TL 1790360213.815 267.1 4.2
TL 1790360213.915 72.7 1.4
TL 1790360214.015 78.3 1.8
TL 1790360214.117 2310.8 1.7
TL 1790360214.215 199.4 4.7
TL 1790360214.316 324.9 3.6
TL 1790360214.416 389.9 4.7
TL 1790360214.516 370.9 3.2
TL 1790360214.616 398.4 4.2
TL 1790360214.716 200.7 2.5
TL 1790360214.816 136.5 1.8
TL 1790360214.916 57.7 1.9
TL 1790360215.017 152.1 1.2
TL 1790360215.117 553.0 2.4
TL 1790360215.217 218.3 1.2
TL 1790360215.317 106.9 2.2
TL 1790360215.417 194.8 3.3
TL 1790360215.518 353.6 3.0
TL 1790360215.618 140.9 2.7
TL 1790360215.718 258.9 3.5
TL 1790360215.818 130.8 1.6
TL 1790360215.918 65.8 1.8
TL 1790360216.020 1878.8 1.4
TL 1790360216.118 302.0 4.9
TL 1790360216.218 114.0 1.9
TL 1790360216.318 92.1 2.1
TL 1790360216.419 408.1 3.7
TL 1790360216.519 330.2 2.0
TL 1790360216.619 398.8 3.9
TL 1790360216.719 185.6 3.3
TL 1790360216.820 308.3 2.8
TL 1790360216.919 74.9 1.6
TL 1790360217.022 2419.0 1.8
TL 1790360217.120 153.8 2.6
TL 1790360217.220 329.5 3.6
TL 1790360217.320 63.1 2.2
TL 1790360217.420 173.7 1.6
TL 1790360217.520 185.2 1.2
TL 1790360217.620 130.4 1.2
TL 1790360217.721 265.5 3.2
TL 1790360217.821 111.6 2.1
TL 1790360217.921 79.4 1.9
TL 1790360218.024 2888.8 0.8
TL 1790360218.122 444.4 3.2
TL 1790360218.222 395.9 4.5
TL 1790360218.322 326.9 7.6
TL 1790360218.422 353.0 5.0
TL 1790360218.522 240.2 3.6
TL 1790360218.622 241.4 2.8
TL 1790360218.722 72.2 1.7
TL 1790360218.823 222.1 3.2
TL 1790360218.923 50.3 2.1
TL 1790360219.023 56.3 1.2
TL 1790360219.123 226.2 1.5
TL 1790360219.223 352.2 4.3
TL 1790360219.324 391.7 4.5
TL 1790360219.424 295.9 4.1
TL 1790360219.524 344.8 3.4
TL 1790360219.624 306.0 1.7
TL 1790360219.724 45.1 1.7
TL 1790360219.824 134.4 1.5
TL 1790360219.924 69.3 2.3
TL 1790360220.030 4866.0 2.8
TL 1790360220.125 312.8 3.9
TL 1790360220.226 311.5 4.1
TL 1790360220.326 343.9 4.9
TL 1790360220.426 201.7 3.6
TL 1790360220.526 116.9 1.6
TL 1790360220.626 66.1 1.3
TL 1790360220.726 104.9 1.5
TL 1790360220.826 74.9 1.7
TL 1790360220.927 967.2 1.6
TL 1790360221.027 139.5 0.9
TL 1790360221.127 300.9 3.5
TL 1790360221.227 62.9 2.0
TL 1790360221.327 434.2 4.1
TL 1790360221.427 331.3 4.0
TL 1790360221.528 312.6 3.5
TL 1790360221.628 316.5 2.9
TL 1790360221.728 386.9 3.0
TL 1790360221.828 110.5 1.2
TL 1790360221.929 1129.8 1.5
TL 1790360222.030 1865.1 1.9
TL 1790360222.128 84.5 1.9
TL 1790360222.229 337.8 3.8
TL 1790360222.329 501.8 4.3
TL 1790360222.429 243.2 4.2
TL 1790360222.529 143.4 1.9
TL 1790360222.630 600.0 3.2
TL 1790360222.729 217.2 3.0
TL 1790360222.830 281.3 2.4
TL 1790360222.929 55.1 1.6
TL 1790360223.031 1438.6 2.8
TL 1790360223.130 68.0 1.9
TL 1790360223.232 1295.9 4.1
TL 1790360223.331 375.8 4.2
TL 1790360223.432 358.3 3.0
TL 1790360223.532 360.7 3.9
TL 1790360223.632 423.9 4.3
TL 1790360223.732 337.0 4.4
TL 1790360223.833 328.4 4.1
TL 1790360223.933 81.8 1.4
TL 1790360224.033 70.4 2.1
TL 1790360224.134 852.9 1.6
TL 1790360224.233 101.4 2.5
TL 1790360224.333 80.7 1.8
TL 1790360224.433 118.9 2.1
TL 1790360224.534 234.4 4.6
TL 1790360224.634 268.6 3.9
TL 1790360224.734 71.8 1.6
TL 1790360224.834 66.9 1.8
TL 1790360224.934 165.6 2.7
TL 1790360225.034 90.3 1.0
TL 1790360225.135 486.0 2.2
TL 1790360225.234 161.0 2.9
TL 1790360225.335 296.3 4.3
TL 1790360225.435 104.8 2.2
TL 1790360225.535 346.6 3.2
TL 1790360225.636 308.0 2.2
TL 1790360225.736 117.7 2.0
TL 1790360225.836 77.0 1.7
TL 1790360225.936 75.8 1.2
TL 1790360226.040 4032.0 1.6
TL 1790360226.136 214.7 2.3
TL 1790360226.237 316.7 3.5
TL 1790360226.336 82.0 2.6
TL 1790360226.437 117.8 2.0
TL 1790360226.537 149.8 2.9
TL 1790360226.637 116.4 1.5
TL 1790360226.737 313.5 4.7
TL 1790360226.837 49.5 1.4
TL 1790360226.938 239.8 2.2
TL 1790360227.037 77.6 1.5
TL 1790360227.138 119.6 1.8
TL 1790360227.238 257.9 3.8
TL 1790360227.338 459.4 4.5
TL 1790360227.438 237.9 4.1
TL 1790360227.539 432.8 4.3
TL 1790360227.639 311.6 4.7
TL 1790360227.739 354.5 53.9
TL 1790360227.839 86.9 1.8
TL 1790360227.939 125.8 1.7
TL 1790360228.039 63.7 1.2
TL 1790360228.140 984.5 1.4
TL 1790360228.239 196.7 2.9
TL 1790360228.340 458.2 3.0
TL 1790360228.439 52.3 1.9
TL 1790360228.540 397.8 4.4
TL 1790360228.640 315.3 3.0
TL 1790360228.740 68.5 3.0
TL 1790360228.841 119.0 1.7
TL 1790360228.941 78.4 2.9
TL 1790360229.041 57.3 1.3
TL 1790360229.141 71.4 1.7
TL 1790360229.241 371.4 3.2
TL 1790360229.341 377.8 4.0
TL 1790360229.442 487.8 4.5
TL 1790360229.542 320.1 4.3
TL 1790360229.642 161.9 2.0
TL 1790360229.742 336.2 3.8
TL 1790360229.842 213.2 3.0
TL 1790360229.942 228.5 3.4
TL 1790360230.042 57.6 1.8
TL 1790360230.142 69.3 1.2
TL 1790360230.244 1558.9 1.7
TL 1790360230.343 453.1 5.8
TL 1790360230.443 119.8 2.4
TL 1790360230.543 75.2 2.1
TL 1790360230.643 176.4 2.2
TL 1790360230.743 399.5 4.7
TL 1790360230.843 274.9 3.9
TL 1790360230.944 979.3 4.0
TL 1790360231.044 68.2 2.2
TL 1790360231.144 325.8 2.1
TL 1790360231.244 68.1 1.9
TL 1790360231.345 742.9 1.8
TL 1790360231.444 343.4 4.3
TL 1790360231.545 312.2 3.2
TL 1790360231.645 140.9 3.0
TL 1790360231.745 337.2 3.6
TL 1790360231.845 288.6 4.7
TL 1790360231.945 149.0 2.0
TL 1790360232.045 235.9 3.8
TL 1790360232.145 96.5 1.5
TL 1790360232.249 3515.2 2.0
TL 1790360232.346 355.5 6.0
TL 1790360232.446 274.5 4.2
TL 1790360232.546 350.4 4.1
TL 1790360232.646 122.9 1.9
TL 1790360232.746 126.7 2.9
TL 1790360232.847 270.1 3.1
TL 1790360232.947 181.8 2.3
TL 1790360233.047 302.7 2.9
TL 1790360233.147 166.3 3.6
TL 1790360233.247 62.2 2.2
TL 1790360233.348 563.3 4.0
TL 1790360233.448 153.4 2.1
TL 1790360233.548 124.9 1.7
TL 1790360233.648 255.6 3.2
TL 1790360233.750 975.7 3.9
TL 1790360233.850 408.7 4.6
TL 1790360233.950 317.4 3.8
TL 1790360234.050 313.9 3.1
TL 1790360234.150 79.0 1.5
TL 1790360234.250 108.2 1.7
TL 1790360234.350 136.3 1.5
TL 1790360234.451 729.7 1.8
TL 1790360234.551 286.4 2.7
TL 1790360234.650 111.6 2.4
TL 1790360234.751 753.2 4.3
TL 1790360234.851 106.3 2.2
TL 1790360234.952 431.4 2.2
TL 1790360235.052 315.4 4.1
TL 1790360235.152 295.6 2.8
TL 1790360235.252 204.9 2.1
TL 1790360235.352 124.3 1.8
TL 1790360235.452 135.8 1.9
TL 1790360235.552 78.5 1.6
TL 1790360235.652 127.8 2.1
TL 1790360235.752 69.5 1.8
TL 1790360235.853 367.1 5.1
TL 1790360235.953 352.9 4.2
TL 1790360236.054 443.9 3.9
TL 1790360236.154 101.2 1.9
TL 1790360236.254 286.9 3.2
TL 1790360236.354 104.9 1.3
TL 1790360236.454 64.9 2.6
TL 1790360236.555 401.9 2.9
TL 1790360236.655 720.1 6.8
TL 1790360236.755 616.0 5.3
TL 1790360236.855 354.6 4.7
TL 1790360236.955 120.3 2.2
TL 1790360237.056 1158.2 3.6
TL 1790360237.156 307.3 3.6
TL 1790360237.256 262.2 3.9
TL 1790360237.356 160.1 2.6
TL 1790360237.456 41.4 1.5
TL 1790360237.556 403.6 1.2
TL 1790360237.656 190.8 2.8
TL 1790360237.756 187.5 3.5
TL 1790360237.856 295.5 2.0
TL 1790360237.956 113.2 3.4
TL 1790360238.057 181.8 3.0
TL 1790360238.157 191.1 3.0
TL 1790360238.257 139.1 2.3
TL 1790360238.357 108.7 2.3
TL 1790360238.457 63.8 1.5
TL 1790360238.557 52.1 1.0
TL 1790360238.658 394.8 6.9
TL 1790360238.758 287.2 3.6
TL 1790360238.858 425.6 3.6
TL 1790360238.958 358.0 4.2
TL 1790360239.058 100.6 1.5
TL 1790360239.159 357.8 3.4
TL 1790360239.259 93.1 1.7
TL 1790360239.359 126.2 1.8
TL 1790360239.459 202.5 3.8
TL 1790360239.562 1997.9 1.2
TL 1790360239.660 360.0 4.1
TL 1790360239.761 407.9 4.7
TL 1790360239.861 263.5 2.5
TL 1790360239.961 334.7 4.0
TL 1790360240.061 86.1 1.7
TL 1790360240.161 210.7 2.1
TL 1790360240.261 63.7 2.0
TL 1790360240.361 67.6 1.5
TL 1790360240.461 144.3 1.7
TL 1790360240.563 212.9 3.9
TL 1790360240.663 122.3 1.8
TL 1790360240.764 309.6 3.5
TL 1790360240.864 392.5 3.9
TL 1790360240.965 351.7 4.8
TL 1790360241.065 395.8 4.7
TL 1790360241.165 76.4 2.1
TL 1790360241.265 127.9 2.6
TL 1790360241.365 94.2 1.4
TL 1790360241.465 57.8 1.0
TL 1790360241.566 118.6 1.4
TL 1790360241.666 64.6 1.5
TL 1790360241.766 385.9 2.7
TL 1790360241.866 73.0 3.3
TL 1790360241.966 125.2 2.6
TL 1790360242.067 453.0 3.9
TL 1790360242.167 383.5 4.7
TL 1790360242.267 338.8 5.9
TL 1790360242.367 75.8 3.0
TL 1790360242.467 55.2 1.9
TL 1790360242.567 133.1 1.7
TL 1790360242.667 140.9 1.5
TL 1790360242.767 54.1 1.7
TL 1790360242.867 55.2 1.7
TL 1790360242.968 172.1 2.9
TL 1790360243.068 157.7 2.0
TL 1790360243.168 111.2 1.8
TL 1790360243.268 75.2 2.9
TL 1790360243.368 410.1 7.0
TL 1790360243.469 404.7 4.6
TL 1790360243.569 301.9 3.2
TL 1790360243.669 240.9 4.5
TL 1790360243.770 564.9 4.8
TL 1790360243.870 157.8 1.9
TL 1790360243.970 62.4 1.5
TL 1790360244.070 77.1 1.4
TL 1790360244.170 128.2 2.4
TL 1790360244.270 128.7 3.0
TL 1790360244.370 329.2 5.8
TL 1790360244.471 698.0 4.1
TL 1790360244.571 331.0 2.8
TL 1790360244.671 79.4 1.8
TL 1790360244.771 69.3 1.8
TL 1790360244.872 358.3 3.1
TL 1790360244.972 296.4 47.9
TL 1790360245.072 195.8 1.0
TL 1790360245.172 77.5 1.5
TL 1790360245.273 64.5 1.7
TL 1790360245.373 228.8 2.7
TL 1790360245.473 325.2 4.3
TL 1790360245.573 107.8 1.8
TL 1790360245.676 2532.9 3.8
TL 1790360245.774 118.7 1.6
TL 1790360245.874 213.8 3.0
TL 1790360245.974 206.1 29.4
TL 1790360246.074 91.8 1.1
TL 1790360246.175 1351.3 1.9
TL 1790360246.274 281.5 4.2
TL 1790360246.375 254.4 4.4
TL 1790360246.475 234.5 3.9
TL 1790360246.575 78.3 1.6
TL 1790360246.675 216.7 2.8
TL 1790360246.775 349.0 5.3
TL 1790360246.875 46.1 1.0
TL 1790360246.975 54.6 1.7
TL 1790360247.076 191.7 2.5
TL 1790360247.176 102.7 3.3
TL 1790360247.276 70.1 2.2
TL 1790360247.377 715.7 3.5
TL 1790360247.476 308.1 4.4
TL 1790360247.577 273.5 2.6
TL 1790360247.677 450.6 4.7
TL 1790360247.777 658.9 4.2
TL 1790360247.877 204.1 2.7
TL 1790360247.977 179.2 1.6
TL 1790360248.078 1010.2 2.1
TL 1790360248.177 86.1 1.5
TL 1790360248.277 199.7 2.1
TL 1790360248.378 618.0 3.8
TL 1790360248.478 399.6 4.1
TL 1790360248.578 65.9 1.7
TL 1790360248.678 174.6 2.3
TL 1790360248.778 162.6 3.4
TL 1790360248.879 137.1 2.3
TL 1790360248.979 148.7 3.5
TL 1790360249.079 140.3 1.5
TL 1790360249.179 66.7 1.5
TL 1790360249.282 3385.8 1.4
TL 1790360249.379 108.9 2.3
TL 1790360249.480 465.7 2.0
TL 1790360249.580 318.6 3.5
TL 1790360249.680 404.4 4.7
TL 1790360249.780 322.5 3.7
TL 1790360249.880 315.7 4.7
TL 1790360249.980 189.9 3.0
TL 1790360250.080 74.2 1.0
TL 1790360250.180 132.8 2.2
TL 1790360250.280 59.5 1.7
TL 1790360250.381 138.2 1.8
TL 1790360250.481 549.8 4.3
TL 1790360250.581 327.0 2.8
TL 1790360250.681 75.9 1.8
TL 1790360250.782 336.6 3.6
TL 1790360250.882 301.8 3.8
TL 1790360250.982 339.7 3.4
TL 1790360251.082 111.4 1.2
TL 1790360251.182 496.8 2.1
TL 1790360251.284 2170.0 2.3
TL 1790360251.382 192.6 2.9
TL 1790360251.483 421.2 4.4
TL 1790360251.583 146.7 1.8
TL 1790360251.683 142.0 2.2
TL 1790360251.783 125.1 2.2
TL 1790360251.883 116.9 2.0
TL 1790360251.983 302.2 3.6
TL 1790360252.083 186.1 2.9
TL 1790360252.184 67.1 1.2
TL 1790360252.284 112.6 1.7
TL 1790360252.384 175.8 2.2
TL 1790360252.484 310.0 4.3
TL 1790360252.584 307.1 2.9
TL 1790360252.685 407.1 4.6
TL 1790360252.784 159.3 17.7
TL 1790360252.885 321.8 3.4
TL 1790360252.985 336.5 3.5
TL 1790360253.085 227.2 2.6
TL 1790360253.185 46.6 1.1
TL 1790360253.286 662.0 4.4
TL 1790360253.386 428.2 4.6
TL 1790360253.486 296.2 4.5
TL 1790360253.587 721.2 2.9
TL 1790360253.687 770.2 3.9
TL 1790360253.787 627.5 3.4
TL 1790360253.887 130.5 3.1
TL 1790360253.987 43.3 1.7
TL 1790360254.087 72.6 1.1
TL 1790360254.187 73.6 1.5
TL 1790360254.288 118.1 3.1
TL 1790360254.388 96.2 2.2
TL 1790360254.488 384.7 4.8
TL 1790360254.588 245.2 3.8
TL 1790360254.689 300.5 4.1
TL 1790360254.789 183.2 3.8
TL 1790360254.889 387.9 1.4
TL 1790360254.989 168.0 2.0
TL 1790360255.089 220.6 2.3
TL 1790360255.189 127.9 1.6
TL 1790360255.290 1406.6 1.8
TL 1790360255.389 301.0 6.7
TL 1790360255.489 146.8 2.8
TL 1790360255.590 227.8 3.1
TL 1790360255.690 288.2 4.1
TL 1790360255.790 357.7 3.8
TL 1790360255.890 83.3 2.0
TL 1790360255.990 243.3 3.2
TL 1790360256.090 74.9 1.2
TL 1790360256.190 59.1 1.3
TL 1790360256.290 45.3 1.4
TL 1790360256.391 120.1 5.2
TL 1790360256.491 63.2 1.6
TL 1790360256.591 545.0 3.5
TL 1790360256.691 62.9 0.9
TL 1790360256.791 182.1 4.2
TL 1790360256.892 298.3 4.4
TL 1790360256.992 128.0 2.7
TL 1790360257.092 233.6 2.2
TL 1790360257.192 133.8 2.1
TL 1790360257.292 339.2 3.1
TL 1790360257.392 74.7 1.4
TL 1790360257.495 2338.2 2.1
TL 1790360257.592 95.4 1.8
TL 1790360257.693 197.0 4.2
TL 1790360257.793 97.4 2.4
TL 1790360257.893 89.4 2.1
TL 1790360257.993 171.6 3.2
TL 1790360258.093 256.9 4.3
TL 1790360258.193 130.3 1.8
TL 1790360258.293 74.9 2.0
TL 1790360258.393 63.2 1.7
TL 1790360258.494 64.7 1.8
TL 1790360258.594 73.8 1.4
TL 1790360258.694 116.0 1.5
TL 1790360258.798 3702.2 1.7
TL 1790360258.894 335.2 5.5
TL 1790360258.994 132.1 3.1
TL 1790360259.094 64.5 1.5
TL 1790360259.195 649.8 4.1
TL 1790360259.295 310.7 4.2
TL 1790360259.395 526.3 3.4
TL 1790360259.496 430.7 4.8
TL 1790360259.596 261.8 2.0
TL 1790360259.696 335.9 3.5
TL 1790360259.796 171.8 1.7
TL 1790360259.896 243.7 3.5
TL 1790360259.996 98.6 1.6
TL 1790360260.097 177.7 1.3
TL 1790360260.197 414.2 3.5
TL 1790360260.297 337.0 3.9
TL 1790360260.397 436.6 3.7
TL 1790360260.500 2410.5 4.0
TL 1790360260.598 429.3 1.8
TL 1790360260.697 128.4 2.8
TL 1790360260.798 100.5 3.0
TL 1790360260.898 107.2 2.2
TL 1790360260.998 114.2 1.8
TL 1790360261.098 76.6 1.2
TL 1790360261.198 158.0 2.3
TL 1790360261.302 4271.8 2.4
TL 1790360261.398 316.2 4.1
TL 1790360261.498 103.7 2.0
TL 1790360261.599 268.6 3.2
TL 1790360261.699 113.3 2.1
TL 1790360261.799 106.9 2.5
TL 1790360261.899 137.5 2.4
TL 1790360261.999 322.1 4.0
TL 1790360262.100 313.4 2.3
TL 1790360262.200 165.6 1.8
TL 1790360262.300 77.8 1.1
TL 1790360262.405 4429.8 2.1
TL 1790360262.501 354.0 3.5
TL 1790360262.601 268.4 4.0
TL 1790360262.701 420.7 4.9
TL 1790360262.801 77.7 6.9
TL 1790360262.901 84.6 3.5
TL 1790360263.001 64.6 2.4
TL 1790360263.102 85.5 1.7
TL 1790360263.202 98.4 1.6
TL 1790360263.302 105.2 1.3
TL 1790360263.402 256.6 2.0
TL 1790360263.503 952.9 1.6
TL 1790360263.603 916.5 1.2
TL 1790360263.702 378.2 5.5
TL 1790360263.802 224.2 4.1
TL 1790360263.903 362.8 6.8
TL 1790360264.003 282.0 4.1
TL 1790360264.103 364.2 2.9
TL 1790360264.203 86.4 2.0
TL 1790360264.303 215.1 2.1
TL 1790360264.403 72.4 1.6
TL 1790360264.504 128.2 2.8
TL 1790360264.606 2097.7 1.1
TL 1790360264.704 136.0 3.2
TL 1790360264.804 344.1 4.5
TL 1790360264.905 350.5 2.1
TL 1790360265.005 330.5 4.2
TL 1790360265.105 232.8 4.8
TL 1790360265.205 76.8 4.3
TL 1790360265.305 90.7 2.3
TL 1790360265.405 129.4 2.1
TL 1790360265.505 106.1 1.7
TL 1790360265.605 108.6 1.1
TL 1790360265.705 65.2 1.5
TL 1790360265.806 299.0 4.3
TL 1790360265.906 235.9 3.9
TL 1790360266.006 222.2 4.3
TL 1790360266.107 211.9 2.9
TL 1790360266.207 159.1 2.0
TL 1790360266.307 67.2 1.6
TL 1790360266.407 282.9 3.2
TL 1790360266.507 61.5 1.5
TL 1790360266.607 60.3 0.9
TL 1790360266.710 2188.5 2.7
TL 1790360266.808 148.8 2.2
TL 1790360266.908 465.9 4.0
TL 1790360267.009 1152.8 3.2
TL 1790360267.108 256.6 4.3
TL 1790360267.209 251.3 3.5
TL 1790360267.309 268.0 4.6
TL 1790360267.409 60.7 3.0
TL 1790360267.509 67.6 1.9
TL 1790360267.613 4235.7 2.2
TL 1790360267.709 100.0 2.4
TL 1790360267.810 353.6 4.7
TL 1790360267.910 291.6 4.2
TL 1790360268.010 415.4 4.7
TL 1790360268.110 342.3 4.6
TL 1790360268.210 251.4 3.3
TL 1790360268.310 123.4 1.5
TL 1790360268.410 76.1 1.4
TL 1790360268.512 2024.7 1.8
TL 1790360268.610 169.1 1.7
TL 1790360268.711 341.7 4.5
TL 1790360268.811 138.6 2.4
TL 1790360268.911 165.5 3.1
TL 1790360269.011 250.6 3.1
TL 1790360269.111 324.0 3.4
TL 1790360269.211 241.7 3.4
TL 1790360269.311 103.5 1.5
TL 1790360269.412 284.8 3.0
TL 1790360269.512 81.4 1.4
TL 1790360269.612 90.6 1.0
TL 1790360269.716 3804.2 1.5
TL 1790360269.812 165.6 1.8
TL 1790360269.912 128.4 2.9
TL 1790360270.013 124.8 2.8
TL 1790360270.113 366.5 3.1
TL 1790360270.213 319.1 4.1
TL 1790360270.314 460.5 3.9
TL 1790360270.414 466.6 2.9
TL 1790360270.514 106.3 1.5
TL 1790360270.614 109.0 1.7
TL 1790360270.714 67.3 2.0
TL 1790360270.814 78.9 2.2
TL 1790360270.915 1092.3 1.7
TL 1790360271.015 300.1 3.7
TL 1790360271.115 355.1 3.0
TL 1790360271.215 269.7 4.0
TL 1790360271.315 332.0 5.3
TL 1790360271.416 396.9 4.3
TL 1790360271.516 261.1 4.1
TL 1790360271.616 242.9 4.2
TL 1790360271.716 215.7 2.7
TL 1790360271.816 121.0 1.3
TL 1790360271.918 2035.7 1.7
TL 1790360272.017 135.2 3.2
TL 1790360272.117 474.6 1.8
TL 1790360272.217 70.5 2.0
TL 1790360272.317 59.0 2.4
TL 1790360272.418 664.8 4.9
TL 1790360272.517 341.0 4.1
TL 1790360272.618 497.6 3.4
TL 1790360272.718 104.0 1.6
TL 1790360272.818 125.3 1.8
TL 1790360272.918 81.7 1.9
TL 1790360273.018 49.8 2.3
TL 1790360273.118 248.3 3.4
TL 1790360273.218 276.2 4.0
TL 1790360273.319 278.4 4.4
TL 1790360273.419 423.5 4.5
TL 1790360273.519 353.9 5.8
TL 1790360273.619 197.8 3.8
TL 1790360273.720 317.9 5.1
TL 1790360273.820 416.6 4.6
TL 1790360273.920 219.7 2.6
TL 1790360274.020 65.9 1.9
TL 1790360274.121 635.1 2.2
TL 1790360274.221 341.8 4.1
TL 1790360274.320 66.9 2.6
TL 1790360274.421 108.0 3.2
TL 1790360274.521 282.9 5.1
TL 1790360274.621 355.2 3.1
TL 1790360274.722 622.7 5.0
TL 1790360274.822 101.4 1.6
TL 1790360274.922 268.4 4.8
TL 1790360275.022 161.7 2.5
TL 1790360275.122 71.5 1.5
TL 1790360275.222 188.1 2.5
TL 1790360275.323 271.1 3.5
TL 1790360275.423 206.7 3.3
TL 1790360275.525 516.4 6.2
TL 1790360275.625 429.1 2.6
TL 1790360275.726 358.1 4.4
TL 1790360275.826 200.6 3.0
TL 1790360275.926 137.8 2.8
TL 1790360276.026 320.2 4.1
TL 1790360276.126 353.6 2.4
TL 1790360276.227 540.3 3.1
TL 1790360276.327 465.9 3.0
TL 1790360276.427 240.6 3.5
TL 1790360276.527 187.5 1.5
TL 1790360276.627 70.3 2.2
TL 1790360276.727 70.9 3.6
TL 1790360276.827 82.9 1.1
TL 1790360276.927 278.2 3.0
TL 1790360277.028 265.0 3.1
TL 1790360277.128 354.0 3.7
TL 1790360277.228 243.6 3.6
TL 1790360277.328 111.0 1.9
TL 1790360277.429 87.8 1.6
TL 1790360277.529 267.6 2.1
TL 1790360277.629 314.9 3.4
TL 1790360277.730 418.9 3.4
TL 1790360277.830 443.4 4.1
TL 1790360277.930 220.3 3.6
TL 1790360278.030 316.0 3.6
TL 1790360278.130 158.1 4.3
TL 1790360278.230 184.5 1.8
TL 1790360278.331 133.5 3.0
TL 1790360278.431 87.3 2.9
TL 1790360278.531 308.4 6.4
TL 1790360278.631 76.1 1.6
TL 1790360278.731 308.6 4.6
TL 1790360278.831 254.1 2.2
TL 1790360278.931 94.9 2.0
TL 1790360279.032 97.4 3.3
TL 1790360279.132 258.2 2.6
TL 1790360279.232 432.4 4.2
TL 1790360279.333 580.6 2.8
TL 1790360279.433 1143.3 4.2
TL 1790360279.533 252.8 2.4
TL 1790360279.634 310.2 2.8
TL 1790360279.734 284.4 4.7
TL 1790360279.835 364.5 4.4
TL 1790360279.935 126.7 2.6
TL 1790360280.035 126.1 2.8
TL 1790360280.135 146.7 2.8
TL 1790360280.235 437.8 3.3
TL 1790360280.336 905.2 3.6
TL 1790360280.436 570.0 0.9
TL 1790360280.536 103.0 1.1
TL 1790360280.638 670.5 4.3
TL 1790360280.737 136.5 2.3
TL 1790360280.838 393.8 3.9
TL 1790360280.938 314.3 3.7
TL 1790360281.038 102.3 1.9
TL 1790360281.138 86.6 3.1
TL 1790360281.238 63.4 2.4
TL 1790360281.338 121.5 1.2
TL 1790360281.438 113.3 1.6
TL 1790360281.539 326.7 5.5
TL 1790360281.639 262.1 2.3
TL 1790360281.739 342.9 4.3
TL 1790360281.839 68.3 0.6
TL 1790360281.939 434.3 3.0
TL 1790360282.039 207.2 3.1
TL 1790360282.140 394.7 1.5
TL 1790360282.240 129.6 1.6
TL 1790360282.340 83.9 0.8
TL 1790360282.440 295.1 2.7
TL 1790360282.540 524.1 3.1
TL 1790360282.640 358.7 2.8
TL 1790360282.740 134.3 2.6
TL 1790360282.840 189.2 2.7
TL 1790360282.941 308.5 4.4
TL 1790360283.041 301.0 4.3
TL 1790360283.141 194.5 2.8
TL 1790360283.241 155.0 2.9
TL 1790360283.341 104.7 2.7
TL 1790360283.442 164.2 3.0
TL 1790360283.542 104.8 2.3
TL 1790360283.642 98.5 1.9
TL 1790360283.742 199.3 2.2
TL 1790360283.843 493.2 5.7
TL 1790360283.943 245.2 3.6
TL 1790360284.043 211.8 3.1
TL 1790360284.144 393.1 3.1
TL 1790360284.243 110.4 1.2
TL 1790360284.343 107.4 1.0
TL 1790360284.444 82.8 0.7
TL 1790360284.544 561.9 2.2
TL 1790360284.645 508.6 3.1
TL 1790360284.745 321.4 3.0
TL 1790360284.845 312.1 3.0
TL 1790360284.945 322.4 3.0
TL 1790360285.045 207.8 1.4
TL 1790360285.145 95.9 0.6
TL 1790360285.245 62.1 0.9
TL 1790360285.345 247.9 2.8
TL 1790360285.445 267.4 3.0
TL 1790360285.546 340.6 4.4
TL 1790360285.647 1015.9 2.9
TL 1790360285.746 339.1 3.9
TL 1790360285.846 231.1 3.3
TL 1790360285.946 136.4 2.9
TL 1790360286.047 248.8 3.0
TL 1790360286.147 100.5 1.6
TL 1790360286.247 469.4 1.2
TL 1790360286.347 589.7 2.1
TL 1790360286.447 107.9 1.4
TL 1790360286.547 114.6 2.5
TL 1790360286.647 110.8 2.9
TL 1790360286.747 65.0 3.0
TL 1790360286.848 243.0 3.0
TL 1790360286.948 135.5 2.6
TL 1790360287.048 101.7 2.4
TL 1790360287.148 256.9 1.8
TL 1790360287.248 118.9 1.5
TL 1790360287.349 743.0 1.7
TL 1790360287.448 114.0 3.9
TL 1790360287.548 59.5 1.9
TL 1790360287.649 138.5 1.5
TL 1790360287.749 77.4 2.4
TL 1790360287.849 94.0 1.6
TL 1790360287.949 112.1 2.1
TL 1790360288.049 199.2 3.0
TL 1790360288.149 98.9 2.6
TL 1790360288.249 67.4 1.5
TL 1790360288.349 73.9 1.9
TL 1790360288.449 113.7 1.5
TL 1790360288.550 63.2 2.9
TL 1790360288.650 468.1 2.4
TL 1790360288.750 675.7 2.0
TL 1790360288.850 82.7 3.6
TL 1790360288.950 419.3 2.1
TL 1790360289.050 81.8 2.9
TL 1790360289.150 59.6 2.5
TL 1790360289.250 57.1 2.3
TL 1790360289.350 56.1 2.3
TL 1790360289.451 363.0 2.0
TL 1790360289.551 143.6 1.1
TL 1790360289.651 90.4 2.4
TL 1790360289.751 100.4 3.2
TL 1790360289.851 45.3 2.0
TL 1790360289.951 95.1 3.6
TL 1790360290.051 98.5 2.8
TL 1790360290.151 64.0 2.1
TL 1790360290.252 213.1 1.9
TL 1790360290.352 137.9 2.5
TL 1790360290.452 55.2 3.2
TL 1790360290.552 282.2 1.9
TL 1790360290.652 201.4 1.8
TL 1790360290.752 108.7 3.4
TL 1790360290.852 88.8 2.3
TL 1790360290.953 124.0 3.3
TL 1790360291.053 68.9 1.9
TL 1790360291.153 80.4 2.3
TL 1790360291.253 70.2 2.3
TL 1790360291.353 491.7 5.1
TL 1790360291.454 313.1 5.2
TL 1790360291.553 111.7 1.5
TL 1790360291.654 88.5 1.4
TL 1790360291.754 240.2 3.1
TL 1790360291.854 296.7 2.8
TL 1790360291.954 106.3 2.6
TL 1790360292.055 342.8 2.2
TL 1790360292.155 307.1 3.4
TL 1790360292.255 98.2 1.4
TL 1790360292.355 225.3 1.7
TL 1790360292.455 283.1 3.3
TL 1790360292.555 200.4 2.6
TL 1790360292.655 173.3 2.2
TL 1790360292.755 218.7 3.5
TL 1790360292.856 304.8 3.9
TL 1790360292.955 50.4 2.4
TL 1790360293.056 320.4 3.5
TL 1790360293.156 370.9 4.4
TL 1790360293.257 252.6 3.1
TL 1790360293.357 78.3 1.1
TL 1790360293.457 130.1 1.5
TL 1790360293.557 292.1 3.2
TL 1790360293.657 455.7 2.7
TL 1790360293.758 896.0 3.2
TL 1790360293.858 463.1 2.7
TL 1790360293.958 315.1 3.5
TL 1790360294.058 290.4 3.6
TL 1790360294.158 108.4 1.1
TL 1790360294.258 76.8 1.4
TL 1790360294.358 75.9 1.8
TL 1790360294.458 258.4 2.9
TL 1790360294.559 324.9 3.9
TL 1790360294.659 171.4 2.2
TL 1790360294.759 390.3 3.4
TL 1790360294.860 369.5 3.9
TL 1790360294.960 363.1 3.3
TL 1790360295.060 129.0 1.2
TL 1790360295.160 384.0 3.9
TL 1790360295.260 93.4 1.3
TL 1790360295.360 348.9 3.0
TL 1790360295.461 237.2 2.3
TL 1790360295.561 336.9 2.8
TL 1790360295.661 351.3 3.4
TL 1790360295.761 384.3 3.7
TL 1790360295.862 292.7 4.9
TL 1790360295.962 309.3 3.7
TL 1790360296.062 310.4 3.7
TL 1790360296.162 78.0 1.9
TL 1790360296.262 134.0 2.1
TL 1790360296.362 289.7 3.6
TL 1790360296.462 152.4 2.8
TL 1790360296.563 328.0 2.2
TL 1790360296.663 78.5 2.1
TL 1790360296.763 105.0 2.1
TL 1790360296.863 168.9 2.7
TL 1790360296.963 75.3 0.9
TL 1790360297.063 148.9 2.2
TL 1790360297.163 187.6 1.8
TL 1790360297.264 403.6 3.9
TL 1790360297.364 221.0 3.4
TL 1790360297.464 306.6 3.3
TL 1790360297.564 348.2 3.6
TL 1790360297.664 116.5 1.8
TL 1790360297.764 105.9 1.9
TL 1790360297.865 292.0 3.6
TL 1790360297.965 269.1 3.1
TL 1790360298.065 336.5 3.1
TL 1790360298.166 1203.2 3.3
TL 1790360298.266 289.1 4.7
TL 1790360298.366 187.9 2.7
TL 1790360298.466 192.9 3.4
TL 1790360298.567 278.4 2.8
TL 1790360298.667 229.9 1.9
TL 1790360298.767 64.0 2.3
TL 1790360298.867 204.6 4.5
TL 1790360298.967 432.5 3.9
TL 1790360299.067 277.6 4.1
TL 1790360299.167 353.3 3.1
TL 1790360299.268 483.7 2.2
TL 1790360299.368 341.2 3.5
TL 1790360299.468 393.9 4.4
TL 1790360299.569 293.9 3.7
TL 1790360299.669 491.7 4.2
TL 1790360299.769 121.1 1.6
TL 1790360299.869 397.1 3.4
TL 1790360299.969 136.0 2.1
TL 1790360300.069 96.9 2.4
TL 1790360300.172 579.7 9.3
TL 1790360300.272 250.3 4.3
TL 1790360300.372 284.9 3.8
TL 1790360300.472 243.9 3.0
TL 1790360300.572 339.1 1.7
TL 1790360300.672 144.2 2.0
TL 1790360300.773 437.2 3.6
TL 1790360300.872 62.0 1.6
TL 1790360300.973 183.7 2.9
TL 1790360301.073 205.1 3.1
TL 1790360301.173 315.9 4.0
TL 1790360301.273 315.7 5.6
TL 1790360301.374 203.0 3.6
TL 1790360301.474 115.1 1.8
TL 1790360301.574 223.0 3.5
TL 1790360301.674 135.9 1.8
TL 1790360301.774 87.9 2.2
TL 1790360301.874 270.7 3.5
TL 1790360301.974 152.9 2.1
TL 1790360302.074 117.0 2.2
TL 1790360302.175 342.9 3.9
TL 1790360302.275 176.1 3.1
TL 1790360302.375 368.5 6.5
TL 1790360302.475 68.5 1.9
TL 1790360302.575 76.4 1.9
TL 1790360302.676 402.4 2.4
TL 1790360302.776 322.6 3.4
TL 1790360302.876 291.1 4.0
TL 1790360302.976 47.2 1.1
TL 1790360303.076 402.6 4.2
TL 1790360303.177 251.8 2.7
TL 1790360303.277 218.0 7.1
TL 1790360303.377 158.9 1.4
TL 1790360303.477 67.2 1.9
TL 1790360303.577 207.3 3.7
TL 1790360303.678 279.0 3.5
TL 1790360303.778 242.8 3.2
TL 1790360303.878 254.4 3.5
TL 1790360303.978 223.4 3.1
TL 1790360304.078 214.9 2.4
TL 1790360304.179 286.3 3.7
TL 1790360304.279 492.6 3.2
TL 1790360304.379 99.8 1.5
TL 1790360304.479 74.2 1.2
TL 1790360304.579 326.3 4.1
TL 1790360304.680 323.7 2.2
TL 1790360304.780 316.9 2.4
TL 1790360304.881 302.0 3.3
TL 1790360304.981 337.0 2.4
TL 1790360305.081 142.2 1.8
TL 1790360305.182 273.2 4.1
TL 1790360305.282 276.9 3.4
TL 1790360305.382 285.8 3.3
TL 1790360305.482 113.6 1.7
TL 1790360305.582 223.2 1.1
TL 1790360305.683 268.2 3.8
TL 1790360305.783 238.5 4.2
TL 1790360305.883 284.2 3.7
TL 1790360305.983 264.3 3.1
TL 1790360306.083 108.2 2.0
TL 1790360306.183 204.6 4.1
TL 1790360306.283 224.2 3.9
TL 1790360306.383 75.9 1.6
TL 1790360306.483 76.7 2.2
TL 1790360306.584 447.9 2.9
TL 1790360306.684 468.2 4.3
TL 1790360306.785 973.4 6.4
TL 1790360306.885 280.8 4.6
TL 1790360306.985 326.2 5.7
TL 1790360307.085 129.8 1.5
TL 1790360307.185 49.2 0.6
TL 1790360307.286 260.7 2.8
TL 1790360307.386 298.5 2.1
TL 1790360307.486 271.1 2.8
TL 1790360307.586 310.2 2.3
TL 1790360307.686 413.8 3.5
TL 1790360307.787 307.8 4.6
TL 1790360307.887 211.9 3.5
TL 1790360307.988 340.2 3.1
TL 1790360308.088 233.8 4.0
TL 1790360308.188 158.8 2.2
TL 1790360308.288 283.7 1.7
TL 1790360308.389 363.7 2.5
TL 1790360308.489 229.3 3.3
TL 1790360308.589 232.6 3.4
TL 1790360308.689 163.0 2.6
TL 1790360308.789 325.5 5.2
TL 1790360308.889 335.8 4.0
TL 1790360308.990 388.9 3.9
TL 1790360309.090 115.4 1.3
TL 1790360309.190 84.7 1.4
TL 1790360309.290 79.1 1.2
TL 1790360309.390 89.2 2.0
TL 1790360309.490 191.2 2.9
TL 1790360309.591 318.2 3.9
TL 1790360309.691 272.8 4.1
TL 1790360309.791 418.9 5.3
TL 1790360309.891 117.7 1.9
TL 1790360309.991 159.9 1.8
TL 1790360310.091 75.5 2.1
TL 1790360310.192 297.9 2.7
TL 1790360310.292 298.7 1.7
TL 1790360310.392 322.9 3.6
TL 1790360310.492 202.2 2.9
TL 1790360310.592 166.7 2.6
TL 1790360310.693 217.6 3.6
TL 1790360310.794 316.5 4.0
TL 1790360310.894 88.7 0.7
TL 1790360310.994 116.1 1.0
TL 1790360311.094 97.3 1.1
TL 1790360311.194 427.3 10.4
TL 1790360311.294 240.3 3.7
TL 1790360311.394 147.1 2.0
TL 1790360311.495 129.4 1.6
TL 1790360311.595 132.7 2.2
TL 1790360311.695 208.7 3.3
TL 1790360311.795 213.9 3.5
TL 1790360311.895 219.2 3.4
TL 1790360311.995 102.0 1.7
TL 1790360312.095 88.2 1.2
TL 1790360312.196 293.8 2.3
TL 1790360312.296 341.4 4.9
TL 1790360312.396 111.0 1.3
TL 1790360312.496 217.6 3.0
TL 1790360312.596 251.8 2.4
TL 1790360312.696 66.9 1.7
TL 1790360312.797 810.8 4.0
TL 1790360312.898 1563.3 46.2
TL 1790360312.997 219.0 4.2
TL 1790360313.097 102.0 2.8
TL 1790360313.197 164.2 2.2
TL 1790360313.298 278.7 3.3
TL 1790360313.398 284.0 3.8
TL 1790360313.498 50.8 1.1
TL 1790360313.598 140.9 2.0
TL 1790360313.698 105.3 1.7
TL 1790360313.799 329.1 1.5
TL 1790360313.899 165.4 1.9
TL 1790360313.999 186.8 3.1
TL 1790360314.099 381.3 5.4
TL 1790360314.199 296.4 5.3
TL 1790360314.300 557.2 5.3
TL 1790360314.400 267.5 5.3
TL 1790360314.500 234.2 5.0
TL 1790360314.600 259.4 3.8
TL 1790360314.700 133.4 2.2
TL 1790360314.800 198.3 3.9
TL 1790360314.901 504.4 4.0
TL 1790360315.001 127.0 1.6
TL 1790360315.101 208.3 3.9
TL 1790360315.201 339.8 3.7
TL 1790360315.301 381.0 5.2
TL 1790360315.401 215.3 5.3
TL 1790360315.502 239.6 4.5
TL 1790360315.602 48.6 2.0
TL 1790360315.702 86.4 1.3
TL 1790360315.802 297.1 3.6
TL 1790360315.903 317.5 3.9
TL 1790360316.003 193.3 3.6
TL 1790360316.103 314.5 4.3
TL 1790360316.203 275.6 2.7
TL 1790360316.304 353.0 5.4
TL 1790360316.404 223.6 1.7
TL 1790360316.504 399.6 4.3
TL 1790360316.604 265.2 3.2
TL 1790360316.704 74.6 1.0
TL 1790360316.804 103.1 1.5
TL 1790360316.905 409.5 4.3
TL 1790360317.005 283.9 2.8
TL 1790360317.105 201.6 2.5
TL 1790360317.205 114.9 1.9
TL 1790360317.306 321.0 3.0
TL 1790360317.405 124.6 1.3
TL 1790360317.506 221.0 3.3
TL 1790360317.606 255.7 2.3
TL 1790360317.706 84.5 1.2
TL 1790360317.807 490.9 3.5
TL 1790360317.907 279.0 3.6
TL 1790360318.007 984.0 1.9
TL 1790360318.107 689.9 4.6
TL 1790360318.207 308.7 3.7
TL 1790360318.307 229.2 4.8
TL 1790360318.407 153.9 2.2
TL 1790360318.508 495.6 2.4
TL 1790360318.608 313.0 3.4
TL 1790360318.708 324.5 3.0
TL 1790360318.808 88.2 1.9
TL 1790360318.908 123.7 1.9
TL 1790360319.008 252.8 4.4
TL 1790360319.109 248.3 5.3
TL 1790360319.209 184.3 3.5
TL 1790360319.309 230.5 2.6
TL 1790360319.409 75.6 1.7
TL 1790360319.509 201.4 2.6
TL 1790360319.609 227.4 3.0
TL 1790360319.710 199.3 2.7
TL 1790360319.810 97.2 2.4
TL 1790360319.910 354.2 3.6
TL 1790360320.011 982.8 3.6
TL 1790360320.111 225.4 4.2
TL 1790360320.211 286.0 2.8
TL 1790360320.311 108.2 2.4
TL 1790360320.411 89.2 2.4
TL 1790360320.511 124.7 4.0
TL 1790360320.612 637.5 2.3
TL 1790360320.711 321.5 3.8
TL 1790360320.812 363.0 1.5
TL 1790360320.912 324.3 5.4
TL 1790360321.012 379.3 3.2
TL 1790360321.112 303.3 4.5
TL 1790360321.212 194.5 2.2
TL 1790360321.313 199.3 1.8
TL 1790360321.413 59.8 2.0
TL 1790360321.513 234.4 4.6
TL 1790360321.613 303.7 3.3
TL 1790360321.713 57.3 1.0
TL 1790360321.813 269.4 2.9
TL 1790360321.913 80.5 2.4
TL 1790360322.014 260.8 3.0
TL 1790360322.114 360.3 3.2
TL 1790360322.214 82.0 0.5
TL 1790360322.315 258.1 3.5
TL 1790360322.415 380.0 3.5
TL 1790360322.515 142.0 3.0
TL 1790360322.615 323.2 3.3
TL 1790360322.716 400.0 3.2
TL 1790360322.816 359.9 3.1
TL 1790360322.916 279.5 3.6
TL 1790360323.016 89.4 2.1
TL 1790360323.116 104.3 2.3
TL 1790360323.216 278.4 2.4
TL 1790360323.317 272.7 3.6
TL 1790360323.417 270.9 2.9
TL 1790360323.517 184.2 1.8
TL 1790360323.617 143.6 3.4
TL 1790360323.717 387.0 5.8
TL 1790360323.817 360.3 3.3
TL 1790360323.918 199.7 2.6
TL 1790360324.018 114.7 1.9
TL 1790360324.118 78.6 2.2
TL 1790360324.218 291.3 2.8
TL 1790360324.318 271.5 4.4
TL 1790360324.418 238.6 2.8
TL 1790360324.519 330.9 4.2
TL 1790360324.619 223.4 4.2
TL 1790360324.719 287.7 3.1
TL 1790360324.819 386.4 3.5
TL 1790360324.919 125.6 1.5
TL 1790360325.019 104.0 0.9
TL 1790360325.120 324.8 5.3
TL 1790360325.220 408.5 1.2
TL 1790360325.320 139.5 2.4
TL 1790360325.420 101.8 2.8
TL 1790360325.520 117.2 4.1
TL 1790360325.620 93.8 2.9
TL 1790360325.720 70.4 1.8
TL 1790360325.820 108.7 1.8
TL 1790360325.920 56.0 1.9
TL 1790360326.021 93.2 2.2
TL 1790360326.121 157.6 2.4
TL 1790360326.222 1175.7 3.0
TL 1790360326.321 160.6 1.6
TL 1790360326.421 104.1 1.8
TL 1790360326.521 117.4 4.2
TL 1790360326.621 92.2 1.9
TL 1790360326.721 62.7 1.5
TL 1790360326.822 91.8 3.3
TL 1790360326.924 2883.6 2.6
TL 1790360327.022 75.9 3.3
TL 1790360327.122 65.2 1.5
TL 1790360327.222 385.7 3.7
TL 1790360327.322 135.2 1.6
TL 1790360327.423 242.3 2.9
TL 1790360327.523 95.1 1.9
TL 1790360327.623 281.4 2.8
TL 1790360327.723 75.1 2.2
TL 1790360327.823 145.5 3.2
TL 1790360327.923 262.1 2.0
TL 1790360328.024 483.3 3.2
TL 1790360328.123 59.1 1.6
TL 1790360328.224 87.0 1.8
TL 1790360328.324 86.0 1.9
TL 1790360328.424 74.4 2.3
TL 1790360328.526 1992.1 2.5
TL 1790360328.624 457.5 0.9
TL 1790360328.724 123.1 2.1
TL 1790360328.824 115.6 1.0
TL 1790360328.924 82.6 1.6
TL 1790360329.024 55.6 1.0
TL 1790360329.125 153.8 1.7
