TL 1790355394.516 496.6 0.9
TL 1790355394.616 281.4 4.4
TL 1790355394.716 250.4 1.9
TL 1790355394.816 353.0 3.1
TL 1790355394.916 261.8 3.3
TL 1790355395.017 658.7 4.3
TL 1790355395.117 576.6 3.8
TL 1790355395.217 152.2 2.4
TL 1790355395.317 180.4 3.6
TL 1790355395.417 169.2 3.2
TL 1790355395.517 156.5 2.1
TL 1790355395.617 123.5 3.0
TL 1790355395.717 159.8 2.2
TL 1790355395.818 182.3 2.4
TL 1790355395.918 196.2 2.7
TL 1790355396.018 462.2 3.6
TL 1790355396.118 349.0 4.8
TL 1790355396.219 892.0 4.0
TL 1790355396.319 360.1 4.5
TL 1790355396.418 159.5 2.9
TL 1790355396.519 738.0 5.7
TL 1790355396.619 158.0 1.5
TL 1790355396.719 369.2 3.1
TL 1790355396.819 603.5 3.7
TL 1790355396.919 220.9 2.9
TL 1790355397.019 148.6 2.4
TL 1790355397.120 366.0 3.4
TL 1790355397.220 254.9 3.7
TL 1790355397.320 288.5 5.3
TL 1790355397.421 362.0 3.7
TL 1790355397.521 363.2 3.9
TL 1790355397.621 397.7 3.3
TL 1790355397.721 372.6 3.4
TL 1790355397.822 303.2 3.2
TL 1790355397.922 598.1 2.6
TL 1790355398.022 268.3 3.4
TL 1790355398.122 433.0 3.7
TL 1790355398.223 980.9 3.4
TL 1790355398.323 414.9 4.8
TL 1790355398.423 390.4 4.2
TL 1790355398.523 358.7 3.2
TL 1790355398.623 292.9 3.3
TL 1790355398.724 446.5 1.7
TL 1790355398.824 199.3 4.9
TL 1790355398.924 405.8 4.5
TL 1790355399.025 816.1 3.6
TL 1790355399.124 227.8 3.0
TL 1790355399.225 255.9 2.9
TL 1790355399.325 462.4 4.1
TL 1790355399.425 225.4 1.8
TL 1790355399.525 392.4 4.1
TL 1790355399.626 684.8 4.1
TL 1790355399.726 362.1 3.6
TL 1790355399.826 312.5 2.3
TL 1790355399.926 211.6 2.9
TL 1790355400.027 713.2 3.0
TL 1790355400.127 276.7 3.5
TL 1790355400.229 690.3 3.6
TL 1790355400.329 424.9 3.3
TL 1790355400.429 272.2 4.3
TL 1790355400.529 374.0 3.0
TL 1790355400.630 936.5 3.1
TL 1790355400.730 247.1 3.3
TL 1790355400.830 902.6 4.2
TL 1790355400.930 297.3 3.7
TL 1790355401.030 381.7 2.7
TL 1790355401.130 213.3 3.6
TL 1790355401.231 386.2 3.9
TL 1790355401.331 520.2 3.7
TL 1790355401.431 296.1 3.0
TL 1790355401.531 354.1 3.5
TL 1790355401.631 395.2 3.1
TL 1790355401.732 602.4 1.7
TL 1790355401.832 307.5 4.5
TL 1790355401.932 178.6 3.0
TL 1790355402.033 935.8 3.1
TL 1790355402.133 350.8 5.5
TL 1790355402.233 273.4 4.5
TL 1790355402.333 529.2 11.7
TL 1790355402.433 291.4 4.0
TL 1790355402.534 446.4 5.4
TL 1790355402.635 663.5 4.0
TL 1790355402.735 412.8 4.8
TL 1790355402.835 267.1 3.0
TL 1790355402.936 1019.6 8.7
TL 1790355403.035 145.4 2.4
TL 1790355403.136 290.3 3.1
TL 1790355403.236 283.0 2.7
TL 1790355403.336 574.3 3.5
TL 1790355403.436 307.3 3.5
TL 1790355403.537 327.4 3.3
TL 1790355403.637 256.5 3.1
TL 1790355403.737 359.3 4.0
TL 1790355403.837 460.1 3.5
TL 1790355403.937 220.9 3.2
TL 1790355404.038 291.5 3.7
TL 1790355404.138 343.3 3.3
TL 1790355404.238 346.0 4.8
TL 1790355404.338 269.3 4.6
TL 1790355404.438 486.2 4.7
TL 1790355404.538 298.0 4.3
TL 1790355404.639 424.2 3.1
TL 1790355404.740 253.9 3.6
TL 1790355404.840 134.0 2.4
TL 1790355404.941 495.0 3.8
TL 1790355405.041 360.7 3.3
TL 1790355405.141 303.4 3.4
TL 1790355405.242 744.6 11.8
TL 1790355405.342 310.4 3.4
TL 1790355405.442 410.2 3.6
TL 1790355405.542 212.9 2.8
TL 1790355405.642 304.7 2.8
TL 1790355405.742 190.9 2.4
TL 1790355405.843 564.5 9.7
TL 1790355405.943 325.4 2.9
TL 1790355406.043 267.7 4.0
TL 1790355406.144 454.1 3.9
TL 1790355406.244 409.6 3.8
TL 1790355406.344 415.2 4.7
TL 1790355406.444 338.3 4.9
TL 1790355406.544 445.4 4.0
TL 1790355406.645 555.0 3.0
TL 1790355406.745 633.2 3.9
TL 1790355406.845 126.5 2.6
TL 1790355406.945 369.0 3.1
TL 1790355407.045 292.3 4.6
TL 1790355407.146 564.5 3.6
TL 1790355407.246 267.1 3.9
TL 1790355407.346 255.4 3.6
TL 1790355407.447 563.6 4.3
TL 1790355407.547 384.8 4.0
TL 1790355407.647 502.3 3.5
TL 1790355407.747 391.1 3.9
TL 1790355407.848 458.5 4.1
TL 1790355407.948 283.1 4.2
TL 1790355408.049 242.4 4.1
TL 1790355408.150 353.4 4.0
TL 1790355408.250 581.1 3.8
TL 1790355408.350 270.6 2.9
TL 1790355408.450 225.6 2.2
TL 1790355408.551 314.5 4.3
TL 1790355408.651 295.4 2.5
TL 1790355408.751 183.0 2.8
TL 1790355408.852 327.7 3.2
TL 1790355408.952 619.0 2.4
TL 1790355409.052 480.4 3.7
TL 1790355409.152 218.2 2.4
TL 1790355409.253 397.7 4.7
TL 1790355409.354 845.8 3.5
TL 1790355409.453 451.6 3.4
TL 1790355409.554 482.3 36.1
TL 1790355409.654 331.6 4.1
TL 1790355409.754 280.4 3.6
TL 1790355409.854 570.8 3.4
TL 1790355409.954 138.3 1.9
TL 1790355410.054 299.4 3.0
TL 1790355410.155 670.6 3.0
TL 1790355410.256 254.0 3.6
TL 1790355410.356 537.9 3.7
TL 1790355410.456 355.2 3.5
TL 1790355410.557 469.9 3.6
TL 1790355410.657 287.5 3.5
TL 1790355410.758 678.4 5.2
TL 1790355410.857 248.4 3.3
TL 1790355410.958 643.3 4.1
TL 1790355411.058 389.7 5.7
TL 1790355411.158 348.5 4.0
TL 1790355411.258 337.3 2.8
TL 1790355411.358 325.9 3.2
TL 1790355411.460 1726.4 3.1
TL 1790355411.559 136.1 2.7
TL 1790355411.659 284.8 2.6
TL 1790355411.760 296.2 3.5
TL 1790355411.860 225.4 1.5
TL 1790355411.960 114.9 1.4
TL 1790355412.061 1251.9 3.5
TL 1790355412.160 239.1 2.2
TL 1790355412.261 715.5 3.4
TL 1790355412.361 254.1 1.8
TL 1790355412.461 490.6 4.2
TL 1790355412.561 394.6 3.3
TL 1790355412.661 271.5 4.0
TL 1790355412.762 417.0 3.6
TL 1790355412.862 415.7 4.5
TL 1790355412.963 568.9 2.9
TL 1790355413.063 659.1 4.1
TL 1790355413.163 480.9 3.8
TL 1790355413.263 360.7 197.7
TL 1790355413.364 729.0 3.6
TL 1790355413.464 321.5 3.6
TL 1790355413.564 228.1 1.8
TL 1790355413.664 273.4 3.2
TL 1790355413.764 444.7 3.4
TL 1790355413.864 467.8 3.4
TL 1790355413.964 266.8 2.9
TL 1790355414.065 459.4 3.7
TL 1790355414.166 1178.3 2.8
TL 1790355414.265 518.8 3.5
TL 1790355414.365 274.6 2.3
TL 1790355414.465 257.0 1.8
TL 1790355414.566 381.8 4.1
TL 1790355414.666 386.3 2.7
TL 1790355414.766 479.7 4.3
TL 1790355414.868 1769.8 2.2
TL 1790355414.967 417.9 3.1
TL 1790355415.067 678.1 3.1
TL 1790355415.167 312.2 3.6
TL 1790355415.267 415.4 3.2
TL 1790355415.368 841.0 3.3
TL 1790355415.468 342.1 2.0
TL 1790355415.569 648.9 3.7
TL 1790355415.668 130.5 1.5
TL 1790355415.768 188.3 0.9
TL 1790355415.869 226.7 2.8
TL 1790355415.970 928.5 2.8
TL 1790355416.070 719.3 3.1
TL 1790355416.170 402.6 3.0
TL 1790355416.270 262.3 3.7
TL 1790355416.370 438.3 3.7
TL 1790355416.470 387.2 3.6
TL 1790355416.570 512.9 3.4
TL 1790355416.671 521.7 3.7
TL 1790355416.771 608.2 3.1
TL 1790355416.871 344.1 4.0
TL 1790355416.971 163.5 2.6
TL 1790355417.071 272.9 4.4
TL 1790355417.171 337.6 3.1
TL 1790355417.271 307.5 3.3
TL 1790355417.371 122.8 1.9
TL 1790355417.472 379.0 2.6
TL 1790355417.572 374.2 2.0
TL 1790355417.672 423.5 3.0
TL 1790355417.772 671.1 4.6
TL 1790355417.872 253.3 3.1
TL 1790355417.972 120.0 1.9
TL 1790355418.073 494.3 3.6
TL 1790355418.173 350.8 3.5
TL 1790355418.273 272.5 4.1
TL 1790355418.374 234.7 3.4
TL 1790355418.475 418.7 3.2
TL 1790355418.575 270.9 3.6
TL 1790355418.675 317.5 8.4
TL 1790355418.775 240.4 3.6
TL 1790355418.876 613.7 3.4
TL 1790355418.976 519.9 3.2
TL 1790355419.076 298.2 40.6
TL 1790355419.176 358.1 3.8
TL 1790355419.276 453.5 3.7
TL 1790355419.376 295.9 5.6
TL 1790355419.477 431.7 4.2
TL 1790355419.577 254.4 42.5
TL 1790355419.677 528.4 3.8
TL 1790355419.778 830.4 4.1
TL 1790355419.878 566.6 3.4
TL 1790355419.978 139.9 2.2
TL 1790355420.078 494.6 3.1
TL 1790355420.178 306.7 2.5
TL 1790355420.278 161.7 2.1
TL 1790355420.379 667.9 3.4
TL 1790355420.478 222.9 2.3
TL 1790355420.579 140.6 2.1
TL 1790355420.679 251.8 3.2
TL 1790355420.779 306.9 3.8
TL 1790355420.879 313.0 3.0
TL 1790355420.979 145.1 1.8
TL 1790355421.080 536.6 3.9
TL 1790355421.180 272.2 3.2
TL 1790355421.281 604.3 3.7
TL 1790355421.381 120.5 1.9
TL 1790355421.481 204.9 2.3
TL 1790355421.581 251.8 2.9
TL 1790355421.681 254.3 3.1
TL 1790355421.781 127.8 2.0
TL 1790355421.881 216.8 3.5
TL 1790355421.982 350.8 3.3
TL 1790355422.082 407.8 3.4
TL 1790355422.182 263.2 3.3
TL 1790355422.282 296.3 4.7
TL 1790355422.382 508.3 3.6
TL 1790355422.482 312.3 4.6
TL 1790355422.583 406.9 3.8
TL 1790355422.683 344.2 3.6
TL 1790355422.783 268.3 5.2
TL 1790355422.883 373.7 2.9
TL 1790355422.983 412.9 3.6
TL 1790355423.083 427.3 3.4
TL 1790355423.184 326.9 3.6
TL 1790355423.284 348.7 3.3
TL 1790355423.384 345.8 3.4
TL 1790355423.484 247.6 2.2
TL 1790355423.584 365.1 3.5
TL 1790355423.684 336.8 2.3
TL 1790355423.785 644.0 3.1
TL 1790355423.885 324.3 2.2
TL 1790355423.985 521.7 2.5
TL 1790355424.085 516.4 3.6
TL 1790355424.185 239.8 2.2
TL 1790355424.286 261.6 3.5
TL 1790355424.386 341.1 3.5
TL 1790355424.487 416.8 2.9
TL 1790355424.587 468.0 3.5
TL 1790355424.687 361.5 1.7
TL 1790355424.787 209.6 2.3
TL 1790355424.887 565.2 3.9
TL 1790355424.987 187.1 3.1
TL 1790355425.088 430.1 4.0
TL 1790355425.188 227.5 1.9
TL 1790355425.288 403.6 4.1
TL 1790355425.388 124.3 2.2
TL 1790355425.488 323.6 3.9
TL 1790355425.589 390.1 3.4
TL 1790355425.689 441.0 3.3
TL 1790355425.789 452.0 14.6
TL 1790355425.889 370.9 2.9
TL 1790355425.990 612.2 231.1
TL 1790355426.090 463.3 3.4
TL 1790355426.190 340.7 2.8
TL 1790355426.290 288.6 3.7
TL 1790355426.390 234.2 1.8
TL 1790355426.490 366.1 4.0
TL 1790355426.591 259.2 3.0
TL 1790355426.691 334.9 2.8
TL 1790355426.791 387.6 4.2
TL 1790355426.892 360.3 1.8
TL 1790355426.992 140.9 2.3
TL 1790355427.092 555.7 3.6
TL 1790355427.193 276.9 3.1
TL 1790355427.295 293.8 4.2
TL 1790355427.395 342.3 4.1
TL 1790355427.496 521.4 3.6
TL 1790355427.595 232.3 4.2
TL 1790355427.696 329.6 3.0
TL 1790355427.796 508.5 2.9
TL 1790355427.896 474.8 60.3
TL 1790355427.996 297.5 2.5
TL 1790355428.096 245.9 3.5
TL 1790355428.197 639.3 3.1
TL 1790355428.297 536.6 3.8
TL 1790355428.397 287.4 3.7
TL 1790355428.498 309.3 4.0
TL 1790355428.598 301.5 4.3
TL 1790355428.698 443.4 3.3
TL 1790355428.798 512.6 3.4
TL 1790355428.898 314.8 4.0
TL 1790355428.999 568.3 3.1
TL 1790355429.099 798.9 3.7
TL 1790355429.199 163.6 1.8
TL 1790355429.299 381.2 3.3
TL 1790355429.399 390.3 3.5
TL 1790355429.500 375.4 2.6
TL 1790355429.600 377.9 3.9
TL 1790355429.700 363.5 2.9
TL 1790355429.801 636.6 2.4
TL 1790355429.901 382.7 2.9
TL 1790355430.001 221.3 3.2
TL 1790355430.101 591.6 3.2
TL 1790355430.201 409.9 3.1
TL 1790355430.301 418.6 4.1
TL 1790355430.401 124.4 1.7
TL 1790355430.502 265.6 3.4
TL 1790355430.602 368.9 3.4
TL 1790355430.702 650.4 3.5
TL 1790355430.802 375.3 3.7
TL 1790355430.903 726.3 3.0
TL 1790355431.003 259.2 3.5
TL 1790355431.104 979.5 3.4
TL 1790355431.204 703.9 3.4
TL 1790355431.303 176.3 3.3
TL 1790355431.404 116.0 1.6
TL 1790355431.504 607.9 3.1
TL 1790355431.604 330.3 3.3
TL 1790355431.705 307.0 2.8
TL 1790355431.805 194.7 3.7
TL 1790355431.905 403.5 3.6
TL 1790355432.006 306.9 3.6
TL 1790355432.106 302.1 3.1
TL 1790355432.207 869.0 3.1
TL 1790355432.307 238.2 2.0
TL 1790355432.411 844.2 4.4
TL 1790355432.510 236.0 2.7
TL 1790355432.610 154.2 1.7
TL 1790355432.710 158.4 1.7
TL 1790355432.812 1228.9 1.5
TL 1790355432.911 187.5 1.7
TL 1790355433.011 166.4 2.1
TL 1790355433.111 114.4 2.0
TL 1790355433.212 358.6 2.0
TL 1790355433.312 257.6 4.3
TL 1790355433.412 257.4 2.5
TL 1790355433.513 1213.7 2.8
TL 1790355433.612 445.2 4.1
TL 1790355433.712 266.1 2.9
TL 1790355433.813 313.6 3.1
TL 1790355433.914 898.9 3.1
TL 1790355434.013 269.4 3.0
TL 1790355434.114 386.5 3.0
TL 1790355434.214 346.9 3.3
TL 1790355434.314 324.0 3.0
TL 1790355434.414 194.7 2.4
TL 1790355434.515 404.3 3.5
TL 1790355434.615 233.6 3.4
TL 1790355434.715 249.5 2.8
TL 1790355434.815 194.0 3.2
TL 1790355434.916 692.7 1.9
TL 1790355435.016 594.1 2.5
TL 1790355435.116 530.1 2.1
TL 1790355435.216 320.8 3.2
TL 1790355435.316 231.5 3.9
TL 1790355435.417 397.2 4.1
TL 1790355435.517 578.1 3.7
TL 1790355435.617 262.9 3.1
TL 1790355435.717 123.6 1.3
TL 1790355435.818 360.9 2.4
TL 1790355435.918 392.4 2.3
TL 1790355436.018 367.9 1.7
TL 1790355436.119 403.5 3.4
TL 1790355436.219 923.1 3.1
TL 1790355436.319 328.1 2.7
TL 1790355436.419 183.0 2.7
TL 1790355436.520 468.4 3.1
TL 1790355436.620 400.2 2.3
TL 1790355436.720 342.5 3.6
TL 1790355436.820 149.4 1.7
TL 1790355436.920 128.9 2.2
TL 1790355437.021 344.9 3.7
TL 1790355437.121 472.3 4.3
TL 1790355437.221 576.4 4.2
TL 1790355437.321 151.6 3.6
TL 1790355437.421 203.8 2.9
TL 1790355437.521 135.1 2.0
TL 1790355437.622 409.4 4.3
TL 1790355437.722 363.5 3.3
TL 1790355437.822 146.9 2.5
TL 1790355437.922 128.3 2.2
TL 1790355438.022 258.9 3.7
TL 1790355438.122 345.0 4.4
TL 1790355438.223 310.0 3.5
TL 1790355438.323 171.8 2.3
TL 1790355438.424 287.7 3.1
TL 1790355438.524 350.8 2.0
TL 1790355438.624 157.8 2.5
TL 1790355438.724 253.3 2.7
TL 1790355438.824 484.1 3.5
TL 1790355438.925 206.9 4.3
TL 1790355439.025 383.1 4.6
TL 1790355439.125 133.7 2.4
TL 1790355439.226 815.1 4.0
TL 1790355439.325 103.4 2.0
TL 1790355439.426 388.6 3.9
TL 1790355439.526 289.5 3.3
TL 1790355439.626 324.9 2.9
TL 1790355439.727 438.4 3.3
TL 1790355439.827 361.1 3.5
TL 1790355439.927 653.9 3.6
TL 1790355440.027 199.4 3.0
TL 1790355440.127 390.0 4.9
TL 1790355440.228 339.8 4.9
TL 1790355440.328 211.6 4.3
TL 1790355440.428 465.1 2.3
TL 1790355440.528 274.7 3.4
TL 1790355440.628 459.5 3.2
TL 1790355440.728 328.2 2.7
TL 1790355440.829 468.2 3.0
TL 1790355440.928 232.5 3.5
TL 1790355441.029 352.0 2.8
TL 1790355441.130 249.4 3.2
TL 1790355441.231 352.8 140.8
TL 1790355441.331 255.6 2.2
TL 1790355441.431 233.8 1.7
TL 1790355441.531 481.8 3.1
TL 1790355441.632 1348.5 2.0
TL 1790355441.731 441.6 2.6
TL 1790355441.832 431.6 3.8
TL 1790355441.932 405.2 3.2
TL 1790355442.032 203.3 3.1
TL 1790355442.133 963.5 3.9
TL 1790355442.232 345.3 4.7
TL 1790355442.332 127.0 2.1
TL 1790355442.432 217.7 1.8
TL 1790355442.533 264.8 2.7
TL 1790355442.633 561.5 3.4
TL 1790355442.734 766.8 2.4
TL 1790355442.833 219.7 3.9
TL 1790355442.934 211.1 2.4
TL 1790355443.034 161.5 3.4
TL 1790355443.134 463.4 3.5
TL 1790355443.235 546.0 5.7
TL 1790355443.334 302.6 4.6
TL 1790355443.435 298.1 5.4
TL 1790355443.535 294.6 4.3
TL 1790355443.635 401.9 4.1
TL 1790355443.736 325.6 1.7
TL 1790355443.836 375.5 4.8
TL 1790355443.936 605.6 3.2
TL 1790355444.036 591.1 4.2
TL 1790355444.136 345.1 3.5
TL 1790355444.236 414.7 3.4
TL 1790355444.336 226.1 2.4
TL 1790355444.437 487.6 4.0
TL 1790355444.537 164.6 2.6
TL 1790355444.637 403.7 3.7
TL 1790355444.737 350.8 3.8
TL 1790355444.837 526.9 2.9
TL 1790355444.937 291.2 4.9
TL 1790355445.038 322.4 3.4
TL 1790355445.138 413.8 4.1
TL 1790355445.239 318.2 3.7
TL 1790355445.339 280.4 3.5
TL 1790355445.439 261.7 4.0
TL 1790355445.539 243.0 2.6
TL 1790355445.640 389.6 3.0
TL 1790355445.740 269.4 1.1
TL 1790355445.840 564.8 3.3
TL 1790355445.941 741.4 3.4
TL 1790355446.040 241.7 3.5
TL 1790355446.140 122.2 1.6
TL 1790355446.241 258.5 5.0
TL 1790355446.341 244.3 4.3
TL 1790355446.441 217.8 3.7
TL 1790355446.541 467.6 3.7
TL 1790355446.642 695.3 4.0
TL 1790355446.742 259.6 3.1
TL 1790355446.842 538.6 4.4
TL 1790355446.942 421.9 3.2
TL 1790355447.042 421.3 3.5
TL 1790355447.142 349.4 3.5
TL 1790355447.242 282.3 2.7
TL 1790355447.342 160.2 2.3
TL 1790355447.443 387.0 4.5
TL 1790355447.543 266.8 3.4
TL 1790355447.643 693.0 4.4
TL 1790355447.743 149.2 0.9
TL 1790355447.843 297.4 2.7
TL 1790355447.943 253.4 3.4
TL 1790355448.044 618.0 3.6
TL 1790355448.143 129.4 2.6
TL 1790355448.243 126.1 2.5
TL 1790355448.344 514.9 3.5
TL 1790355448.444 454.3 3.1
TL 1790355448.544 301.8 3.0
TL 1790355448.645 494.0 3.7
TL 1790355448.744 242.5 2.8
TL 1790355448.845 505.3 3.4
TL 1790355448.945 291.5 3.5
TL 1790355449.045 479.3 3.5
TL 1790355449.146 551.4 3.5
TL 1790355449.248 1555.1 3.3
TL 1790355449.346 308.1 3.4
TL 1790355449.447 363.9 3.3
TL 1790355449.547 555.6 2.7
TL 1790355449.647 514.5 3.1
TL 1790355449.747 199.0 2.6
TL 1790355449.847 292.3 3.7
TL 1790355449.947 277.8 5.3
TL 1790355450.048 357.2 3.6
TL 1790355450.149 981.4 3.5
TL 1790355450.248 254.1 2.8
TL 1790355450.349 431.3 6.8
TL 1790355450.449 324.5 2.3
TL 1790355450.549 358.5 2.6
TL 1790355450.650 1398.6 3.3
TL 1790355450.749 317.1 3.4
TL 1790355450.849 130.8 2.5
TL 1790355450.950 279.9 3.6
TL 1790355451.050 361.8 3.1
TL 1790355451.150 270.0 3.8
TL 1790355451.250 412.9 2.8
TL 1790355451.350 281.4 4.3
TL 1790355451.451 264.4 3.8
TL 1790355451.551 296.7 3.4
TL 1790355451.652 331.0 3.6
TL 1790355451.752 104.8 1.3
TL 1790355451.852 270.6 3.9
TL 1790355451.952 200.7 2.3
TL 1790355452.053 455.7 4.1
TL 1790355452.153 143.6 2.2
TL 1790355452.254 490.6 2.8
TL 1790355452.354 189.0 3.0
TL 1790355452.454 229.2 3.7
TL 1790355452.554 125.2 1.7
TL 1790355452.654 254.0 3.1
TL 1790355452.754 118.2 1.2
TL 1790355452.855 453.9 3.6
TL 1790355452.955 388.9 4.2
TL 1790355453.055 433.5 4.5
TL 1790355453.155 283.3 3.9
TL 1790355453.256 688.4 3.1
TL 1790355453.356 295.2 1.7
TL 1790355453.456 368.6 3.4
TL 1790355453.556 221.2 2.8
TL 1790355453.656 541.7 7.8
TL 1790355453.757 237.7 2.2
TL 1790355453.858 829.4 3.1
TL 1790355453.957 318.3 3.7
TL 1790355454.058 1088.7 3.0
TL 1790355454.158 839.8 3.0
TL 1790355454.258 481.4 4.6
TL 1790355454.358 518.0 3.7
TL 1790355454.458 306.5 3.9
TL 1790355454.558 321.4 4.5
TL 1790355454.659 485.7 3.4
TL 1790355454.765 6579.8 2.2
TL 1790355454.859 71.4 1.6
TL 1790355454.959 306.2 1.6
TL 1790355455.059 66.9 1.9
TL 1790355455.159 146.6 1.9
TL 1790355455.259 160.1 2.0
TL 1790355455.360 114.3 1.2
TL 1790355455.460 118.8 1.7
TL 1790355455.560 109.9 1.7
TL 1790355455.660 104.7 1.4
TL 1790355455.760 161.8 1.7
TL 1790355455.860 84.8 1.5
TL 1790355455.960 115.3 1.8
TL 1790355456.060 100.8 1.6
TL 1790355456.161 86.1 1.5
TL 1790355456.261 119.6 1.5
TL 1790355456.361 86.3 1.5
TL 1790355456.461 87.4 1.4
TL 1790355456.561 143.9 1.8
TL 1790355456.661 298.4 1.7
TL 1790355456.761 93.3 1.5
TL 1790355456.861 77.4 1.7
TL 1790355456.962 331.3 1.7
TL 1790355457.061 101.6 1.7
TL 1790355457.162 107.3 1.7
TL 1790355457.262 92.9 1.6
TL 1790355457.362 107.3 1.8
TL 1790355457.462 99.4 1.7
TL 1790355457.562 94.4 2.2
TL 1790355457.662 104.3 1.7
TL 1790355457.762 102.3 1.9
TL 1790355457.862 87.9 1.8
TL 1790355457.963 473.4 1.5
TL 1790355458.063 109.8 1.8
TL 1790355458.163 253.5 1.5
TL 1790355458.263 99.6 1.4
TL 1790355458.363 92.1 1.5
TL 1790355458.463 135.6 1.1
TL 1790355458.563 113.1 1.7
TL 1790355458.663 100.2 1.7
TL 1790355458.763 108.6 2.1
TL 1790355458.863 92.1 1.6
TL 1790355458.963 100.9 2.0
TL 1790355459.064 689.0 1.5
TL 1790355459.164 88.7 1.7
TL 1790355459.264 121.2 2.1
TL 1790355459.365 1115.8 2.6
TL 1790355459.465 109.5 1.7
TL 1790355459.565 101.0 1.5
TL 1790355459.666 1260.3 1.4
TL 1790355459.766 800.2 2.0
TL 1790355459.865 265.6 2.0
TL 1790355459.967 1017.5 1.9
TL 1790355460.066 145.0 1.5
TL 1790355460.166 101.2 1.4
TL 1790355460.266 201.7 1.9
TL 1790355460.366 82.1 1.5
TL 1790355460.467 714.7 2.1
TL 1790355460.566 73.2 1.4
TL 1790355460.667 84.0 1.4
TL 1790355460.767 88.3 1.6
TL 1790355460.867 86.5 1.6
TL 1790355460.967 87.0 1.3
TL 1790355461.067 296.0 1.3
TL 1790355461.167 86.5 1.5
TL 1790355461.267 237.6 1.4
TL 1790355461.367 89.5 1.4
TL 1790355461.467 109.6 1.5
TL 1790355461.567 95.4 1.4
TL 1790355461.668 124.0 1.6
TL 1790355461.768 515.0 1.8
TL 1790355461.868 87.2 1.2
TL 1790355461.968 288.8 1.9
TL 1790355462.069 1547.3 2.4
TL 1790355462.168 124.4 1.5
TL 1790355462.268 158.8 1.4
TL 1790355462.369 416.9 2.0
TL 1790355462.468 108.9 2.1
TL 1790355462.569 102.2 1.6
TL 1790355462.669 91.6 1.4
TL 1790355462.769 128.7 1.6
TL 1790355462.869 224.4 1.6
TL 1790355462.969 135.5 1.6
TL 1790355463.069 99.8 1.4
TL 1790355463.169 99.8 1.8
TL 1790355463.269 117.1 1.8
TL 1790355463.369 103.2 1.8
TL 1790355463.469 95.8 1.7
TL 1790355463.569 96.3 1.7
TL 1790355463.670 102.6 1.7
TL 1790355463.770 103.3 1.6
TL 1790355463.870 83.1 1.6
TL 1790355463.970 90.2 1.6
TL 1790355464.070 93.8 1.9
TL 1790355464.170 95.7 1.9
TL 1790355464.270 90.9 1.7
TL 1790355464.370 99.5 1.9
TL 1790355464.470 86.6 1.7
TL 1790355464.571 158.3 2.1
TL 1790355464.671 86.0 1.6
TL 1790355464.771 168.7 1.8
TL 1790355464.871 69.0 1.6
TL 1790355464.971 155.1 1.8
TL 1790355465.072 244.7 1.5
TL 1790355465.172 205.1 2.0
TL 1790355465.272 305.2 3.1
TL 1790355465.372 151.1 1.6
TL 1790355465.472 215.4 1.9
TL 1790355465.572 97.6 1.2
TL 1790355465.672 109.2 1.7
TL 1790355465.772 98.1 1.4
TL 1790355465.872 84.7 1.2
TL 1790355465.972 94.1 1.6
TL 1790355466.073 102.0 1.8
TL 1790355466.173 119.6 1.8
TL 1790355466.273 103.2 1.5
TL 1790355466.373 211.5 2.3
TL 1790355466.473 100.0 1.5
TL 1790355466.573 92.2 1.5
TL 1790355466.673 92.0 1.8
TL 1790355466.773 87.2 1.3
TL 1790355466.873 91.0 1.1
TL 1790355466.974 103.3 1.4
TL 1790355467.074 95.9 1.6
TL 1790355467.174 97.6 1.5
TL 1790355467.274 486.6 1.5
TL 1790355467.374 101.5 1.8
TL 1790355467.474 234.4 1.7
TL 1790355467.574 99.8 1.8
TL 1790355467.674 113.5 1.7
TL 1790355467.774 88.9 1.8
TL 1790355467.875 622.0 1.5
TL 1790355467.975 103.2 1.5
TL 1790355468.075 82.7 1.2
TL 1790355468.175 82.6 1.5
TL 1790355468.278 3039.4 1.8
TL 1790355468.375 118.4 1.5
TL 1790355468.475 261.0 1.5
TL 1790355468.575 193.7 1.5
TL 1790355468.675 107.0 1.4
TL 1790355468.775 87.2 1.3
TL 1790355468.875 75.9 1.2
TL 1790355468.975 82.4 1.3
TL 1790355469.076 172.4 1.8
TL 1790355469.177 80.5 1.2
TL 1790355469.277 95.5 1.4
TL 1790355469.377 109.2 1.5
TL 1790355469.477 110.4 1.5
TL 1790355469.577 115.2 1.5
TL 1790355469.677 114.8 1.7
TL 1790355469.778 156.2 1.9
TL 1790355469.878 125.2 1.7
TL 1790355469.978 363.1 1.4
TL 1790355470.078 103.9 1.5
TL 1790355470.178 130.8 1.1
TL 1790355470.279 728.4 1.8
TL 1790355470.379 77.5 1.3
TL 1790355470.479 107.6 1.4
TL 1790355470.579 119.1 1.8
TL 1790355470.679 318.0 1.5
TL 1790355470.779 92.1 1.7
TL 1790355470.879 66.0 0.8
TL 1790355470.979 281.9 1.4
TL 1790355471.080 351.8 1.8
TL 1790355471.180 159.1 1.3
TL 1790355471.280 353.9 1.5
TL 1790355471.381 792.2 1.6
TL 1790355471.481 214.5 1.8
TL 1790355471.580 105.5 1.6
TL 1790355471.681 90.3 1.3
TL 1790355471.781 104.4 1.8
TL 1790355471.882 845.6 0.7
TL 1790355471.981 80.8 0.9
TL 1790355472.082 113.2 1.6
TL 1790355472.182 105.7 2.4
TL 1790355472.282 93.4 1.6
TL 1790355472.382 304.7 1.6
TL 1790355472.482 87.7 1.5
TL 1790355472.582 193.5 1.7
TL 1790355472.683 89.4 1.9
TL 1790355472.783 169.1 1.7
TL 1790355472.883 86.3 1.5
TL 1790355472.983 106.1 1.5
TL 1790355473.083 93.6 1.7
TL 1790355473.183 182.4 1.7
TL 1790355473.283 109.1 1.8
TL 1790355473.383 85.8 1.4
TL 1790355473.484 260.4 1.8
TL 1790355473.585 965.2 1.6
TL 1790355473.684 745.4 1.2
TL 1790355473.784 89.9 1.8
TL 1790355473.885 1068.9 1.4
TL 1790355473.984 103.1 1.8
TL 1790355474.084 282.6 1.7
TL 1790355474.184 80.5 1.1
TL 1790355474.285 96.2 1.5
TL 1790355474.385 95.2 1.9
TL 1790355474.485 272.0 1.7
TL 1790355474.585 95.6 1.5
TL 1790355474.685 102.1 1.8
TL 1790355474.785 187.1 1.9
TL 1790355474.885 90.7 1.6
TL 1790355474.986 336.7 1.6
TL 1790355475.086 172.9 1.8
TL 1790355475.186 245.9 1.6
TL 1790355475.286 122.0 1.8
TL 1790355475.386 97.6 1.6
TL 1790355475.486 336.9 2.1
TL 1790355475.586 96.2 1.8
TL 1790355475.686 117.5 1.7
TL 1790355475.786 114.2 1.9
TL 1790355475.887 227.2 2.1
TL 1790355475.987 106.9 2.0
TL 1790355476.087 84.3 1.6
TL 1790355476.187 164.8 1.9
TL 1790355476.287 142.5 1.1
TL 1790355476.387 113.4 1.7
TL 1790355476.487 140.3 2.0
TL 1790355476.587 118.8 1.4
TL 1790355476.687 133.2 1.7
TL 1790355476.787 119.7 1.7
TL 1790355476.888 118.6 1.9
TL 1790355476.988 211.1 1.8
TL 1790355477.088 148.8 1.9
TL 1790355477.188 135.3 1.8
TL 1790355477.288 109.8 1.9
TL 1790355477.388 167.7 1.9
TL 1790355477.488 127.2 1.5
TL 1790355477.588 113.4 2.1
TL 1790355477.688 113.5 1.7
TL 1790355477.789 120.9 1.6
TL 1790355477.889 84.5 1.3
TL 1790355477.989 115.6 1.8
TL 1790355478.089 123.0 1.8
TL 1790355478.189 215.2 1.8
TL 1790355478.289 155.3 1.7
TL 1790355478.389 94.1 1.4
TL 1790355478.489 128.7 1.8
TL 1790355478.589 101.7 1.3
TL 1790355478.690 101.1 1.6
TL 1790355478.790 115.6 1.5
TL 1790355478.890 148.3 1.4
TL 1790355478.992 144.8 1.9
TL 1790355479.092 95.8 1.5
TL 1790355479.192 112.7 1.5
TL 1790355479.292 95.5 1.6
TL 1790355479.392 79.4 1.3
TL 1790355479.492 182.1 2.1
TL 1790355479.592 133.5 1.7
TL 1790355479.692 122.6 1.8
TL 1790355479.793 170.8 1.8
TL 1790355479.893 397.9 1.8
TL 1790355479.993 120.2 1.7
TL 1790355480.093 122.5 1.7
TL 1790355480.193 86.5 1.7
TL 1790355480.293 137.3 1.8
TL 1790355480.393 95.1 1.9
TL 1790355480.493 113.0 2.2
TL 1790355480.593 96.1 1.4
TL 1790355480.694 132.1 1.4
TL 1790355480.794 124.6 1.8
TL 1790355480.894 855.2 2.0
TL 1790355480.994 87.9 1.9
TL 1790355481.094 129.9 1.4
TL 1790355481.194 175.4 2.1
TL 1790355481.294 104.5 2.1
TL 1790355481.394 99.6 1.7
TL 1790355481.494 230.9 2.4
TL 1790355481.594 113.0 2.0
TL 1790355481.695 113.2 1.6
TL 1790355481.795 346.9 1.9
TL 1790355481.895 113.6 1.7
TL 1790355481.995 115.4 1.9
TL 1790355482.095 112.5 1.7
TL 1790355482.195 122.2 1.9
TL 1790355482.296 117.1 257.4
TL 1790355482.396 132.2 1.8
TL 1790355482.496 156.7 1.9
TL 1790355482.596 123.7 2.0
TL 1790355482.696 119.8 1.8
TL 1790355482.796 115.0 1.3
TL 1790355482.896 124.4 1.7
TL 1790355482.996 108.2 1.2
TL 1790355483.097 128.4 1.5
TL 1790355483.197 102.9 1.6
TL 1790355483.297 112.9 1.5
TL 1790355483.397 93.4 2.2
TL 1790355483.497 144.3 2.8
TL 1790355483.597 115.7 1.8
TL 1790355483.697 107.0 1.7
TL 1790355483.797 110.8 1.7
TL 1790355483.897 189.6 1.7
TL 1790355483.997 117.4 1.8
TL 1790355484.098 126.7 1.9
TL 1790355484.198 111.2 1.6
TL 1790355484.298 156.0 2.1
TL 1790355484.398 186.0 1.9
TL 1790355484.498 192.7 1.8
TL 1790355484.599 1337.0 1.6
TL 1790355484.698 125.1 1.7
TL 1790355484.798 126.6 1.9
TL 1790355484.898 123.3 1.8
TL 1790355484.999 248.0 1.9
TL 1790355485.099 255.2 1.7
TL 1790355485.199 164.4 1.5
TL 1790355485.299 124.1 2.1
TL 1790355485.399 115.6 1.7
TL 1790355485.499 125.4 2.1
TL 1790355485.599 115.5 1.6
TL 1790355485.699 116.1 1.8
TL 1790355485.799 100.7 1.5
TL 1790355485.899 143.8 2.2
TL 1790355486.000 206.2 3.5
TL 1790355486.100 572.6 4.1
TL 1790355486.200 308.2 4.3
TL 1790355486.300 350.3 2.6
TL 1790355486.401 891.1 3.5
TL 1790355486.501 391.7 5.1
TL 1790355486.601 416.4 5.2
TL 1790355486.701 626.5 4.0
TL 1790355486.801 274.6 3.8
TL 1790355486.901 281.2 3.5
TL 1790355487.002 272.2 3.2
TL 1790355487.102 217.0 3.2
TL 1790355487.202 126.4 1.6
TL 1790355487.302 91.2 1.5
TL 1790355487.402 88.1 1.8
TL 1790355487.502 75.0 1.3
TL 1790355487.602 62.7 1.3
TL 1790355487.702 88.2 1.9
TL 1790355487.803 256.4 1.6
TL 1790355487.903 250.7 1.5
TL 1790355488.003 118.2 1.6
TL 1790355488.103 127.0 2.8
TL 1790355488.203 123.0 1.7
TL 1790355488.303 130.8 1.9
TL 1790355488.403 303.1 3.3
TL 1790355488.503 122.2 1.5
TL 1790355488.603 95.9 1.3
TL 1790355488.703 88.4 1.4
TL 1790355488.804 93.3 1.4
TL 1790355488.904 106.1 1.8
TL 1790355489.004 183.8 1.9
TL 1790355489.104 92.5 1.6
TL 1790355489.204 99.6 1.9
TL 1790355489.304 80.4 1.5
TL 1790355489.404 104.1 2.1
TL 1790355489.504 85.3 1.7
TL 1790355489.604 102.2 1.5
TL 1790355489.705 95.2 1.9
TL 1790355489.806 500.5 1.6
TL 1790355489.906 97.5 1.4
TL 1790355490.006 79.4 1.5
TL 1790355490.106 94.3 1.4
TL 1790355490.207 541.5 2.8
TL 1790355490.306 170.9 1.8
TL 1790355490.406 121.9 1.9
TL 1790355490.507 108.7 1.7
TL 1790355490.607 125.4 1.5
TL 1790355490.707 104.2 1.7
TL 1790355490.807 220.1 1.3
TL 1790355490.907 176.5 1.8
TL 1790355491.007 312.6 1.7
TL 1790355491.107 110.3 1.5
TL 1790355491.207 95.1 1.6
TL 1790355491.308 618.9 1.6
TL 1790355491.407 89.2 1.6
TL 1790355491.508 134.3 2.8
TL 1790355491.608 129.3 3.0
TL 1790355491.708 125.4 2.1
TL 1790355491.808 96.3 1.8
TL 1790355491.908 103.5 1.7
TL 1790355492.008 115.1 1.5
TL 1790355492.108 103.2 2.0
TL 1790355492.208 95.8 1.8
TL 1790355492.309 117.8 2.1
TL 1790355492.409 200.3 2.0
TL 1790355492.509 106.9 1.4
TL 1790355492.609 170.2 2.5
TL 1790355492.709 244.1 1.6
TL 1790355492.809 114.9 1.2
TL 1790355492.909 105.1 2.5
TL 1790355493.010 97.4 0.9
TL 1790355493.110 372.3 1.8
TL 1790355493.210 106.3 1.7
TL 1790355493.310 116.9 1.4
TL 1790355493.410 114.2 1.7
TL 1790355493.511 101.3 1.6
TL 1790355493.611 110.8 2.1
TL 1790355493.711 382.0 1.4
TL 1790355493.811 94.2 1.7
TL 1790355493.911 121.6 1.7
TL 1790355494.011 71.8 0.6
TL 1790355494.111 104.1 2.0
TL 1790355494.212 523.1 1.7
TL 1790355494.312 160.1 1.6
TL 1790355494.412 416.0 1.6
TL 1790355494.513 255.9 1.9
TL 1790355494.614 547.8 2.9
TL 1790355494.714 615.9 2.0
TL 1790355494.813 125.5 1.8
TL 1790355494.914 89.9 1.9
TL 1790355495.014 110.2 1.8
TL 1790355495.114 80.7 1.4
TL 1790355495.214 122.9 2.4
TL 1790355495.315 441.7 2.0
TL 1790355495.414 164.3 1.4
TL 1790355495.515 555.5 2.0
TL 1790355495.615 117.9 2.3
TL 1790355495.715 152.1 1.5
TL 1790355495.815 286.7 2.9
TL 1790355495.915 173.6 1.9
TL 1790355496.015 291.9 1.7
TL 1790355496.115 99.1 1.7
TL 1790355496.215 102.0 1.9
TL 1790355496.316 383.0 1.7
TL 1790355496.416 125.5 1.7
TL 1790355496.516 122.0 1.7
TL 1790355496.616 131.6 1.6
TL 1790355496.716 133.9 1.6
TL 1790355496.816 118.2 1.8
TL 1790355496.916 167.8 2.6
TL 1790355497.016 88.0 1.5
TL 1790355497.116 159.0 2.3
TL 1790355497.216 119.8 1.8
TL 1790355497.317 261.8 1.7
TL 1790355497.417 95.7 1.6
TL 1790355497.517 105.2 1.7
TL 1790355497.617 344.2 2.0
TL 1790355497.717 90.1 1.7
TL 1790355497.818 333.5 2.0
TL 1790355497.917 104.8 1.8
TL 1790355498.018 96.5 1.7
TL 1790355498.118 154.7 1.9
TL 1790355498.218 142.5 1.9
TL 1790355498.318 377.7 2.0
TL 1790355498.418 91.0 1.7
TL 1790355498.518 86.4 1.6
TL 1790355498.618 90.5 1.7
TL 1790355498.718 185.6 2.0
TL 1790355498.818 110.2 1.8
TL 1790355498.919 115.6 1.9
TL 1790355499.019 324.9 1.8
TL 1790355499.119 174.7 2.6
TL 1790355499.219 122.3 2.0
TL 1790355499.319 260.4 2.0
TL 1790355499.419 129.6 1.7
TL 1790355499.519 223.2 2.0
TL 1790355499.619 123.9 1.9
TL 1790355499.719 107.2 1.8
TL 1790355499.820 122.5 1.9
TL 1790355499.920 93.6 1.8
TL 1790355500.020 102.7 1.8
TL 1790355500.120 213.9 1.5
TL 1790355500.220 114.8 1.5
TL 1790355500.320 108.4 1.5
TL 1790355500.420 120.7 1.6
TL 1790355500.520 152.7 1.8
TL 1790355500.620 87.0 1.7
TL 1790355500.721 89.5 1.8
TL 1790355500.821 142.8 1.6
TL 1790355500.921 125.4 1.6
TL 1790355501.021 102.7 1.9
TL 1790355501.121 91.8 1.7
TL 1790355501.221 105.7 2.1
TL 1790355501.321 90.2 1.4
TL 1790355501.421 98.2 1.7
TL 1790355501.521 126.8 1.5
TL 1790355501.621 92.6 1.5
TL 1790355501.722 88.9 1.5
TL 1790355501.822 97.3 1.7
TL 1790355501.922 147.8 2.0
TL 1790355502.022 96.1 2.0
TL 1790355502.122 83.9 1.3
TL 1790355502.222 88.6 1.6
TL 1790355502.322 118.0 1.8
TL 1790355502.422 88.9 1.5
TL 1790355502.522 92.8 1.6
TL 1790355502.623 175.3 1.7
TL 1790355502.723 109.3 1.6
TL 1790355502.823 88.3 1.6
TL 1790355502.923 91.3 1.8
TL 1790355503.023 377.2 1.4
TL 1790355503.123 89.7 1.8
TL 1790355503.223 93.0 1.7
TL 1790355503.323 88.9 1.8
TL 1790355503.423 121.0 2.1
TL 1790355503.524 104.1 2.3
TL 1790355503.624 94.8 1.7
TL 1790355503.724 95.6 1.7
TL 1790355503.824 109.5 2.1
TL 1790355503.924 101.8 1.6
TL 1790355504.024 111.3 2.2
TL 1790355504.124 150.2 2.0
TL 1790355504.224 86.3 1.6
TL 1790355504.324 94.7 1.4
TL 1790355504.424 103.0 1.8
TL 1790355504.525 105.1 2.1
TL 1790355504.625 406.6 1.8
TL 1790355504.725 197.2 2.1
TL 1790355504.825 111.5 1.8
TL 1790355504.926 353.3 1.4
TL 1790355505.026 103.1 1.8
TL 1790355505.126 264.2 1.2
TL 1790355505.226 99.0 2.0
TL 1790355505.326 89.5 1.7
TL 1790355505.426 110.0 1.8
TL 1790355505.526 93.1 1.9
TL 1790355505.626 97.4 1.6
TL 1790355505.726 95.2 1.6
TL 1790355505.827 94.8 2.0
TL 1790355505.927 100.0 1.7
TL 1790355506.027 141.4 1.6
TL 1790355506.127 186.8 1.7
TL 1790355506.227 96.0 1.9
TL 1790355506.327 206.2 1.7
TL 1790355506.427 81.7 2.1
TL 1790355506.527 243.3 2.4
TL 1790355506.628 365.3 1.6
TL 1790355506.728 213.2 1.9
TL 1790355506.828 99.1 1.9
TL 1790355506.928 691.8 1.9
TL 1790355507.028 305.6 1.9
TL 1790355507.128 94.8 1.8
TL 1790355507.228 364.0 1.4
TL 1790355507.329 475.6 2.0
TL 1790355507.428 90.7 1.7
TL 1790355507.529 113.1 2.1
TL 1790355507.629 227.2 1.6
TL 1790355507.729 91.1 1.8
TL 1790355507.829 99.6 1.7
TL 1790355507.929 119.2 1.9
TL 1790355508.029 107.3 1.9
TL 1790355508.129 106.2 1.7
TL 1790355508.229 213.3 17.4
TL 1790355508.329 99.7 2.5
TL 1790355508.430 505.2 151.8
TL 1790355508.531 283.1 4.8
TL 1790355508.632 674.4 3.4
TL 1790355508.732 393.0 2.2
TL 1790355508.832 248.6 3.3
TL 1790355508.932 250.2 3.1
TL 1790355509.032 119.9 1.5
TL 1790355509.132 320.8 2.9
TL 1790355509.233 872.0 3.2
TL 1790355509.333 381.1 5.2
TL 1790355509.433 261.5 3.5
TL 1790355509.533 154.1 1.7
TL 1790355509.633 259.6 2.3
TL 1790355509.733 152.7 1.8
TL 1790355509.834 377.9 3.0
TL 1790355509.934 157.4 1.8
TL 1790355510.034 462.7 3.2
TL 1790355510.134 256.9 3.2
TL 1790355510.234 220.4 2.9
TL 1790355510.335 350.6 2.8
TL 1790355510.435 216.8 3.6
TL 1790355510.535 149.8 2.0
TL 1790355510.636 1131.9 2.2
TL 1790355510.735 142.6 2.1
TL 1790355510.835 148.7 2.6
TL 1790355510.936 242.0 3.7
TL 1790355511.036 296.4 1.7
TL 1790355511.136 454.9 2.7
TL 1790355511.236 279.3 3.4
TL 1790355511.337 787.8 3.5
TL 1790355511.436 124.1 2.2
TL 1790355511.537 530.9 3.4
TL 1790355511.637 388.4 3.2
TL 1790355511.737 166.5 2.2
TL 1790355511.837 132.4 1.9
TL 1790355511.937 256.3 3.0
TL 1790355512.037 124.7 3.2
TL 1790355512.137 249.1 3.4
TL 1790355512.238 154.8 2.6
TL 1790355512.338 472.0 3.5
TL 1790355512.438 316.9 3.9
TL 1790355512.538 346.5 4.0
TL 1790355512.638 402.5 3.4
TL 1790355512.739 484.3 3.9
TL 1790355512.839 280.9 3.3
TL 1790355512.939 290.4 3.1
TL 1790355513.041 1986.8 2.1
TL 1790355513.139 153.2 1.2
TL 1790355513.239 252.6 3.5
TL 1790355513.340 257.8 2.7
TL 1790355513.440 272.7 3.2
TL 1790355513.540 591.8 3.5
TL 1790355513.640 332.0 2.6
TL 1790355513.741 337.8 3.3
TL 1790355513.841 374.1 3.2
TL 1790355513.941 470.0 3.5
TL 1790355514.041 251.9 3.0
TL 1790355514.141 449.3 3.0
TL 1790355514.241 282.8 3.3
TL 1790355514.341 325.6 3.2
TL 1790355514.441 145.6 2.2
TL 1790355514.542 250.9 3.7
TL 1790355514.642 371.1 2.8
TL 1790355514.742 285.8 3.6
TL 1790355514.842 125.1 2.0
TL 1790355514.943 456.7 3.7
TL 1790355515.043 310.6 4.4
TL 1790355515.143 146.2 1.9
TL 1790355515.243 265.2 2.6
TL 1790355515.344 471.0 3.0
TL 1790355515.444 571.4 4.0
TL 1790355515.545 758.0 4.2
TL 1790355515.644 107.8 1.9
TL 1790355515.744 167.2 3.1
TL 1790355515.845 498.5 3.4
TL 1790355515.945 195.3 3.0
TL 1790355516.045 245.3 2.9
TL 1790355516.145 119.6 0.9
TL 1790355516.245 98.2 1.6
TL 1790355516.345 204.4 3.3
TL 1790355516.446 453.2 3.9
TL 1790355516.546 402.3 28.5
TL 1790355516.646 472.4 3.4
TL 1790355516.746 274.7 3.2
TL 1790355516.847 417.3 3.7
TL 1790355516.947 660.5 3.9
TL 1790355517.047 287.1 4.9
TL 1790355517.147 109.4 0.9
TL 1790355517.248 461.8 3.6
TL 1790355517.348 588.2 2.3
TL 1790355517.448 468.9 3.4
TL 1790355517.548 285.5 3.4
TL 1790355517.649 778.2 4.5
TL 1790355517.749 546.4 3.5
TL 1790355517.849 368.9 3.6
TL 1790355517.949 139.7 2.2
TL 1790355518.049 278.4 3.1
TL 1790355518.149 68.0 0.7
TL 1790355518.249 445.2 3.2
TL 1790355518.350 401.7 3.3
TL 1790355518.450 294.5 3.8
TL 1790355518.550 854.3 2.9
TL 1790355518.650 110.9 2.1
TL 1790355518.750 260.5 3.9
TL 1790355518.850 140.3 2.0
TL 1790355518.950 112.3 2.0
TL 1790355519.050 122.8 2.0
TL 1790355519.150 80.3 0.6
TL 1790355519.251 571.2 3.4
TL 1790355519.351 115.0 1.6
TL 1790355519.451 131.1 1.8
TL 1790355519.551 109.2 1.9
TL 1790355519.651 177.8 2.8
TL 1790355519.751 105.9 1.8
TL 1790355519.851 109.1 1.7
TL 1790355519.951 114.2 1.8
TL 1790355520.052 443.9 1.5
TL 1790355520.153 553.9 2.1
TL 1790355520.252 246.2 3.0
TL 1790355520.353 306.1 3.1
TL 1790355520.453 481.9 3.5
TL 1790355520.553 334.9 2.8
TL 1790355520.653 484.7 3.3
TL 1790355520.753 274.1 3.6
TL 1790355520.853 155.9 2.3
TL 1790355520.954 344.4 3.3
TL 1790355521.054 103.6 2.3
TL 1790355521.154 197.9 2.6
TL 1790355521.254 103.3 1.6
TL 1790355521.354 309.7 3.0
TL 1790355521.454 335.4 3.7
TL 1790355521.554 195.7 2.5
TL 1790355521.655 258.2 3.1
TL 1790355521.755 522.4 1.9
TL 1790355521.855 431.6 3.2
TL 1790355521.955 300.8 2.6
TL 1790355522.055 320.4 3.0
TL 1790355522.156 306.7 2.3
TL 1790355522.256 277.2 2.7
TL 1790355522.356 298.5 2.2
TL 1790355522.456 537.6 3.5
TL 1790355522.557 547.2 73.8
TL 1790355522.657 441.2 2.9
TL 1790355522.757 504.9 2.8
TL 1790355522.857 210.2 1.8
TL 1790355522.957 232.4 2.8
TL 1790355523.058 523.9 3.2
TL 1790355523.157 269.9 3.2
TL 1790355523.258 447.1 4.0
TL 1790355523.358 227.3 3.6
TL 1790355523.458 353.5 3.2
TL 1790355523.558 219.9 2.8
TL 1790355523.658 126.0 1.4
TL 1790355523.758 337.1 3.3
TL 1790355523.859 260.5 3.8
TL 1790355523.959 141.8 2.3
TL 1790355524.059 128.0 1.9
TL 1790355524.159 111.9 1.9
TL 1790355524.259 133.7 1.7
TL 1790355524.359 137.4 1.8
TL 1790355524.459 163.4 2.2
TL 1790355524.559 137.8 1.8
TL 1790355524.659 134.1 1.5
TL 1790355524.760 281.8 2.2
TL 1790355524.860 175.9 2.9
TL 1790355524.960 273.4 2.9
TL 1790355525.060 213.8 1.9
TL 1790355525.160 134.8 2.3
TL 1790355525.260 114.6 1.5
TL 1790355525.360 142.4 2.3
TL 1790355525.460 136.7 2.0
TL 1790355525.560 90.4 1.4
TL 1790355525.661 222.4 2.3
TL 1790355525.761 88.2 1.6
TL 1790355525.861 164.1 1.8
TL 1790355525.961 124.4 1.9
TL 1790355526.061 249.4 2.3
TL 1790355526.161 122.2 2.0
TL 1790355526.261 146.0 2.0
TL 1790355526.362 565.8 3.5
TL 1790355526.462 238.0 1.6
TL 1790355526.562 121.6 1.8
TL 1790355526.662 125.1 1.7
TL 1790355526.762 133.5 2.1
TL 1790355526.862 146.8 2.4
TL 1790355526.962 190.6 1.8
TL 1790355527.063 353.6 3.7
TL 1790355527.163 118.3 1.6
TL 1790355527.263 154.7 1.8
TL 1790355527.363 239.1 2.2
TL 1790355527.463 284.3 3.2
TL 1790355527.563 125.9 2.0
TL 1790355527.663 160.5 1.7
TL 1790355527.763 125.9 2.1
TL 1790355527.864 536.1 2.3
TL 1790355527.964 130.3 2.1
TL 1790355528.064 303.3 2.7
TL 1790355528.165 898.4 3.1
TL 1790355528.264 125.0 2.2
TL 1790355528.364 124.1 1.4
TL 1790355528.465 534.7 3.4
TL 1790355528.564 114.8 1.7
TL 1790355528.665 357.2 3.0
TL 1790355528.765 157.2 2.6
TL 1790355528.865 201.6 2.2
TL 1790355528.965 132.4 2.3
TL 1790355529.065 117.5 1.6
TL 1790355529.165 122.0 1.7
TL 1790355529.265 210.9 1.9
TL 1790355529.365 117.5 1.7
TL 1790355529.465 127.4 2.0
TL 1790355529.566 129.7 1.7
TL 1790355529.666 114.9 2.7
TL 1790355529.766 136.8 1.9
TL 1790355529.866 123.7 1.9
TL 1790355529.966 128.0 2.0
TL 1790355530.066 116.3 1.8
TL 1790355530.166 129.3 1.5
TL 1790355530.267 173.0 2.8
TL 1790355530.367 132.9 2.1
TL 1790355530.467 267.8 3.5
TL 1790355530.567 134.9 2.2
TL 1790355530.667 208.9 2.4
TL 1790355530.768 387.4 3.1
TL 1790355530.867 113.7 1.8
TL 1790355530.968 88.1 1.6
TL 1790355531.068 113.0 1.7
TL 1790355531.168 104.1 1.5
TL 1790355531.268 151.1 2.2
TL 1790355531.368 110.7 1.7
TL 1790355531.468 122.0 1.9
TL 1790355531.569 223.0 2.7
TL 1790355531.669 134.6 1.9
TL 1790355531.769 296.3 1.9
TL 1790355531.869 93.6 1.6
TL 1790355531.969 178.6 1.7
TL 1790355532.069 121.1 1.9
TL 1790355532.169 441.9 1.5
TL 1790355532.269 147.4 1.9
TL 1790355532.369 130.7 1.8
TL 1790355532.469 113.1 1.8
TL 1790355532.570 358.2 2.9
TL 1790355532.670 157.3 1.8
TL 1790355532.771 518.6 3.2
TL 1790355532.871 345.7 3.0
TL 1790355532.970 118.6 1.7
TL 1790355533.071 255.2 3.2
TL 1790355533.171 127.1 1.9
TL 1790355533.272 786.2 3.0
TL 1790355533.371 131.5 1.7
TL 1790355533.472 310.1 3.5
TL 1790355533.572 330.9 1.9
TL 1790355533.672 729.1 3.2
TL 1790355533.772 360.1 2.8
TL 1790355533.872 328.9 2.6
TL 1790355533.972 456.1 3.1
TL 1790355534.072 289.0 2.1
TL 1790355534.173 300.1 2.3
TL 1790355534.273 245.8 2.0
TL 1790355534.373 426.1 2.7
TL 1790355534.473 218.0 2.8
TL 1790355534.573 465.5 2.9
TL 1790355534.673 177.9 2.5
TL 1790355534.774 235.0 2.7
TL 1790355534.874 168.6 2.1
TL 1790355534.974 189.8 2.6
TL 1790355535.075 213.6 2.5
TL 1790355535.175 128.3 1.9
TL 1790355535.275 346.7 2.3
TL 1790355535.375 195.9 2.7
TL 1790355535.475 416.0 2.9
TL 1790355535.575 276.1 2.7
TL 1790355535.675 160.1 1.7
TL 1790355535.776 370.7 3.5
TL 1790355535.876 233.7 1.9
TL 1790355535.976 291.9 3.0
TL 1790355536.076 322.8 1.9
TL 1790355536.176 169.6 2.2
TL 1790355536.277 225.0 30.1
TL 1790355536.377 652.9 3.2
TL 1790355536.477 376.9 2.6
TL 1790355536.577 201.7 2.4
TL 1790355536.677 158.1 2.4
TL 1790355536.777 238.9 2.4
TL 1790355536.878 444.1 2.7
TL 1790355536.978 655.4 2.3
TL 1790355537.078 271.2 2.2
TL 1790355537.178 141.2 1.9
TL 1790355537.278 146.0 2.3
TL 1790355537.378 298.5 1.9
TL 1790355537.479 410.9 2.0
TL 1790355537.579 272.9 2.4
TL 1790355537.679 149.2 2.6
TL 1790355537.779 211.9 3.3
TL 1790355537.879 261.1 2.4
TL 1790355537.980 288.4 2.3
TL 1790355538.080 186.7 2.0
TL 1790355538.180 186.7 2.3
TL 1790355538.281 596.3 2.6
TL 1790355538.380 203.5 1.8
TL 1790355538.480 114.0 2.2
TL 1790355538.581 125.7 1.9
TL 1790355538.682 317.0 1.8
TL 1790355538.781 112.6 1.8
TL 1790355538.882 693.0 2.7
TL 1790355538.982 193.4 2.7
TL 1790355539.082 96.9 1.7
TL 1790355539.182 118.3 2.1
TL 1790355539.282 396.7 2.0
TL 1790355539.382 127.6 2.3
TL 1790355539.482 130.7 2.3
TL 1790355539.582 112.9 2.0
TL 1790355539.683 110.4 1.6
TL 1790355539.783 105.2 1.8
TL 1790355539.883 114.6 3.0
TL 1790355539.983 137.6 2.2
TL 1790355540.083 120.5 1.8
TL 1790355540.183 113.4 2.3
TL 1790355540.283 113.0 2.6
TL 1790355540.383 209.8 2.5
TL 1790355540.483 137.0 2.0
TL 1790355540.584 106.0 2.7
TL 1790355540.684 192.4 1.8
TL 1790355540.784 264.7 2.6
TL 1790355540.884 237.5 2.7
TL 1790355540.984 100.4 1.7
TL 1790355541.084 266.7 2.7
TL 1790355541.184 110.4 1.9
TL 1790355541.284 102.3 1.6
TL 1790355541.385 591.8 2.4
TL 1790355541.485 254.5 2.8
TL 1790355541.585 343.0 2.3
TL 1790355541.685 151.3 1.9
TL 1790355541.785 341.5 2.1
TL 1790355541.885 200.8 3.1
TL 1790355541.986 422.6 2.2
TL 1790355542.086 166.7 2.4
TL 1790355542.186 153.1 2.0
TL 1790355542.286 165.8 2.3
TL 1790355542.386 199.8 2.0
TL 1790355542.486 359.4 2.0
TL 1790355542.586 321.8 2.1
TL 1790355542.686 139.9 2.4
TL 1790355542.786 134.1 1.9
TL 1790355542.887 559.2 2.7
TL 1790355542.987 704.3 2.6
TL 1790355543.087 322.6 2.9
TL 1790355543.187 151.9 1.8
TL 1790355543.287 123.6 1.8
TL 1790355543.388 204.9 2.8
TL 1790355543.488 216.2 2.7
TL 1790355543.588 255.3 2.7
TL 1790355543.688 373.8 2.8
TL 1790355543.788 129.0 1.7
TL 1790355543.889 638.4 2.5
TL 1790355543.988 226.3 2.7
TL 1790355544.089 232.4 4.0
TL 1790355544.189 195.1 2.7
TL 1790355544.290 474.3 1.9
TL 1790355544.390 204.3 2.6
TL 1790355544.490 131.4 2.1
TL 1790355544.590 232.1 2.1
TL 1790355544.690 145.6 2.1
TL 1790355544.792 2109.3 2.3
TL 1790355544.891 268.3 2.8
TL 1790355544.991 246.3 1.8
TL 1790355545.091 600.6 2.8
TL 1790355545.191 269.0 2.0
TL 1790355545.291 242.6 2.0
TL 1790355545.392 510.3 2.3
TL 1790355545.491 208.0 2.1
TL 1790355545.592 161.1 1.7
TL 1790355545.692 179.4 2.1
TL 1790355545.792 455.6 2.3
TL 1790355545.893 688.4 2.6
TL 1790355545.993 493.2 3.3
TL 1790355546.093 676.0 2.0
TL 1790355546.193 321.5 3.0
TL 1790355546.293 106.8 1.4
TL 1790355546.393 129.5 1.9
TL 1790355546.493 305.6 2.2
TL 1790355546.593 317.5 2.6
TL 1790355546.694 292.4 2.5
TL 1790355546.794 348.0 2.7
TL 1790355546.894 339.6 2.6
TL 1790355546.994 339.7 2.4
TL 1790355547.094 155.5 2.1
TL 1790355547.194 149.5 2.0
TL 1790355547.294 91.2 1.0
TL 1790355547.395 231.4 2.7
TL 1790355547.495 137.3 2.3
TL 1790355547.596 314.2 2.1
TL 1790355547.696 214.4 3.1
TL 1790355547.796 348.0 2.9
TL 1790355547.896 266.9 2.7
TL 1790355547.996 436.9 2.5
TL 1790355548.096 168.6 2.4
TL 1790355548.197 374.7 3.3
TL 1790355548.297 135.1 1.0
TL 1790355548.397 192.9 2.3
TL 1790355548.497 461.9 2.6
TL 1790355548.597 131.5 1.9
TL 1790355548.697 313.5 2.1
TL 1790355548.798 456.8 3.2
TL 1790355548.897 142.9 2.0
TL 1790355548.998 225.8 2.1
TL 1790355549.098 474.8 2.1
TL 1790355549.198 679.9 2.4
TL 1790355549.298 183.1 2.1
TL 1790355549.398 229.8 2.3
TL 1790355549.498 159.1 2.2
TL 1790355549.599 417.5 2.6
TL 1790355549.699 444.4 2.8
TL 1790355549.799 186.7 2.4
TL 1790355549.899 103.4 1.7
TL 1790355549.999 148.1 1.9
TL 1790355550.099 103.9 1.8
TL 1790355550.199 228.9 2.2
TL 1790355550.299 161.7 2.0
TL 1790355550.400 473.0 2.8
TL 1790355550.500 210.8 2.9
TL 1790355550.601 183.0 2.3
TL 1790355550.701 187.1 2.7
TL 1790355550.801 95.6 2.1
TL 1790355550.901 133.7 2.0
TL 1790355551.001 240.3 2.4
TL 1790355551.101 330.8 2.6
TL 1790355551.201 147.4 2.1
TL 1790355551.302 398.2 2.4
TL 1790355551.402 149.9 2.4
TL 1790355551.502 452.9 2.8
TL 1790355551.603 771.8 2.9
TL 1790355551.703 535.9 2.4
TL 1790355551.802 190.1 2.2
TL 1790355551.903 553.5 3.5
TL 1790355552.003 191.4 2.9
TL 1790355552.103 146.0 1.9
TL 1790355552.203 547.8 2.7
TL 1790355552.303 165.6 1.9
TL 1790355552.403 187.3 2.2
TL 1790355552.504 679.9 2.0
TL 1790355552.603 204.3 2.6
TL 1790355552.704 301.6 2.4
TL 1790355552.804 271.1 1.9
TL 1790355552.904 216.5 2.6
TL 1790355553.004 239.9 18.4
TL 1790355553.104 442.2 2.6
TL 1790355553.204 191.1 2.0
TL 1790355553.305 527.3 2.8
TL 1790355553.405 159.6 2.0
TL 1790355553.505 564.5 2.6
TL 1790355553.605 183.9 2.3
TL 1790355553.705 336.0 2.4
TL 1790355553.806 985.1 2.4
TL 1790355553.905 147.0 2.2
TL 1790355554.006 258.4 2.7
TL 1790355554.106 213.3 3.0
TL 1790355554.207 412.7 2.7
TL 1790355554.307 271.3 2.2
TL 1790355554.407 161.0 2.2
TL 1790355554.507 292.0 2.1
TL 1790355554.607 178.6 2.3
TL 1790355554.707 188.5 2.3
TL 1790355554.807 156.4 2.2
TL 1790355554.908 364.5 2.3
TL 1790355555.008 198.2 2.7
TL 1790355555.109 152.7 2.3
TL 1790355555.209 430.2 3.2
TL 1790355555.309 389.1 2.0
TL 1790355555.410 354.0 2.9
TL 1790355555.510 382.9 2.9
TL 1790355555.610 225.1 2.3
TL 1790355555.710 289.3 2.4
TL 1790355555.810 176.3 2.7
TL 1790355555.914 416.2 2.0
TL 1790355556.014 178.2 2.3
TL 1790355556.114 426.5 3.0
TL 1790355556.214 110.6 1.8
TL 1790355556.315 353.6 2.6
TL 1790355556.414 166.6 2.6
TL 1790355556.515 422.0 2.4
TL 1790355556.615 526.3 2.2
TL 1790355556.715 175.5 2.6
TL 1790355556.816 574.7 2.8
TL 1790355556.916 152.9 2.6
TL 1790355557.016 326.6 3.5
TL 1790355557.117 403.2 2.4
TL 1790355557.217 281.8 2.9
TL 1790355557.318 509.0 2.8
TL 1790355557.418 512.1 2.2
TL 1790355557.518 360.2 2.4
TL 1790355557.618 288.8 2.3
TL 1790355557.718 453.4 3.8
TL 1790355557.818 179.8 2.1
TL 1790355557.919 324.8 2.8
TL 1790355558.019 451.9 2.4
TL 1790355558.119 189.3 2.3
TL 1790355558.219 168.5 2.1
TL 1790355558.320 259.6 2.1
TL 1790355558.420 279.3 1.8
TL 1790355558.520 157.4 2.2
TL 1790355558.620 211.3 1.9
TL 1790355558.720 473.7 2.8
TL 1790355558.820 315.7 3.2
TL 1790355558.921 528.5 2.8
TL 1790355559.021 208.3 2.3
TL 1790355559.121 195.5 2.5
TL 1790355559.222 465.0 2.6
TL 1790355559.322 248.9 2.5
TL 1790355559.422 278.8 3.9
TL 1790355559.522 371.5 2.4
TL 1790355559.623 387.2 2.6
TL 1790355559.723 332.4 2.8
TL 1790355559.823 140.5 2.3
TL 1790355559.923 199.1 2.6
TL 1790355560.023 329.0 3.1
TL 1790355560.123 152.2 2.1
TL 1790355560.224 386.7 2.6
TL 1790355560.324 172.8 2.4
TL 1790355560.424 240.3 3.7
TL 1790355560.524 368.3 3.1
TL 1790355560.624 231.8 3.3
TL 1790355560.724 194.2 2.9
TL 1790355560.824 191.7 2.3
TL 1790355560.925 975.0 2.9
TL 1790355561.025 538.4 2.2
TL 1790355561.125 418.8 2.2
TL 1790355561.225 279.1 2.7
TL 1790355561.325 179.5 2.7
TL 1790355561.425 180.6 2.4
TL 1790355561.526 366.2 2.8
TL 1790355561.626 359.2 2.5
TL 1790355561.726 304.4 2.5
TL 1790355561.826 179.9 2.4
TL 1790355561.926 149.0 2.2
TL 1790355562.026 299.3 3.3
TL 1790355562.128 366.0 2.7
TL 1790355562.229 204.0 3.1
TL 1790355562.329 236.0 2.1
TL 1790355562.429 186.0 2.6
TL 1790355562.529 164.3 2.8
TL 1790355562.629 427.1 3.1
TL 1790355562.729 202.5 2.1
TL 1790355562.829 171.9 2.9
TL 1790355562.930 1052.0 2.7
TL 1790355563.030 371.9 2.4
TL 1790355563.130 215.7 2.9
TL 1790355563.230 414.9 3.0
TL 1790355563.330 174.6 2.6
TL 1790355563.430 335.7 3.0
TL 1790355563.530 135.3 2.3
TL 1790355563.631 460.1 2.4
TL 1790355563.731 253.0 2.2
TL 1790355563.832 226.1 3.3
TL 1790355563.932 409.3 2.2
TL 1790355564.034 302.8 2.1
TL 1790355564.134 251.4 2.9
TL 1790355564.234 374.5 2.6
TL 1790355564.334 216.6 3.1
TL 1790355564.434 305.2 3.1
TL 1790355564.534 147.8 2.0
TL 1790355564.635 257.1 2.9
TL 1790355564.735 380.8 3.2
TL 1790355564.835 130.8 2.3
TL 1790355564.936 511.3 2.6
TL 1790355565.036 491.8 2.3
TL 1790355565.136 572.3 3.3
TL 1790355565.236 228.7 3.4
TL 1790355565.336 254.4 3.2
TL 1790355565.436 112.9 2.8
TL 1790355565.537 425.7 2.2
TL 1790355565.636 148.1 2.2
TL 1790355565.737 382.0 2.4
TL 1790355565.837 189.0 2.4
TL 1790355565.937 236.3 2.3
TL 1790355566.037 233.2 3.7
TL 1790355566.137 179.0 3.0
TL 1790355566.238 485.3 2.7
TL 1790355566.338 292.1 2.9
TL 1790355566.438 202.8 2.9
TL 1790355566.539 574.9 3.1
TL 1790355566.639 326.5 2.7
TL 1790355566.739 284.3 2.6
TL 1790355566.839 142.7 2.4
TL 1790355566.939 352.6 3.1
TL 1790355567.039 291.6 2.7
TL 1790355567.139 161.4 2.1
TL 1790355567.240 404.8 3.0
TL 1790355567.340 755.6 2.6
TL 1790355567.440 148.7 2.7
TL 1790355567.540 364.6 2.7
TL 1790355567.640 206.4 2.6
TL 1790355567.740 285.8 3.1
TL 1790355567.840 88.6 2.2
TL 1790355567.941 431.8 3.4
TL 1790355568.041 205.4 2.6
TL 1790355568.141 320.4 2.9
TL 1790355568.241 174.1 2.6
TL 1790355568.341 456.6 3.0
TL 1790355568.441 186.3 2.3
TL 1790355568.542 387.7 3.5
TL 1790355568.642 165.2 2.3
TL 1790355568.742 223.2 3.1
TL 1790355568.842 194.0 2.7
TL 1790355568.942 385.5 3.0
TL 1790355569.042 212.4 2.3
TL 1790355569.142 204.6 2.7
TL 1790355569.243 455.0 2.4
TL 1790355569.343 381.9 2.8
TL 1790355569.443 121.9 2.2
TL 1790355569.543 463.5 3.4
TL 1790355569.643 368.0 2.5
TL 1790355569.743 416.6 2.4
TL 1790355569.843 210.4 2.7
TL 1790355569.943 257.9 3.0
TL 1790355570.044 161.3 2.3
TL 1790355570.144 183.5 1.8
TL 1790355570.244 149.2 2.6
TL 1790355570.345 177.8 2.7
TL 1790355570.445 116.5 1.8
TL 1790355570.545 334.4 2.9
TL 1790355570.645 153.6 2.0
TL 1790355570.745 158.5 2.3
TL 1790355570.845 175.8 2.6
TL 1790355570.945 144.5 2.1
TL 1790355571.045 180.2 2.4
TL 1790355571.146 132.8 1.9
TL 1790355571.246 260.0 3.0
TL 1790355571.347 941.0 2.2
TL 1790355571.446 121.7 1.2
TL 1790355571.546 205.7 2.7
TL 1790355571.647 383.4 2.3
TL 1790355571.747 233.5 3.0
TL 1790355571.848 294.9 3.1
TL 1790355571.948 359.1 2.5
TL 1790355572.048 292.2 2.6
TL 1790355572.149 483.9 2.7
TL 1790355572.249 416.9 3.5
TL 1790355572.349 245.5 4.1
TL 1790355572.449 142.3 1.0
TL 1790355572.549 302.9 2.2
TL 1790355572.649 230.2 2.6
TL 1790355572.749 499.7 2.8
TL 1790355572.849 195.6 2.6
TL 1790355572.950 259.8 2.7
TL 1790355573.050 683.1 3.6
TL 1790355573.150 177.0 2.6
TL 1790355573.250 473.4 3.0
TL 1790355573.350 476.3 3.0
TL 1790355573.450 100.8 0.7
TL 1790355573.550 268.2 2.7
TL 1790355573.651 206.4 3.1
TL 1790355573.751 206.6 2.7
TL 1790355573.851 511.5 3.1
TL 1790355573.951 301.0 3.1
TL 1790355574.051 192.6 2.8
TL 1790355574.152 332.1 2.9
TL 1790355574.252 372.9 2.5
TL 1790355574.352 244.8 2.8
TL 1790355574.452 276.4 2.7
TL 1790355574.553 251.1 2.9
TL 1790355574.653 166.0 3.2
TL 1790355574.753 437.9 3.0
TL 1790355574.853 295.5 2.7
TL 1790355574.954 740.8 3.0
TL 1790355575.053 435.4 3.0
TL 1790355575.154 586.3 2.8
TL 1790355575.254 274.6 3.1
TL 1790355575.354 351.6 2.7
TL 1790355575.454 478.3 3.2
TL 1790355575.554 170.6 3.2
TL 1790355575.654 311.2 3.2
TL 1790355575.754 290.3 2.3
TL 1790355575.854 248.4 3.2
TL 1790355575.955 180.3 2.2
TL 1790355576.055 264.9 3.1
TL 1790355576.155 150.8 1.7
TL 1790355576.255 317.3 2.4
TL 1790355576.355 399.7 2.9
TL 1790355576.455 174.1 3.6
TL 1790355576.555 189.3 2.8
TL 1790355576.656 456.8 3.5
TL 1790355576.756 168.6 2.2
TL 1790355576.856 417.0 2.7
TL 1790355576.956 189.2 2.5
TL 1790355577.056 222.5 3.4
TL 1790355577.157 184.5 2.5
TL 1790355577.257 173.3 2.6
TL 1790355577.357 410.9 2.6
TL 1790355577.457 160.3 2.3
TL 1790355577.558 370.1 2.9
TL 1790355577.658 241.6 2.9
TL 1790355577.758 185.4 2.6
TL 1790355577.858 268.7 2.3
TL 1790355577.959 777.2 4.1
TL 1790355578.059 490.8 3.0
TL 1790355578.159 297.4 2.3
TL 1790355578.259 201.9 3.1
TL 1790355578.359 334.1 2.8
TL 1790355578.459 493.8 2.9
TL 1790355578.559 177.5 2.4
TL 1790355578.659 307.3 3.0
TL 1790355578.759 208.7 2.4
TL 1790355578.859 309.5 3.8
TL 1790355578.960 330.3 2.8
TL 1790355579.060 395.4 2.4
TL 1790355579.160 270.4 2.9
TL 1790355579.261 176.4 2.1
TL 1790355579.361 671.5 3.3
TL 1790355579.461 315.5 2.9
TL 1790355579.561 176.5 2.5
TL 1790355579.662 206.3 3.0
TL 1790355579.764 2513.4 2.6
TL 1790355579.862 207.3 3.2
TL 1790355579.962 358.6 2.8
TL 1790355580.062 443.3 3.4
TL 1790355580.163 520.7 2.6
TL 1790355580.264 282.1 2.2
TL 1790355580.364 248.1 3.7
TL 1790355580.465 303.1 3.4
TL 1790355580.565 204.9 3.8
TL 1790355580.665 356.8 3.2
TL 1790355580.766 1393.8 2.3
TL 1790355580.865 163.0 3.3
TL 1790355580.965 178.3 3.2
TL 1790355581.065 390.5 2.7
TL 1790355581.166 408.4 3.8
TL 1790355581.266 127.1 2.2
TL 1790355581.366 275.4 3.3
TL 1790355581.466 192.1 3.0
TL 1790355581.567 156.2 2.6
TL 1790355581.667 149.7 2.2
TL 1790355581.768 324.9 2.3
TL 1790355581.868 210.4 7.8
TL 1790355581.968 199.8 2.6
TL 1790355582.069 389.3 2.9
TL 1790355582.169 346.1 3.0
TL 1790355582.270 1716.0 2.4
TL 1790355582.369 246.8 3.5
TL 1790355582.469 177.3 3.2
TL 1790355582.570 310.2 3.4
TL 1790355582.670 284.6 2.2
TL 1790355582.770 186.7 2.4
TL 1790355582.872 2084.4 2.4
TL 1790355582.970 311.6 2.7
TL 1790355583.070 252.8 2.7
TL 1790355583.171 191.3 2.9
TL 1790355583.271 225.9 2.6
TL 1790355583.371 526.1 3.5
TL 1790355583.472 211.4 3.3
TL 1790355583.572 495.7 3.3
TL 1790355583.672 183.3 2.8
TL 1790355583.772 231.8 2.9
TL 1790355583.872 183.3 2.9
TL 1790355583.973 286.1 3.4
TL 1790355584.073 246.0 3.9
TL 1790355584.173 573.7 2.4
TL 1790355584.274 791.9 2.3
TL 1790355584.373 151.6 2.6
TL 1790355584.473 294.6 3.7
TL 1790355584.574 595.0 3.1
TL 1790355584.674 254.9 4.0
TL 1790355584.774 203.2 2.7
TL 1790355584.874 196.4 3.3
TL 1790355584.974 392.5 3.2
TL 1790355585.074 202.9 2.6
TL 1790355585.175 222.8 3.2
TL 1790355585.275 227.7 2.9
TL 1790355585.375 471.2 3.1
TL 1790355585.475 591.7 3.6
TL 1790355585.575 175.2 2.7
TL 1790355585.675 251.1 3.8
TL 1790355585.775 171.4 3.1
TL 1790355585.876 175.0 2.7
TL 1790355585.976 244.8 2.7
TL 1790355586.076 253.9 2.8
TL 1790355586.177 178.1 2.7
TL 1790355586.277 197.1 2.7
TL 1790355586.377 175.8 2.4
TL 1790355586.477 369.1 3.5
TL 1790355586.577 203.2 2.8
TL 1790355586.677 270.6 2.8
TL 1790355586.778 405.4 2.9
TL 1790355586.878 505.1 2.9
TL 1790355586.978 216.1 3.1
TL 1790355587.078 402.9 3.5
TL 1790355587.178 263.9 2.9
TL 1790355587.279 321.7 5.0
TL 1790355587.379 222.6 4.7
TL 1790355587.479 339.8 2.9
TL 1790355587.579 180.8 3.9
TL 1790355587.679 239.2 3.7
TL 1790355587.779 233.5 2.7
TL 1790355587.881 236.7 2.1
TL 1790355587.981 204.5 2.7
TL 1790355588.081 219.4 3.0
TL 1790355588.182 474.6 2.4
TL 1790355588.281 216.0 2.3
TL 1790355588.383 198.5 2.4
TL 1790355588.483 193.3 2.9
TL 1790355588.583 180.0 0.8
TL 1790355588.683 269.2 3.4
TL 1790355588.783 261.4 2.8
TL 1790355588.884 790.5 3.2
TL 1790355588.984 466.1 2.4
TL 1790355589.085 1032.2 2.9
TL 1790355589.184 142.3 2.0
TL 1790355589.285 477.5 3.4
TL 1790355589.385 373.0 2.6
TL 1790355589.485 437.8 2.8
TL 1790355589.585 198.2 3.2
TL 1790355589.685 235.5 2.4
TL 1790355589.785 210.3 3.2
TL 1790355589.886 298.8 2.9
TL 1790355589.986 352.7 2.9
TL 1790355590.086 131.4 2.7
TL 1790355590.186 194.1 3.3
TL 1790355590.286 182.1 2.8
TL 1790355590.386 246.5 2.7
TL 1790355590.486 466.9 2.9
TL 1790355590.586 200.4 3.4
TL 1790355590.687 304.2 2.9
TL 1790355590.787 239.6 3.6
TL 1790355590.887 209.2 2.8
TL 1790355590.987 165.9 2.8
TL 1790355591.088 182.1 3.9
TL 1790355591.188 255.5 2.4
TL 1790355591.288 191.9 3.2
TL 1790355591.389 258.2 2.5
TL 1790355591.489 156.7 2.4
TL 1790355591.589 147.0 2.2
TL 1790355591.689 208.0 3.6
TL 1790355591.789 256.7 2.6
TL 1790355591.889 199.8 2.7
TL 1790355591.990 381.9 3.1
TL 1790355592.090 255.8 2.6
TL 1790355592.190 485.2 2.9
TL 1790355592.290 264.1 2.7
TL 1790355592.390 181.9 2.4
TL 1790355592.490 293.9 2.2
TL 1790355592.591 175.8 2.2
TL 1790355592.691 186.3 2.8
TL 1790355592.791 507.6 2.7
TL 1790355592.891 287.7 2.6
TL 1790355592.991 221.0 2.8
TL 1790355593.092 431.7 2.3
TL 1790355593.192 274.6 3.3
TL 1790355593.292 439.4 3.0
TL 1790355593.392 215.3 3.5
TL 1790355593.492 280.7 2.5
TL 1790355593.592 135.7 2.0
TL 1790355593.692 218.6 3.6
TL 1790355593.793 347.2 2.4
TL 1790355593.893 198.0 2.6
TL 1790355593.993 818.6 2.5
TL 1790355594.093 201.1 2.8
TL 1790355594.193 204.1 3.5
TL 1790355594.294 278.9 2.8
TL 1790355594.394 249.2 3.3
TL 1790355594.494 169.9 2.2
TL 1790355594.594 128.5 15.7
TL 1790355594.695 214.4 3.0
TL 1790355594.795 321.3 3.2
TL 1790355594.895 561.6 2.8
TL 1790355594.996 452.7 2.7
TL 1790355595.095 167.6 2.7
TL 1790355595.196 208.3 2.5
TL 1790355595.296 182.6 700.4
TL 1790355595.396 282.6 3.5
TL 1790355595.496 156.1 2.2
TL 1790355595.596 74.4 0.8
TL 1790355595.696 148.6 2.2
TL 1790355595.797 185.5 2.2
TL 1790355595.897 380.1 2.4
TL 1790355596.000 3276.1 2.1
TL 1790355596.097 128.2 1.8
TL 1790355596.197 227.1 2.6
TL 1790355596.297 162.2 2.4
TL 1790355596.397 145.1 2.2
TL 1790355596.499 257.5 3.1
TL 1790355596.599 173.0 1.2
TL 1790355596.699 223.6 3.6
TL 1790355596.799 256.5 3.1
TL 1790355596.900 244.0 3.5
TL 1790355597.003 190.6 3.3
TL 1790355597.103 167.2 2.3
TL 1790355597.203 261.2 2.3
TL 1790355597.304 348.0 2.9
TL 1790355597.404 283.3 2.7
TL 1790355597.504 147.3 1.8
TL 1790355597.605 114.5 1.3
TL 1790355597.705 207.7 3.1
TL 1790355597.805 184.1 3.0
TL 1790355597.905 397.1 2.7
TL 1790355598.005 331.8 2.3
TL 1790355598.106 528.3 3.1
TL 1790355598.206 452.6 3.2
TL 1790355598.306 375.6 4.3
TL 1790355598.406 286.7 3.1
TL 1790355598.506 572.6 2.8
TL 1790355598.606 143.5 2.5
TL 1790355598.706 173.8 3.1
TL 1790355598.807 162.4 2.7
TL 1790355598.907 396.4 3.1
TL 1790355599.007 390.4 2.2
TL 1790355599.108 402.6 3.2
TL 1790355599.208 195.5 2.7
TL 1790355599.308 174.2 2.2
TL 1790355599.408 509.7 2.6
TL 1790355599.508 295.1 2.9
TL 1790355599.608 234.2 2.8
TL 1790355599.708 303.9 3.7
TL 1790355599.808 148.7 3.0
TL 1790355599.908 186.9 2.7
TL 1790355600.009 145.8 2.7
TL 1790355600.109 229.5 2.7
TL 1790355600.209 204.3 3.1
TL 1790355600.309 237.2 3.0
TL 1790355600.410 482.2 3.1
TL 1790355600.509 214.7 2.9
TL 1790355600.610 348.8 2.5
TL 1790355600.710 205.5 3.1
TL 1790355600.810 120.2 1.8
TL 1790355600.910 254.3 1.8
TL 1790355601.010 232.9 3.4
TL 1790355601.110 204.7 2.9
TL 1790355601.210 361.2 3.1
TL 1790355601.310 228.1 2.7
TL 1790355601.410 196.2 3.6
TL 1790355601.511 268.4 2.6
TL 1790355601.611 541.6 2.7
TL 1790355601.711 443.8 3.4
TL 1790355601.811 466.2 3.2
TL 1790355601.911 255.1 3.3
TL 1790355602.011 296.4 2.4
TL 1790355602.112 531.0 3.4
TL 1790355602.211 158.8 2.4
TL 1790355602.312 392.5 2.3
TL 1790355602.412 648.8 3.1
TL 1790355602.512 235.4 2.5
TL 1790355602.613 720.7 3.1
TL 1790355602.713 650.8 2.9
TL 1790355602.813 134.5 1.8
TL 1790355602.913 194.4 1.7
TL 1790355603.013 489.1 2.5
TL 1790355603.113 165.8 3.3
TL 1790355603.214 687.1 3.1
TL 1790355603.314 297.7 3.0
TL 1790355603.414 243.7 3.0
TL 1790355603.514 438.1 2.6
TL 1790355603.614 435.3 2.9
TL 1790355603.714 198.2 3.4
TL 1790355603.815 619.8 2.7
TL 1790355603.915 325.6 2.4
TL 1790355604.015 232.7 2.5
TL 1790355604.115 323.3 3.0
TL 1790355604.215 144.0 2.5
TL 1790355604.316 476.3 2.0
TL 1790355604.416 464.0 2.2
TL 1790355604.516 233.9 2.1
TL 1790355604.616 346.1 2.0
TL 1790355604.716 179.9 2.6
TL 1790355604.817 524.6 2.7
TL 1790355604.917 198.6 3.2
TL 1790355605.017 281.6 2.9
TL 1790355605.117 141.8 2.5
TL 1790355605.217 218.6 3.0
TL 1790355605.317 207.7 2.8
TL 1790355605.417 172.9 3.2
TL 1790355605.517 209.3 3.0
TL 1790355605.618 334.8 2.5
TL 1790355605.718 822.3 2.6
TL 1790355605.818 342.1 2.2
TL 1790355605.918 244.2 2.4
TL 1790355606.018 170.4 2.4
TL 1790355606.121 744.6 2.2
TL 1790355606.220 313.6 3.0
TL 1790355606.321 366.0 3.2
TL 1790355606.420 124.1 2.4
TL 1790355606.522 416.5 3.0
TL 1790355606.623 474.0 2.0
TL 1790355606.723 204.5 3.2
TL 1790355606.823 251.0 3.5
TL 1790355606.923 237.5 2.7
TL 1790355607.023 221.3 3.0
TL 1790355607.127 3173.2 3.3
TL 1790355607.224 197.5 3.3
TL 1790355607.324 307.5 2.7
TL 1790355607.424 250.9 3.1
TL 1790355607.524 293.4 3.2
TL 1790355607.624 227.0 2.4
TL 1790355607.724 297.7 2.6
TL 1790355607.825 152.3 2.4
TL 1790355607.925 297.5 3.0
TL 1790355608.025 507.7 2.9
TL 1790355608.125 353.2 3.7
TL 1790355608.225 385.5 2.9
TL 1790355608.325 289.1 2.8
TL 1790355608.426 353.5 4.1
TL 1790355608.526 439.9 3.1
TL 1790355608.626 343.4 3.0
TL 1790355608.726 267.8 3.2
TL 1790355608.826 409.9 4.1
TL 1790355608.926 284.5 3.2
TL 1790355609.027 453.1 3.2
TL 1790355609.127 415.1 3.9
TL 1790355609.227 369.6 2.6
TL 1790355609.327 319.3 2.6
TL 1790355609.428 459.7 3.4
TL 1790355609.528 357.0 3.8
TL 1790355609.628 372.9 3.9
TL 1790355609.728 295.6 3.7
TL 1790355609.830 1428.8 3.2
TL 1790355609.929 635.1 3.7
TL 1790355610.029 418.6 2.8
TL 1790355610.129 294.9 3.6
TL 1790355610.230 1369.0 3.6
TL 1790355610.330 406.0 3.5
TL 1790355610.430 231.2 3.2
TL 1790355610.530 211.8 2.7
TL 1790355610.630 178.5 3.4
TL 1790355610.731 422.2 2.0
TL 1790355610.831 349.5 2.3
TL 1790355610.931 263.7 2.9
TL 1790355611.031 89.5 1.7
TL 1790355611.131 101.8 3.8
TL 1790355611.231 141.6 2.3
TL 1790355611.332 261.0 3.5
TL 1790355611.432 312.0 2.6
TL 1790355611.532 378.6 4.1
TL 1790355611.632 421.0 2.6
TL 1790355611.733 406.7 3.1
TL 1790355611.833 268.6 1.9
TL 1790355611.933 294.6 3.3
TL 1790355612.033 377.2 3.1
TL 1790355612.133 356.0 3.1
TL 1790355612.234 415.2 3.7
TL 1790355612.335 322.6 3.2
TL 1790355612.435 246.5 3.9
TL 1790355612.535 457.9 3.3
TL 1790355612.635 250.4 3.2
TL 1790355612.735 210.6 3.0
TL 1790355612.836 257.6 3.5
TL 1790355612.936 149.9 2.3
TL 1790355613.036 138.4 2.4
TL 1790355613.136 363.1 3.0
TL 1790355613.237 476.1 3.9
TL 1790355613.337 227.3 3.6
TL 1790355613.437 260.9 4.9
TL 1790355613.538 1414.6 4.3
TL 1790355613.637 335.2 3.3
TL 1790355613.738 328.1 3.0
TL 1790355613.838 261.3 2.3
TL 1790355613.938 437.1 3.4
TL 1790355614.038 220.0 3.9
TL 1790355614.139 616.1 3.0
TL 1790355614.239 452.7 3.5
TL 1790355614.339 321.7 3.5
TL 1790355614.439 394.1 3.3
TL 1790355614.539 323.3 3.0
TL 1790355614.640 223.6 3.2
TL 1790355614.740 272.1 3.3
TL 1790355614.840 461.3 3.6
TL 1790355614.940 304.7 3.6
TL 1790355615.041 252.2 3.6
TL 1790355615.141 657.1 3.5
TL 1790355615.241 135.0 2.1
TL 1790355615.341 246.5 3.4
TL 1790355615.441 149.2 2.0
TL 1790355615.541 148.3 2.5
TL 1790355615.642 359.4 3.0
TL 1790355615.744 186.5 0.8
TL 1790355615.844 248.0 3.6
TL 1790355615.944 203.1 3.0
TL 1790355616.045 627.9 4.0
TL 1790355616.145 381.6 3.4
TL 1790355616.245 352.0 3.2
TL 1790355616.345 386.1 3.3
TL 1790355616.446 444.6 3.6
TL 1790355616.545 293.4 3.5
TL 1790355616.646 171.5 2.5
TL 1790355616.746 237.2 3.3
TL 1790355616.846 251.7 3.0
TL 1790355616.946 232.1 2.4
TL 1790355617.046 338.8 3.2
TL 1790355617.146 236.4 2.7
TL 1790355617.247 490.7 3.6
TL 1790355617.347 432.4 2.7
TL 1790355617.447 299.5 3.3
TL 1790355617.547 137.3 2.1
TL 1790355617.648 419.1 4.3
TL 1790355617.747 136.6 2.2
TL 1790355617.848 124.6 2.2
TL 1790355617.948 263.9 3.2
TL 1790355618.048 340.1 3.1
TL 1790355618.149 399.0 3.7
TL 1790355618.248 140.5 2.3
TL 1790355618.349 250.5 2.6
TL 1790355618.449 130.9 1.9
TL 1790355618.549 285.4 3.5
TL 1790355618.649 303.3 2.6
TL 1790355618.749 169.6 1.7
TL 1790355618.849 221.5 3.4
TL 1790355618.950 340.7 2.8
TL 1790355619.050 200.4 3.2
TL 1790355619.150 496.0 3.4
TL 1790355619.250 534.7 3.4
TL 1790355619.350 264.3 3.4
TL 1790355619.451 322.3 2.3
TL 1790355619.551 386.8 3.6
TL 1790355619.651 239.4 2.3
TL 1790355619.751 256.8 2.8
TL 1790355619.851 245.6 2.0
TL 1790355619.951 202.2 2.0
TL 1790355620.051 338.9 3.3
TL 1790355620.151 244.9 2.7
TL 1790355620.251 309.1 3.2
TL 1790355620.352 360.7 3.6
TL 1790355620.452 128.7 2.2
TL 1790355620.552 332.9 3.7
TL 1790355620.652 370.1 3.3
TL 1790355620.752 253.0 2.9
TL 1790355620.853 268.9 3.1
TL 1790355620.953 790.7 2.9
TL 1790355621.054 469.5 3.4
TL 1790355621.154 642.6 3.0
TL 1790355621.254 243.6 3.1
TL 1790355621.354 443.0 2.8
TL 1790355621.454 251.9 3.4
TL 1790355621.554 287.7 3.9
TL 1790355621.655 384.5 3.5
TL 1790355621.755 209.2 2.3
TL 1790355621.855 214.1 3.1
TL 1790355621.955 146.5 2.0
TL 1790355622.055 132.3 2.2
TL 1790355622.155 196.8 2.3
TL 1790355622.255 160.5 2.3
TL 1790355622.355 128.7 2.1
TL 1790355622.456 290.6 2.6
TL 1790355622.556 345.7 2.2
TL 1790355622.656 333.6 3.1
TL 1790355622.756 273.1 2.9
TL 1790355622.856 245.0 2.9
TL 1790355622.957 314.4 3.2
TL 1790355623.057 397.3 4.5
TL 1790355623.157 322.2 3.3
TL 1790355623.257 271.7 3.6
TL 1790355623.357 403.1 3.4
TL 1790355623.457 348.6 3.4
TL 1790355623.558 833.1 3.0
TL 1790355623.658 326.4 3.4
TL 1790355623.758 121.5 1.0
TL 1790355623.858 216.1 2.6
TL 1790355623.958 369.4 2.1
TL 1790355624.058 444.6 3.1
TL 1790355624.158 336.1 3.1
TL 1790355624.259 144.4 2.1
TL 1790355624.359 321.5 3.5
TL 1790355624.459 252.9 2.9
TL 1790355624.560 585.2 3.2
TL 1790355624.659 283.8 3.3
TL 1790355624.759 81.6 0.8
TL 1790355624.861 476.5 3.6
TL 1790355624.961 263.5 2.3
TL 1790355625.061 216.8 1.9
TL 1790355625.161 273.0 3.3
TL 1790355625.262 285.7 3.3
TL 1790355625.362 362.9 3.9
TL 1790355625.462 418.6 3.7
TL 1790355625.562 425.7 4.0
TL 1790355625.662 130.6 2.0
TL 1790355625.762 136.1 0.8
TL 1790355625.862 328.4 3.9
TL 1790355625.963 308.1 3.6
TL 1790355626.063 519.7 2.9
TL 1790355626.163 331.6 3.8
TL 1790355626.263 199.0 2.0
TL 1790355626.364 325.2 2.8
TL 1790355626.465 365.2 4.1
TL 1790355626.565 399.4 3.5
TL 1790355626.665 452.1 3.5
TL 1790355626.765 362.9 2.0
TL 1790355626.865 256.8 3.5
TL 1790355626.965 148.4 2.1
TL 1790355627.066 193.2 3.3
TL 1790355627.166 464.7 3.0
TL 1790355627.266 257.3 3.4
TL 1790355627.366 224.4 3.4
TL 1790355627.466 398.3 3.1
TL 1790355627.566 389.9 3.2
TL 1790355627.667 605.5 1.8
TL 1790355627.767 289.8 3.1
TL 1790355627.867 241.5 2.6
TL 1790355627.967 246.1 2.9
TL 1790355628.067 161.6 2.4
TL 1790355628.167 227.0 2.5
TL 1790355628.267 341.2 3.4
TL 1790355628.368 507.4 3.1
TL 1790355628.468 329.3 2.0
TL 1790355628.568 267.5 2.9
TL 1790355628.668 128.9 2.3
TL 1790355628.768 266.0 3.1
TL 1790355628.869 449.5 3.6
TL 1790355628.969 591.1 3.3
TL 1790355629.069 218.0 2.9
TL 1790355629.170 350.8 2.9
TL 1790355629.270 301.0 2.9
TL 1790355629.370 311.2 4.0
TL 1790355629.470 356.2 3.5
TL 1790355629.570 406.1 3.0
TL 1790355629.670 264.0 3.8
TL 1790355629.771 436.2 3.3
TL 1790355629.871 306.0 3.1
TL 1790355629.971 453.6 2.6
TL 1790355630.071 314.7 2.9
TL 1790355630.171 236.8 2.9
TL 1790355630.272 791.9 2.0
TL 1790355630.371 262.2 3.1
TL 1790355630.471 262.4 3.6
TL 1790355630.572 324.2 3.2
TL 1790355630.672 339.9 3.1
TL 1790355630.772 278.4 3.0
TL 1790355630.873 305.2 2.8
TL 1790355630.973 382.6 2.4
TL 1790355631.073 256.6 3.3
TL 1790355631.173 255.7 3.2
TL 1790355631.275 265.4 3.7
TL 1790355631.376 710.2 3.6
TL 1790355631.476 268.5 4.6
TL 1790355631.576 462.6 3.2
TL 1790355631.676 461.8 3.2
TL 1790355631.776 321.0 3.6
TL 1790355631.877 222.6 3.5
TL 1790355631.977 271.6 2.7
TL 1790355632.077 327.9 2.9
TL 1790355632.177 341.7 3.2
TL 1790355632.277 177.2 2.1
TL 1790355632.378 421.4 3.5
TL 1790355632.477 217.4 4.5
TL 1790355632.578 341.5 3.4
TL 1790355632.678 322.9 2.9
TL 1790355632.779 609.4 3.8
TL 1790355632.879 656.4 3.0
TL 1790355632.979 165.0 2.5
TL 1790355633.079 529.3 3.4
TL 1790355633.179 258.4 2.6
TL 1790355633.279 273.3 3.7
TL 1790355633.380 492.6 4.2
TL 1790355633.480 458.6 3.7
TL 1790355633.581 655.2 3.6
TL 1790355633.681 398.4 3.0
TL 1790355633.781 518.4 3.1
TL 1790355633.881 192.5 3.2
TL 1790355633.981 277.8 3.4
TL 1790355634.081 402.3 3.1
TL 1790355634.182 315.6 2.4
TL 1790355634.282 406.4 2.5
TL 1790355634.382 430.3 3.5
TL 1790355634.482 510.0 3.1
TL 1790355634.582 188.2 2.9
TL 1790355634.682 399.5 2.8
TL 1790355634.782 270.4 3.1
TL 1790355634.883 242.5 3.1
TL 1790355634.983 370.2 2.9
TL 1790355635.083 555.7 2.3
TL 1790355635.183 393.9 3.8
TL 1790355635.283 508.3 3.3
TL 1790355635.383 362.7 3.3
TL 1790355635.483 162.6 2.1
TL 1790355635.584 964.8 2.0
TL 1790355635.683 135.7 2.4
TL 1790355635.784 246.8 2.4
TL 1790355635.884 722.0 3.7
TL 1790355635.984 477.8 4.4
TL 1790355636.084 438.4 3.2
TL 1790355636.184 340.3 3.2
TL 1790355636.284 276.8 2.2
TL 1790355636.385 361.2 2.1
TL 1790355636.485 220.0 3.3
TL 1790355636.585 270.8 3.8
TL 1790355636.686 493.9 3.3
TL 1790355636.786 407.3 3.1
TL 1790355636.886 346.5 2.9
TL 1790355636.986 260.3 3.0
TL 1790355637.086 203.1 3.0
TL 1790355637.187 279.6 3.9
TL 1790355637.287 295.2 3.5
TL 1790355637.388 1571.5 4.3
TL 1790355637.488 304.4 3.6
TL 1790355637.588 241.8 3.2
TL 1790355637.688 691.5 3.8
TL 1790355637.788 433.2 3.6
TL 1790355637.888 418.8 3.5
TL 1790355637.989 500.7 3.2
TL 1790355638.089 564.7 3.7
TL 1790355638.189 327.7 3.3
TL 1790355638.289 312.0 2.6
TL 1790355638.389 184.4 2.6
TL 1790355638.489 154.9 2.7
TL 1790355638.589 118.3 1.0
TL 1790355638.690 823.0 3.5
TL 1790355638.790 140.6 2.4
TL 1790355638.890 415.3 3.0
TL 1790355638.990 452.8 3.1
TL 1790355639.090 210.4 3.3
TL 1790355639.190 311.4 3.2
TL 1790355639.291 486.0 3.6
TL 1790355639.391 431.1 3.3
TL 1790355639.491 445.6 3.5
TL 1790355639.591 420.1 3.1
TL 1790355639.691 199.5 2.3
TL 1790355639.791 376.6 2.6
TL 1790355639.891 149.1 2.0
TL 1790355639.992 922.6 3.0
TL 1790355640.092 392.0 4.4
TL 1790355640.192 271.7 5.2
TL 1790355640.293 256.3 3.6
TL 1790355640.393 584.6 2.8
TL 1790355640.493 274.1 3.5
TL 1790355640.593 461.3 3.2
TL 1790355640.693 299.3 2.6
TL 1790355640.793 411.4 3.8
TL 1790355640.894 857.4 2.9
TL 1790355640.994 240.1 2.8
TL 1790355641.094 370.5 3.2
TL 1790355641.194 158.2 2.5
TL 1790355641.294 327.8 3.6
TL 1790355641.394 264.8 3.3
TL 1790355641.495 762.0 3.5
TL 1790355641.595 369.2 3.2
TL 1790355641.695 238.5 2.8
TL 1790355641.795 162.6 1.8
TL 1790355641.895 254.0 3.9
TL 1790355641.995 386.9 2.8
TL 1790355642.096 507.9 3.7
TL 1790355642.196 276.2 2.2
TL 1790355642.297 681.4 3.1
TL 1790355642.397 164.6 2.4
TL 1790355642.497 214.7 3.5
TL 1790355642.598 581.0 3.1
TL 1790355642.698 341.5 3.3
TL 1790355642.798 194.6 2.7
TL 1790355642.898 387.5 2.7
TL 1790355642.999 416.3 1.3
TL 1790355643.099 283.6 3.4
TL 1790355643.199 340.3 3.1
TL 1790355643.299 514.5 3.5
TL 1790355643.400 521.0 3.3
TL 1790355643.500 489.0 3.9
TL 1790355643.600 498.2 3.2
TL 1790355643.700 356.3 2.1
TL 1790355643.800 435.1 2.9
TL 1790355643.900 235.5 3.5
TL 1790355644.000 318.6 2.4
TL 1790355644.101 401.8 4.1
TL 1790355644.201 628.2 3.3
TL 1790355644.302 1217.2 3.4
TL 1790355644.401 345.8 3.9
TL 1790355644.501 232.4 3.1
TL 1790355644.601 400.3 3.2
TL 1790355644.702 806.8 3.2
TL 1790355644.801 207.1 2.6
TL 1790355644.902 460.8 3.8
TL 1790355645.002 316.8 3.2
TL 1790355645.102 247.9 3.1
TL 1790355645.202 530.1 3.2
TL 1790355645.302 533.7 3.1
TL 1790355645.402 301.1 3.5
TL 1790355645.502 257.8 3.1
TL 1790355645.603 337.8 3.7
TL 1790355645.703 388.9 3.6
TL 1790355645.803 493.9 2.6
TL 1790355645.903 193.5 2.5
TL 1790355646.003 486.3 3.3
TL 1790355646.103 308.4 3.6
TL 1790355646.203 408.1 3.2
TL 1790355646.304 373.3 3.3
TL 1790355646.404 297.2 2.1
TL 1790355646.505 948.9 3.6
TL 1790355646.604 354.2 3.1
TL 1790355646.704 316.9 2.9
TL 1790355646.804 178.4 3.6
TL 1790355646.905 347.3 3.6
TL 1790355647.005 368.6 2.9
TL 1790355647.105 174.1 2.7
TL 1790355647.205 400.4 3.6
TL 1790355647.305 393.7 2.6
TL 1790355647.406 478.3 4.1
TL 1790355647.505 122.4 1.6
TL 1790355647.606 239.6 2.5
TL 1790355647.706 302.0 3.7
TL 1790355647.807 522.8 3.3
TL 1790355647.906 238.7 2.8
TL 1790355648.008 328.8 1.9
TL 1790355648.108 355.7 2.2
TL 1790355648.208 117.9 2.3
TL 1790355648.308 349.7 3.0
TL 1790355648.409 378.7 3.9
TL 1790355648.509 497.2 3.7
TL 1790355648.609 149.1 1.6
TL 1790355648.709 370.4 3.3
TL 1790355648.809 89.0 1.6
TL 1790355648.909 208.4 2.9
TL 1790355649.010 551.3 2.9
TL 1790355649.110 327.4 3.7
TL 1790355649.210 256.7 2.8
TL 1790355649.310 208.9 3.4
TL 1790355649.410 174.8 2.4
TL 1790355649.511 230.5 2.6
TL 1790355649.611 149.0 2.5
TL 1790355649.711 134.9 2.1
TL 1790355649.812 1053.7 2.3
TL 1790355649.911 194.3 2.0
TL 1790355650.011 182.3 3.1
TL 1790355650.111 223.0 2.0
TL 1790355650.212 236.0 2.9
TL 1790355650.312 378.5 1.9
TL 1790355650.412 426.9 2.8
TL 1790355650.513 321.6 3.6
TL 1790355650.613 403.9 2.1
TL 1790355650.713 251.6 3.1
TL 1790355650.813 230.8 1.7
TL 1790355650.913 206.3 1.8
TL 1790355651.013 221.1 2.8
TL 1790355651.114 425.3 3.5
TL 1790355651.214 289.6 3.2
TL 1790355651.314 476.8 3.4
TL 1790355651.414 87.9 1.9
TL 1790355651.514 255.5 3.1
TL 1790355651.615 903.3 3.3
TL 1790355651.715 300.7 2.1
TL 1790355651.815 251.1 2.9
TL 1790355651.915 114.4 2.0
TL 1790355652.016 230.3 2.6
TL 1790355652.116 186.0 2.4
TL 1790355652.217 603.9 2.2
TL 1790355652.317 321.3 2.5
TL 1790355652.417 302.4 3.9
TL 1790355652.517 174.8 2.2
TL 1790355652.618 351.4 3.9
TL 1790355652.718 117.5 2.0
TL 1790355652.818 240.4 3.4
TL 1790355652.918 234.8 1.8
TL 1790355653.018 203.6 3.0
TL 1790355653.119 351.0 3.9
TL 1790355653.219 139.6 15.4
TL 1790355653.319 640.6 3.4
TL 1790355653.419 269.4 2.7
TL 1790355653.519 351.1 2.9
TL 1790355653.620 605.4 3.0
TL 1790355653.719 162.0 2.0
TL 1790355653.820 411.2 2.0
TL 1790355653.920 239.1 2.5
TL 1790355654.021 241.0 3.2
TL 1790355654.122 338.6 3.3
TL 1790355654.222 329.3 2.9
TL 1790355654.322 275.5 3.6
TL 1790355654.422 608.0 3.3
TL 1790355654.522 453.3 3.4
TL 1790355654.622 108.3 1.4
TL 1790355654.723 280.2 3.0
TL 1790355654.822 120.5 1.9
TL 1790355654.923 116.2 0.6
TL 1790355655.023 429.1 3.0
TL 1790355655.123 168.1 2.4
TL 1790355655.224 360.9 3.0
TL 1790355655.324 279.7 2.3
TL 1790355655.424 644.3 3.3
TL 1790355655.525 596.6 4.6
TL 1790355655.625 540.5 3.3
TL 1790355655.725 288.1 3.3
TL 1790355655.825 368.8 3.1
TL 1790355655.925 96.5 0.9
TL 1790355656.025 401.1 4.7
TL 1790355656.126 328.3 4.3
TL 1790355656.226 250.8 2.6
TL 1790355656.326 315.3 3.3
TL 1790355656.426 210.1 3.6
TL 1790355656.526 170.2 2.3
TL 1790355656.626 151.0 1.6
TL 1790355656.727 683.1 3.0
TL 1790355656.827 344.0 2.9
TL 1790355656.927 204.4 1.1
TL 1790355657.027 630.9 3.9
TL 1790355657.127 341.4 3.1
TL 1790355657.227 310.9 2.8
TL 1790355657.328 258.0 2.9
TL 1790355657.428 346.5 1.8
TL 1790355657.528 256.3 2.9
TL 1790355657.628 505.2 3.1
TL 1790355657.729 837.0 2.6
TL 1790355657.828 294.5 3.1
TL 1790355657.929 269.8 3.4
TL 1790355658.029 572.3 2.6
TL 1790355658.129 376.4 2.6
TL 1790355658.229 322.6 2.7
TL 1790355658.330 752.1 3.6
TL 1790355658.430 688.3 3.4
TL 1790355658.530 459.1 3.8
TL 1790355658.630 254.8 3.1
TL 1790355658.730 267.0 3.0
TL 1790355658.831 603.4 3.2
TL 1790355658.931 637.0 3.5
TL 1790355659.031 773.5 3.4
TL 1790355659.131 417.8 4.2
TL 1790355659.231 709.3 3.3
TL 1790355659.331 199.5 3.6
TL 1790355659.431 397.3 3.1
TL 1790355659.532 356.3 2.2
TL 1790355659.632 576.1 92.1
TL 1790355659.732 354.2 2.8
TL 1790355659.832 301.3 3.1
TL 1790355659.933 347.0 2.4
TL 1790355660.033 758.6 4.1
TL 1790355660.133 433.6 3.1
TL 1790355660.233 332.4 2.4
TL 1790355660.333 219.1 3.9
TL 1790355660.433 278.3 2.5
TL 1790355660.533 256.1 2.1
TL 1790355660.634 585.7 3.3
TL 1790355660.734 349.0 3.2
TL 1790355660.834 410.6 3.4
TL 1790355660.934 264.3 2.9
TL 1790355661.034 267.3 1.8
TL 1790355661.135 304.7 67.2
TL 1790355661.235 291.6 2.8
TL 1790355661.335 305.7 3.1
TL 1790355661.436 330.6 5.3
TL 1790355661.536 652.3 3.4
TL 1790355661.636 582.0 3.0
TL 1790355661.736 181.9 2.5
TL 1790355661.837 256.9 3.1
TL 1790355661.937 240.4 2.8
TL 1790355662.037 628.1 3.5
TL 1790355662.137 527.3 3.2
TL 1790355662.237 308.8 3.6
TL 1790355662.337 111.2 2.0
TL 1790355662.438 247.0 2.8
TL 1790355662.538 343.0 3.7
TL 1790355662.638 146.9 2.5
TL 1790355662.738 322.4 2.9
TL 1790355662.838 223.0 2.4
TL 1790355662.938 304.9 3.0
TL 1790355663.039 276.1 2.8
TL 1790355663.139 238.5 3.5
TL 1790355663.239 321.7 3.0
TL 1790355663.339 374.2 3.4
TL 1790355663.440 404.6 3.2
TL 1790355663.540 396.3 3.0
TL 1790355663.640 339.4 2.5
TL 1790355663.740 336.9 3.7
TL 1790355663.841 453.3 2.7
TL 1790355663.941 268.1 3.7
TL 1790355664.041 269.6 2.8
TL 1790355664.141 125.1 1.9
TL 1790355664.241 366.6 3.4
TL 1790355664.342 820.2 3.6
TL 1790355664.442 934.1 2.5
TL 1790355664.542 692.7 2.2
TL 1790355664.642 402.9 3.1
TL 1790355664.742 460.8 2.9
TL 1790355664.842 276.4 3.2
TL 1790355664.942 253.7 4.0
TL 1790355665.042 167.5 3.6
TL 1790355665.143 341.4 4.1
TL 1790355665.243 402.2 3.7
TL 1790355665.343 326.6 199.1
TL 1790355665.443 359.5 4.3
TL 1790355665.543 261.9 3.6
TL 1790355665.644 504.5 2.4
TL 1790355665.743 166.7 2.1
TL 1790355665.844 228.6 2.2
TL 1790355665.944 263.0 4.1
TL 1790355666.044 289.1 3.3
TL 1790355666.144 404.5 2.9
TL 1790355666.244 146.1 2.6
TL 1790355666.345 336.1 4.0
TL 1790355666.445 208.9 3.3
TL 1790355666.545 225.4 2.9
TL 1790355666.646 484.5 2.4
TL 1790355666.746 447.0 3.7
TL 1790355666.846 240.2 3.6
TL 1790355666.946 270.9 3.5
TL 1790355667.046 346.3 3.0
TL 1790355667.146 241.3 3.9
TL 1790355667.246 337.1 3.5
TL 1790355667.347 228.9 3.4
TL 1790355667.448 373.6 3.6
TL 1790355667.548 355.9 3.5
TL 1790355667.648 295.6 3.1
TL 1790355667.748 365.1 3.8
TL 1790355667.849 234.4 3.5
TL 1790355667.949 330.1 3.0
TL 1790355668.049 547.0 2.5
TL 1790355668.149 263.7 3.5
TL 1790355668.249 350.4 3.3
TL 1790355668.349 244.5 3.5
TL 1790355668.450 258.2 4.4
TL 1790355668.550 282.2 2.3
TL 1790355668.650 252.0 2.6
TL 1790355668.750 367.3 2.8
TL 1790355668.850 288.7 2.8
TL 1790355668.951 579.9 3.3
TL 1790355669.050 130.5 1.8
TL 1790355669.151 321.0 3.2
TL 1790355669.251 185.8 2.4
TL 1790355669.351 467.1 3.4
TL 1790355669.451 159.3 2.7
TL 1790355669.552 259.1 3.6
TL 1790355669.654 178.2 2.3
TL 1790355669.754 215.4 2.7
TL 1790355669.854 337.4 3.0
TL 1790355669.954 145.8 2.2
TL 1790355670.054 131.2 2.0
TL 1790355670.155 454.0 3.6
TL 1790355670.255 264.5 3.4
TL 1790355670.355 319.6 3.4
TL 1790355670.455 308.2 3.8
TL 1790355670.555 109.2 1.8
TL 1790355670.655 161.5 2.0
TL 1790355670.756 338.9 3.2
TL 1790355670.856 396.7 3.5
TL 1790355670.956 198.3 2.0
TL 1790355671.056 153.1 2.2
TL 1790355671.156 389.9 3.7
TL 1790355671.257 755.1 2.1
TL 1790355671.357 429.4 3.2
TL 1790355671.457 422.4 3.4
TL 1790355671.557 388.4 3.3
TL 1790355671.657 543.2 3.8
TL 1790355671.757 289.2 3.3
TL 1790355671.857 416.9 3.4
TL 1790355671.958 268.1 3.6
TL 1790355672.058 128.6 1.6
TL 1790355672.158 271.2 3.1
TL 1790355672.258 318.0 3.2
TL 1790355672.358 264.8 3.3
TL 1790355672.458 275.6 2.8
TL 1790355672.558 279.5 3.5
TL 1790355672.658 167.7 2.6
TL 1790355672.758 261.0 2.6
TL 1790355672.859 296.1 2.8
TL 1790355672.959 203.6 3.0
TL 1790355673.059 315.3 2.6
TL 1790355673.160 232.9 2.7
TL 1790355673.260 408.4 3.9
TL 1790355673.360 248.5 3.1
TL 1790355673.460 172.0 1.4
TL 1790355673.561 263.2 3.9
TL 1790355673.661 485.6 3.2
TL 1790355673.761 397.7 2.7
TL 1790355673.862 421.5 3.5
TL 1790355673.961 172.9 2.2
TL 1790355674.062 185.8 2.3
TL 1790355674.162 292.3 3.7
TL 1790355674.264 1934.8 1.9
TL 1790355674.362 269.2 3.2
TL 1790355674.462 336.1 3.8
TL 1790355674.562 245.5 4.2
TL 1790355674.663 357.0 3.2
TL 1790355674.763 316.2 3.3
TL 1790355674.863 238.5 3.2
TL 1790355674.964 365.9 4.0
TL 1790355675.064 254.2 2.6
TL 1790355675.164 159.5 1.8
TL 1790355675.264 240.7 3.6
TL 1790355675.364 228.6 3.0
TL 1790355675.464 334.3 2.9
TL 1790355675.564 271.1 2.9
TL 1790355675.665 394.3 3.2
TL 1790355675.765 323.4 3.4
TL 1790355675.865 113.0 2.0
TL 1790355675.965 136.9 1.7
TL 1790355676.065 252.0 3.0
TL 1790355676.165 340.6 3.6
TL 1790355676.265 331.1 3.1
TL 1790355676.365 158.5 2.4
TL 1790355676.466 167.1 2.7
TL 1790355676.566 347.8 4.1
TL 1790355676.666 249.1 2.6
TL 1790355676.766 431.5 3.3
TL 1790355676.867 371.8 3.5
TL 1790355676.967 182.1 3.1
TL 1790355677.067 174.2 1.3
TL 1790355677.167 631.8 3.6
TL 1790355677.267 403.2 3.6
TL 1790355677.368 434.1 3.5
TL 1790355677.468 292.2 3.6
TL 1790355677.568 773.0 3.6
TL 1790355677.668 315.2 2.4
TL 1790355677.768 384.9 3.4
TL 1790355677.868 460.6 3.0
TL 1790355677.968 261.1 2.1
TL 1790355678.068 149.2 2.4
TL 1790355678.169 856.8 3.4
TL 1790355678.269 399.6 2.8
TL 1790355678.369 433.6 3.1
TL 1790355678.469 440.9 3.0
TL 1790355678.569 350.9 3.5
TL 1790355678.669 430.4 3.2
TL 1790355678.770 1458.2 2.2
TL 1790355678.869 229.9 3.2
TL 1790355678.969 259.8 2.3
TL 1790355679.069 117.0 1.6
TL 1790355679.170 140.3 2.0
TL 1790355679.270 139.5 1.9
TL 1790355679.370 321.0 3.4
TL 1790355679.471 435.9 3.7
TL 1790355679.571 374.2 3.4
TL 1790355679.671 462.1 3.5
TL 1790355679.771 315.0 4.1
TL 1790355679.871 352.9 3.4
TL 1790355679.971 443.8 2.6
TL 1790355680.071 115.8 1.6
TL 1790355680.171 345.6 2.0
TL 1790355680.272 249.8 3.3
TL 1790355680.372 350.8 2.0
TL 1790355680.472 276.1 3.2
TL 1790355680.572 262.4 4.1
TL 1790355680.672 438.8 3.9
TL 1790355680.773 371.0 3.6
TL 1790355680.873 487.5 2.8
TL 1790355680.973 364.8 3.7
TL 1790355681.073 120.8 1.4
TL 1790355681.174 336.1 2.6
TL 1790355681.274 334.1 3.3
TL 1790355681.374 410.7 3.9
TL 1790355681.474 300.1 2.8
TL 1790355681.574 116.9 2.6
TL 1790355681.674 343.8 3.6
TL 1790355681.774 124.3 1.7
TL 1790355681.875 408.8 2.7
TL 1790355681.975 500.2 3.3
TL 1790355682.075 69.6 0.7
TL 1790355682.175 337.7 3.0
TL 1790355682.276 1117.1 2.4
TL 1790355682.376 1325.3 3.2
TL 1790355682.475 147.2 2.3
TL 1790355682.576 480.0 4.5
TL 1790355682.677 795.6 3.6
TL 1790355682.777 483.1 3.3
TL 1790355682.877 398.8 3.3
TL 1790355682.978 259.2 1.9
TL 1790355683.078 177.4 2.3
TL 1790355683.178 363.2 3.3
TL 1790355683.278 260.3 3.4
TL 1790355683.379 707.2 2.7
TL 1790355683.479 226.9 3.5
TL 1790355683.579 334.5 2.2
TL 1790355683.679 157.2 2.6
TL 1790355683.779 151.6 2.1
TL 1790355683.879 294.8 2.6
TL 1790355683.979 470.1 3.0
TL 1790355684.079 428.5 3.5
TL 1790355684.180 429.6 3.2
TL 1790355684.280 251.1 3.1
TL 1790355684.380 603.0 3.1
TL 1790355684.480 209.6 3.1
TL 1790355684.580 151.9 2.3
TL 1790355684.680 288.9 2.4
TL 1790355684.780 150.4 1.9
TL 1790355684.881 258.4 4.0
TL 1790355684.981 341.0 4.4
TL 1790355685.082 398.2 3.6
TL 1790355685.182 651.3 3.0
TL 1790355685.282 549.5 3.9
TL 1790355685.382 256.3 3.4
TL 1790355685.482 197.3 2.9
TL 1790355685.582 329.8 2.8
TL 1790355685.683 554.7 2.3
TL 1790355685.783 660.2 3.7
TL 1790355685.883 762.3 3.3
TL 1790355685.983 455.5 3.5
TL 1790355686.083 444.1 3.1
TL 1790355686.183 293.7 2.9
TL 1790355686.283 178.3 2.1
TL 1790355686.384 258.3 2.8
TL 1790355686.484 338.4 1.9
TL 1790355686.584 230.4 3.6
TL 1790355686.685 749.3 3.5
TL 1790355686.784 385.5 3.3
TL 1790355686.884 355.2 3.0
TL 1790355686.985 364.2 2.6
TL 1790355687.085 213.8 2.4
TL 1790355687.185 205.1 2.2
TL 1790355687.285 329.5 2.9
TL 1790355687.385 351.2 2.1
TL 1790355687.485 414.1 3.1
TL 1790355687.585 222.6 3.7
TL 1790355687.686 442.9 3.0
TL 1790355687.786 252.1 2.4
TL 1790355687.886 207.3 3.4
TL 1790355687.986 248.5 3.4
TL 1790355688.087 684.0 3.6
TL 1790355688.187 462.2 3.5
TL 1790355688.287 395.4 3.4
TL 1790355688.387 216.5 2.3
TL 1790355688.487 310.2 3.4
TL 1790355688.587 228.2 2.1
TL 1790355688.688 287.4 3.4
TL 1790355688.788 617.6 4.1
TL 1790355688.888 362.8 2.9
TL 1790355688.988 146.3 1.9
TL 1790355689.089 758.5 3.1
TL 1790355689.189 372.0 2.4
TL 1790355689.289 376.1 3.2
TL 1790355689.389 563.0 4.2
TL 1790355689.489 264.4 4.8
TL 1790355689.589 185.8 2.9
TL 1790355689.689 286.5 3.6
TL 1790355689.790 279.1 2.3
TL 1790355689.890 156.8 2.3
TL 1790355689.990 351.4 2.1
TL 1790355690.090 192.6 2.8
TL 1790355690.190 350.4 3.4
TL 1790355690.290 350.8 3.5
TL 1790355690.390 404.4 3.6
TL 1790355690.491 225.2 3.7
TL 1790355690.591 157.8 2.7
TL 1790355690.691 268.9 2.2
TL 1790355690.792 328.8 2.9
TL 1790355690.892 243.0 2.4
TL 1790355690.992 217.0 1.9
TL 1790355691.092 160.9 2.5
TL 1790355691.192 262.7 2.7
TL 1790355691.293 632.9 3.5
TL 1790355691.392 149.7 2.1
TL 1790355691.493 323.1 3.0
TL 1790355691.593 176.0 2.9
TL 1790355691.693 254.7 3.0
TL 1790355691.794 406.6 2.4
TL 1790355691.894 162.4 2.5
TL 1790355691.994 506.5 2.4
TL 1790355692.094 611.9 4.1
TL 1790355692.194 622.1 3.3
TL 1790355692.295 726.9 3.0
TL 1790355692.394 158.6 2.0
TL 1790355692.494 226.5 2.3
TL 1790355692.595 193.9 1.9
TL 1790355692.695 242.3 3.3
TL 1790355692.795 344.5 3.1
TL 1790355692.895 332.9 2.9
TL 1790355692.996 183.0 2.6
TL 1790355693.096 584.1 2.3
TL 1790355693.196 253.2 2.0
TL 1790355693.297 617.1 4.0
TL 1790355693.397 372.0 3.2
TL 1790355693.497 695.9 2.8
TL 1790355693.597 385.6 3.5
TL 1790355693.697 263.2 3.0
TL 1790355693.797 327.4 4.1
TL 1790355693.898 616.7 2.8
TL 1790355693.998 380.3 3.1
TL 1790355694.098 258.5 3.3
TL 1790355694.198 115.9 1.9
TL 1790355694.299 1131.1 3.7
TL 1790355694.398 496.2 3.0
TL 1790355694.498 207.9 2.9
TL 1790355694.599 355.3 3.5
TL 1790355694.699 253.9 3.3
TL 1790355694.800 231.4 2.6
TL 1790355694.901 497.7 2.4
TL 1790355695.001 367.8 3.7
TL 1790355695.101 261.6 3.7
TL 1790355695.201 123.0 0.7
