TL 1790328634.272 82.8 1.0
TL 1790328634.373 143.1 2.8
TL 1790328634.473 103.5 1.5
TL 1790328634.573 531.7 3.9
TL 1790328634.673 194.4 2.0
TL 1790328634.774 319.9 2.1
TL 1790328634.874 233.2 2.3
TL 1790328634.974 252.9 3.0
TL 1790328635.074 135.9 1.4
TL 1790328635.174 102.9 1.6
TL 1790328635.274 291.1 1.7
TL 1790328635.375 316.3 3.5
TL 1790328635.475 532.7 3.4
TL 1790328635.575 308.2 2.0
TL 1790328635.675 118.4 1.4
TL 1790328635.775 187.6 2.7
TL 1790328635.875 136.0 1.6
TL 1790328635.975 138.9 1.4
TL 1790328636.075 102.1 2.1
TL 1790328636.176 351.8 3.2
TL 1790328636.276 272.8 1.7
TL 1790328636.376 348.8 4.6
TL 1790328636.476 221.6 1.7
TL 1790328636.577 302.7 2.6
TL 1790328636.677 318.7 3.4
TL 1790328636.777 254.5 2.5
TL 1790328636.877 412.4 3.8
TL 1790328636.977 92.5 2.0
TL 1790328637.078 353.1 2.8
TL 1790328637.178 352.8 3.1
TL 1790328637.278 129.7 0.8
TL 1790328637.378 357.7 2.7
TL 1790328637.478 196.9 2.3
TL 1790328637.578 260.8 2.6
TL 1790328637.679 503.2 3.0
TL 1790328637.779 89.3 0.9
TL 1790328637.879 83.6 2.4
TL 1790328637.979 276.0 2.1
TL 1790328638.080 570.0 2.7
TL 1790328638.179 238.7 1.9
TL 1790328638.280 272.1 1.5
TL 1790328638.380 258.2 4.2
TL 1790328638.481 416.1 3.1
TL 1790328638.581 241.9 2.9
TL 1790328638.681 149.2 2.4
TL 1790328638.781 106.0 0.8
TL 1790328638.881 73.3 1.3
TL 1790328638.981 347.5 2.3
TL 1790328639.081 99.6 1.9
TL 1790328639.182 489.5 3.5
TL 1790328639.282 200.8 1.4
TL 1790328639.383 343.0 4.2
TL 1790328639.483 185.7 2.2
TL 1790328639.583 73.4 1.9
TL 1790328639.683 115.1 2.1
TL 1790328639.783 119.3 0.6
TL 1790328639.884 64.3 2.6
TL 1790328639.984 79.3 2.5
TL 1790328640.085 991.5 3.1
TL 1790328640.184 87.4 3.5
TL 1790328640.284 125.3 1.0
TL 1790328640.385 291.4 2.6
TL 1790328640.485 149.6 3.0
TL 1790328640.585 96.5 2.0
TL 1790328640.685 199.0 2.0
TL 1790328640.785 114.7 1.3
TL 1790328640.885 94.0 2.2
TL 1790328640.985 152.0 3.2
TL 1790328641.085 92.5 2.8
TL 1790328641.185 282.2 2.0
TL 1790328641.285 70.1 0.8
TL 1790328641.386 120.8 3.1
TL 1790328641.486 120.8 1.4
TL 1790328641.586 86.6 2.2
TL 1790328641.686 107.2 2.1
TL 1790328641.786 75.6 1.5
TL 1790328641.886 93.0 1.8
TL 1790328641.986 124.0 1.9
TL 1790328642.087 871.9 1.9
TL 1790328642.187 118.0 2.1
TL 1790328642.287 81.0 0.7
TL 1790328642.387 156.6 3.2
TL 1790328642.487 69.7 2.0
TL 1790328642.587 262.4 3.2
TL 1790328642.687 93.8 2.6
TL 1790328642.787 123.6 1.0
TL 1790328642.887 95.0 2.4
TL 1790328642.988 87.0 1.8
TL 1790328643.088 76.2 1.4
TL 1790328643.188 216.3 2.0
TL 1790328643.288 194.5 0.8
TL 1790328643.388 113.2 1.6
TL 1790328643.488 110.8 1.6
TL 1790328643.588 94.0 1.4
TL 1790328643.689 297.8 1.6
TL 1790328643.789 378.8 0.9
TL 1790328643.889 229.4 1.5
TL 1790328643.989 292.4 2.3
TL 1790328644.091 1988.5 2.1
TL 1790328644.189 191.4 3.2
TL 1790328644.289 164.7 0.8
TL 1790328644.392 2619.8 2.1
TL 1790328644.489 90.7 1.7
TL 1790328644.590 173.2 2.0
TL 1790328644.702 12389.7 3.1
TL 1790328644.790 277.2 0.8
TL 1790328644.890 130.2 2.2
TL 1790328644.990 79.3 3.4
TL 1790328645.090 88.3 1.6
TL 1790328645.191 829.1 1.5
TL 1790328645.290 90.5 0.8
TL 1790328645.390 95.8 2.3
TL 1790328645.491 129.6 2.7
TL 1790328645.591 267.7 2.8
TL 1790328645.691 109.3 1.6
TL 1790328645.791 100.8 0.8
TL 1790328645.891 199.7 1.4
TL 1790328645.991 381.8 3.2
TL 1790328646.091 187.0 1.8
TL 1790328646.191 193.1 2.3
TL 1790328646.291 139.9 0.9
TL 1790328646.392 243.6 3.1
TL 1790328646.492 399.3 4.1
TL 1790328646.592 109.7 1.9
TL 1790328646.693 323.2 1.5
TL 1790328646.793 280.6 1.6
TL 1790328646.893 238.3 2.3
TL 1790328646.993 420.2 3.3
TL 1790328647.093 126.8 2.7
TL 1790328647.193 73.6 1.4
TL 1790328647.293 66.5 1.1
TL 1790328647.393 93.3 3.0
TL 1790328647.493 115.1 3.1
TL 1790328647.594 240.5 1.7
TL 1790328647.694 409.6 2.1
TL 1790328647.794 342.3 3.4
TL 1790328647.895 412.7 2.7
TL 1790328647.995 347.7 2.9
TL 1790328648.095 161.2 1.9
TL 1790328648.195 201.5 2.1
TL 1790328648.295 231.1 1.4
TL 1790328648.396 667.0 2.8
TL 1790328648.496 346.8 2.1
TL 1790328648.596 264.3 5.0
TL 1790328648.697 294.2 3.2
TL 1790328648.797 346.5 2.5
TL 1790328648.897 289.5 2.9
TL 1790328648.997 409.5 3.1
TL 1790328649.097 101.6 1.0
TL 1790328649.197 190.7 3.0
TL 1790328649.298 401.9 2.6
TL 1790328649.398 158.0 2.1
TL 1790328649.498 149.9 1.9
TL 1790328649.599 597.1 1.9
TL 1790328649.698 156.9 2.9
TL 1790328649.798 182.3 1.1
TL 1790328649.899 391.6 2.0
TL 1790328649.999 319.8 2.2
TL 1790328650.099 253.8 2.7
TL 1790328650.199 231.1 3.3
TL 1790328650.299 144.7 0.8
TL 1790328650.399 116.8 2.7
TL 1790328650.500 260.5 2.0
TL 1790328650.600 302.4 3.7
TL 1790328650.700 197.1 1.9
TL 1790328650.800 311.0 2.0
TL 1790328650.901 233.1 2.9
TL 1790328651.001 228.7 2.8
TL 1790328651.101 162.7 2.6
TL 1790328651.201 170.8 1.9
TL 1790328651.301 120.0 0.7
TL 1790328651.401 496.4 1.8
TL 1790328651.502 309.0 2.6
TL 1790328651.602 501.0 2.3
TL 1790328651.702 290.5 2.1
TL 1790328651.802 116.0 1.4
TL 1790328651.902 93.5 2.1
TL 1790328652.002 127.1 1.9
TL 1790328652.103 381.8 4.6
TL 1790328652.203 317.5 3.2
TL 1790328652.303 94.7 0.9
TL 1790328652.403 347.4 5.6
TL 1790328652.503 347.1 3.8
TL 1790328652.603 122.6 1.7
TL 1790328652.704 307.3 2.3
TL 1790328652.804 349.4 1.4
TL 1790328652.904 329.2 5.2
TL 1790328653.004 330.1 3.1
TL 1790328653.104 227.7 2.9
TL 1790328653.205 251.7 3.4
TL 1790328653.305 88.1 0.8
TL 1790328653.405 90.3 1.7
TL 1790328653.505 511.9 2.3
TL 1790328653.605 294.1 3.9
TL 1790328653.705 248.6 2.0
TL 1790328653.806 327.5 2.8
TL 1790328653.906 88.8 1.2
TL 1790328654.006 244.4 3.8
TL 1790328654.106 130.0 1.9
TL 1790328654.206 114.7 2.2
TL 1790328654.307 673.3 0.9
TL 1790328654.407 320.5 5.1
TL 1790328654.507 197.7 3.0
TL 1790328654.607 108.0 1.6
TL 1790328654.707 412.4 3.1
TL 1790328654.807 194.8 1.2
TL 1790328654.907 254.8 2.3
TL 1790328655.007 218.9 3.0
TL 1790328655.108 173.5 2.2
TL 1790328655.208 136.7 2.6
TL 1790328655.308 425.8 2.6
TL 1790328655.408 439.8 2.8
TL 1790328655.508 92.3 1.6
TL 1790328655.608 296.9 2.7
TL 1790328655.709 420.4 4.0
TL 1790328655.809 117.2 1.0
TL 1790328655.909 80.6 0.8
TL 1790328656.009 365.7 2.5
TL 1790328656.110 299.8 3.5
TL 1790328656.210 337.4 2.7
TL 1790328656.310 355.1 2.3
TL 1790328656.410 446.6 1.7
TL 1790328656.510 117.1 1.4
TL 1790328656.610 107.5 2.9
TL 1790328656.710 143.5 1.6
TL 1790328656.811 176.1 1.1
TL 1790328656.911 390.9 1.6
TL 1790328657.011 284.0 2.1
TL 1790328657.111 81.2 2.2
TL 1790328657.211 352.7 4.5
TL 1790328657.311 104.2 0.8
TL 1790328657.411 105.6 2.1
TL 1790328657.511 96.3 1.0
TL 1790328657.612 178.3 1.6
TL 1790328657.712 308.6 4.8
TL 1790328657.812 122.8 1.1
TL 1790328657.912 378.8 3.5
TL 1790328658.013 561.2 3.0
TL 1790328658.113 353.0 3.2
TL 1790328658.213 242.5 3.8
TL 1790328658.313 163.4 0.8
TL 1790328658.413 149.3 2.7
TL 1790328658.514 261.8 1.9
TL 1790328658.614 300.7 2.8
TL 1790328658.714 60.8 1.9
TL 1790328658.814 95.3 1.9
TL 1790328658.914 125.7 3.3
TL 1790328659.014 135.5 1.5
TL 1790328659.115 252.9 3.4
TL 1790328659.215 336.1 4.0
TL 1790328659.315 336.2 2.0
TL 1790328659.415 367.7 4.2
TL 1790328659.515 232.4 2.9
TL 1790328659.615 100.2 1.0
TL 1790328659.716 389.9 3.0
TL 1790328659.816 129.0 0.9
TL 1790328659.916 411.4 2.6
TL 1790328660.016 131.4 1.5
TL 1790328660.117 475.3 5.8
TL 1790328660.217 426.0 2.9
TL 1790328660.317 73.1 0.9
TL 1790328660.419 1798.2 3.9
TL 1790328660.517 184.3 1.7
TL 1790328660.618 275.1 2.8
TL 1790328660.718 313.7 3.7
TL 1790328660.818 157.9 1.0
TL 1790328660.919 1189.3 1.9
TL 1790328661.018 226.9 2.6
TL 1790328661.118 120.1 1.9
TL 1790328661.218 233.1 1.8
TL 1790328661.319 727.5 0.9
TL 1790328661.419 196.2 3.1
TL 1790328661.519 166.7 2.5
TL 1790328661.619 178.1 1.8
TL 1790328661.719 100.3 1.3
TL 1790328661.820 507.8 0.7
TL 1790328661.920 228.5 2.4
TL 1790328662.020 339.9 2.0
TL 1790328662.120 509.1 2.3
TL 1790328662.220 381.1 2.9
TL 1790328662.321 336.4 1.8
TL 1790328662.421 163.4 1.1
TL 1790328662.521 356.0 3.2
TL 1790328662.621 212.2 3.6
TL 1790328662.722 602.9 2.9
TL 1790328662.821 189.4 1.6
TL 1790328662.922 303.9 1.9
TL 1790328663.022 256.5 3.0
TL 1790328663.122 170.9 2.0
TL 1790328663.222 187.8 3.0
TL 1790328663.322 99.4 0.8
TL 1790328663.422 147.1 2.4
TL 1790328663.522 98.9 2.0
TL 1790328663.623 94.5 1.4
TL 1790328663.723 277.7 4.0
TL 1790328663.823 384.0 2.7
TL 1790328663.923 202.1 2.2
TL 1790328664.024 523.6 1.8
TL 1790328664.124 152.9 1.7
TL 1790328664.224 116.9 1.7
TL 1790328664.324 426.2 2.8
TL 1790328664.424 364.3 3.9
TL 1790328664.524 304.2 1.8
TL 1790328664.624 212.1 3.0
TL 1790328664.724 165.1 1.1
TL 1790328664.825 279.4 1.8
TL 1790328664.925 355.2 4.0
TL 1790328665.025 259.5 3.2
TL 1790328665.125 69.7 2.6
TL 1790328665.226 1023.0 1.8
TL 1790328665.326 1074.8 0.6
TL 1790328665.425 203.4 1.9
TL 1790328665.526 109.2 2.2
TL 1790328665.626 93.3 1.7
TL 1790328665.726 63.5 2.8
TL 1790328665.826 85.1 1.4
TL 1790328665.926 71.0 2.8
TL 1790328666.027 286.2 3.2
TL 1790328666.127 186.7 2.5
TL 1790328666.227 67.3 3.2
TL 1790328666.327 139.5 0.7
TL 1790328666.427 167.4 1.8
TL 1790328666.527 159.6 3.7
TL 1790328666.627 335.7 2.1
TL 1790328666.727 124.3 1.8
TL 1790328666.827 112.3 0.8
TL 1790328666.928 248.1 1.4
TL 1790328667.028 156.9 2.7
TL 1790328667.128 150.6 2.1
TL 1790328667.232 3437.0 3.6
TL 1790328667.328 72.9 0.8
TL 1790328667.429 194.5 2.2
TL 1790328667.529 197.8 3.2
TL 1790328667.629 73.2 2.0
TL 1790328667.729 86.1 2.2
TL 1790328667.829 93.2 0.8
TL 1790328667.929 202.8 2.0
TL 1790328668.029 91.5 2.6
TL 1790328668.130 688.0 2.6
TL 1790328668.230 136.0 2.6
TL 1790328668.330 306.1 1.8
TL 1790328668.430 175.4 1.6
TL 1790328668.530 167.6 1.9
TL 1790328668.630 105.9 1.8
TL 1790328668.731 680.9 11.4
TL 1790328668.831 174.0 1.0
TL 1790328668.931 223.6 3.2
TL 1790328669.032 240.8 2.8
TL 1790328669.132 731.0 2.2
TL 1790328669.232 295.3 4.9
TL 1790328669.332 143.4 1.2
TL 1790328669.432 118.9 1.6
TL 1790328669.533 246.2 2.3
TL 1790328669.633 193.4 2.7
TL 1790328669.733 148.3 1.1
TL 1790328669.833 145.7 0.8
TL 1790328669.933 206.7 1.7
TL 1790328670.033 133.8 1.6
TL 1790328670.133 147.6 1.5
TL 1790328670.233 71.9 2.0
TL 1790328670.333 156.9 1.1
TL 1790328670.434 217.0 1.7
TL 1790328670.534 151.4 1.9
TL 1790328670.634 73.3 2.6
TL 1790328670.734 204.5 1.6
TL 1790328670.834 81.2 1.1
TL 1790328670.934 163.1 1.7
TL 1790328671.034 119.4 1.7
TL 1790328671.135 403.3 2.4
TL 1790328671.235 259.6 2.9
TL 1790328671.335 136.0 1.0
TL 1790328671.435 137.3 2.4
TL 1790328671.535 184.5 1.8
TL 1790328671.635 606.7 2.7
TL 1790328671.735 127.0 1.6
TL 1790328671.835 111.9 0.8
TL 1790328671.936 222.0 1.8
TL 1790328672.036 418.9 3.2
TL 1790328672.136 231.9 3.7
TL 1790328672.236 169.1 3.1
TL 1790328672.337 346.0 1.7
TL 1790328672.437 281.2 3.2
TL 1790328672.537 146.6 1.5
TL 1790328672.637 90.7 1.5
TL 1790328672.737 76.6 1.6
TL 1790328672.837 227.4 1.1
TL 1790328672.937 64.8 1.9
TL 1790328673.037 93.3 2.8
TL 1790328673.137 86.6 1.5
TL 1790328673.238 180.5 2.4
TL 1790328673.338 203.4 0.8
TL 1790328673.438 200.8 2.6
TL 1790328673.538 182.8 3.1
TL 1790328673.638 107.6 1.8
TL 1790328673.738 80.1 1.8
TL 1790328673.839 206.5 1.5
TL 1790328673.939 228.0 2.1
TL 1790328674.039 312.5 4.8
TL 1790328674.139 273.0 3.4
TL 1790328674.239 108.7 2.9
TL 1790328674.339 191.9 2.0
TL 1790328674.440 326.5 3.3
TL 1790328674.540 393.9 19.9
TL 1790328674.640 129.5 1.8
TL 1790328674.740 105.9 1.7
TL 1790328674.840 63.6 0.9
TL 1790328674.941 344.0 3.1
TL 1790328675.041 442.4 5.0
TL 1790328675.141 96.2 3.4
TL 1790328675.241 160.1 2.0
TL 1790328675.341 60.0 1.1
TL 1790328675.441 102.5 1.6
TL 1790328675.541 56.5 1.4
TL 1790328675.642 648.1 3.2
TL 1790328675.742 309.6 3.8
TL 1790328675.842 62.2 1.0
TL 1790328675.943 383.0 4.9
TL 1790328676.043 249.8 3.0
TL 1790328676.143 105.1 1.4
TL 1790328676.243 170.7 3.4
TL 1790328676.343 85.2 0.8
TL 1790328676.443 269.3 2.3
TL 1790328676.543 191.4 5.3
TL 1790328676.643 303.5 3.5
TL 1790328676.744 223.1 3.1
TL 1790328676.844 168.1 1.1
TL 1790328676.944 85.4 1.7
TL 1790328677.044 101.0 1.5
TL 1790328677.144 94.5 3.2
TL 1790328677.244 302.2 2.1
TL 1790328677.344 300.5 1.8
TL 1790328677.444 196.6 1.5
TL 1790328677.545 313.1 3.1
TL 1790328677.645 71.9 3.0
TL 1790328677.745 134.6 1.8
TL 1790328677.846 1229.8 0.8
TL 1790328677.945 102.1 1.4
TL 1790328678.048 2478.8 1.4
TL 1790328678.145 88.6 1.7
TL 1790328678.245 149.4 1.5
TL 1790328678.345 132.4 1.1
TL 1790328678.446 75.7 1.4
TL 1790328678.546 105.8 1.8
TL 1790328678.646 194.1 2.1
TL 1790328678.746 142.1 3.1
TL 1790328678.846 109.7 0.8
TL 1790328678.946 206.6 1.7
TL 1790328679.055 9057.1 2.4
TL 1790328679.147 229.9 3.4
TL 1790328679.247 335.5 3.7
TL 1790328679.347 93.2 1.4
TL 1790328679.447 91.1 1.5
TL 1790328679.547 150.0 1.9
TL 1790328679.647 125.9 1.6
TL 1790328679.748 167.8 1.9
TL 1790328679.849 1656.8 1.1
TL 1790328679.948 98.3 3.0
TL 1790328680.048 130.7 1.9
TL 1790328680.148 91.7 3.5
TL 1790328680.248 138.3 1.6
TL 1790328680.348 143.5 1.1
TL 1790328680.448 141.1 1.7
TL 1790328680.549 199.9 2.0
TL 1790328680.649 107.7 1.7
TL 1790328680.749 139.6 1.4
TL 1790328680.850 1162.2 1.1
TL 1790328680.949 600.4 3.6
TL 1790328681.050 563.1 3.7
TL 1790328681.149 266.4 2.4
TL 1790328681.249 113.2 2.0
TL 1790328681.350 118.8 0.7
TL 1790328681.450 85.2 1.6
TL 1790328681.550 120.8 1.6
TL 1790328681.650 176.8 2.0
TL 1790328681.761 11495.6 4.2
TL 1790328681.850 246.0 1.6
TL 1790328681.951 377.0 3.6
TL 1790328682.051 182.6 1.7
TL 1790328682.151 190.4 3.5
TL 1790328682.251 131.8 1.9
TL 1790328682.351 145.9 1.1
TL 1790328682.451 281.7 1.8
TL 1790328682.552 345.7 2.3
TL 1790328682.652 86.9 1.4
TL 1790328682.753 199.4 2.8
TL 1790328682.853 104.9 0.8
TL 1790328682.953 120.3 1.5
TL 1790328683.053 129.6 1.8
TL 1790328683.153 87.9 1.9
TL 1790328683.253 100.1 1.9
TL 1790328683.353 83.4 0.8
TL 1790328683.453 369.3 2.0
TL 1790328683.554 355.4 1.5
TL 1790328683.653 83.0 1.8
TL 1790328683.754 521.0 3.2
TL 1790328683.854 383.7 1.9
TL 1790328683.954 200.8 2.0
TL 1790328684.054 129.0 1.8
TL 1790328684.154 140.2 2.5
TL 1790328684.254 79.8 1.8
TL 1790328684.354 242.7 1.5
TL 1790328684.455 778.9 1.9
TL 1790328684.555 455.0 3.9
TL 1790328684.655 81.9 2.6
TL 1790328684.755 139.7 1.6
TL 1790328684.855 91.9 0.8
TL 1790328684.955 68.7 1.2
TL 1790328685.055 249.7 1.7
TL 1790328685.155 78.6 2.4
TL 1790328685.256 232.0 1.8
TL 1790328685.356 330.5 0.7
TL 1790328685.456 766.3 3.8
TL 1790328685.556 313.0 3.2
TL 1790328685.656 173.5 1.8
TL 1790328685.756 142.3 1.7
TL 1790328685.856 121.0 0.6
TL 1790328685.956 63.8 1.9
TL 1790328686.060 3193.8 1.9
TL 1790328686.157 590.6 3.4
TL 1790328686.257 184.7 2.0
TL 1790328686.357 90.1 0.8
TL 1790328686.457 166.0 1.6
TL 1790328686.557 165.3 3.0
TL 1790328686.657 170.5 2.1
TL 1790328686.757 108.4 1.5
TL 1790328686.858 497.7 0.9
TL 1790328686.958 102.5 2.0
TL 1790328687.058 135.9 1.8
TL 1790328687.159 170.3 1.7
TL 1790328687.259 517.7 1.9
TL 1790328687.359 563.6 0.8
TL 1790328687.460 141.1 1.6
TL 1790328687.562 1944.1 1.7
TL 1790328687.660 279.0 3.0
TL 1790328687.760 120.0 2.0
TL 1790328687.861 482.2 0.8
TL 1790328687.961 158.8 1.8
TL 1790328688.061 253.8 3.5
TL 1790328688.161 163.5 3.3
TL 1790328688.261 154.4 2.7
TL 1790328688.361 87.1 0.9
TL 1790328688.464 2724.6 1.6
TL 1790328688.562 91.7 1.5
TL 1790328688.663 530.3 2.9
TL 1790328688.762 137.4 2.3
TL 1790328688.862 155.2 0.9
TL 1790328688.963 185.8 1.7
TL 1790328689.063 246.3 1.9
TL 1790328689.163 85.4 1.5
TL 1790328689.263 115.4 1.4
TL 1790328689.364 994.6 0.7
TL 1790328689.463 99.1 1.6
TL 1790328689.563 211.3 2.0
TL 1790328689.663 63.4 2.3
TL 1790328689.763 101.1 3.1
TL 1790328689.863 121.5 1.0
TL 1790328689.963 128.3 1.5
TL 1790328690.064 147.0 1.5
TL 1790328690.164 193.1 1.5
TL 1790328690.264 111.0 1.6
TL 1790328690.364 545.2 0.8
TL 1790328690.464 173.6 2.4
TL 1790328690.564 142.4 2.1
TL 1790328690.664 183.1 1.9
TL 1790328690.764 236.5 2.2
TL 1790328690.865 225.4 1.9
TL 1790328690.965 90.8 1.6
TL 1790328691.065 139.4 2.2
TL 1790328691.165 135.6 1.7
TL 1790328691.265 171.3 2.0
TL 1790328691.366 716.8 1.4
TL 1790328691.465 204.0 2.2
TL 1790328691.566 1219.3 2.9
TL 1790328691.666 926.2 4.0
TL 1790328691.765 107.7 2.1
TL 1790328691.866 127.4 1.4
TL 1790328691.966 247.4 2.1
TL 1790328692.066 311.7 1.7
TL 1790328692.166 171.1 2.2
TL 1790328692.266 128.0 1.6
TL 1790328692.366 91.9 1.6
TL 1790328692.467 1111.1 3.5
TL 1790328692.567 319.5 3.6
TL 1790328692.667 207.8 1.8
TL 1790328692.767 141.8 1.8
TL 1790328692.867 140.0 0.9
TL 1790328692.967 130.4 1.7
TL 1790328693.067 119.3 1.9
TL 1790328693.167 88.8 1.6
TL 1790328693.268 894.0 2.2
TL 1790328693.368 1036.2 2.6
TL 1790328693.468 264.4 1.7
TL 1790328693.568 735.2 1.6
TL 1790328693.668 118.4 1.7
TL 1790328693.768 158.3 1.9
TL 1790328693.868 140.1 1.8
TL 1790328693.968 138.5 1.6
TL 1790328694.068 73.6 1.6
TL 1790328694.186 17346.5 1.7
TL 1790328694.269 203.5 2.0
TL 1790328694.369 81.0 1.6
TL 1790328694.469 226.8 3.3
TL 1790328694.569 91.9 1.2
TL 1790328694.669 125.3 2.3
TL 1790328694.769 116.7 1.7
TL 1790328694.869 119.1 1.7
TL 1790328694.969 108.4 1.6
TL 1790328695.071 1154.8 2.8
TL 1790328695.170 169.6 2.0
TL 1790328695.270 546.5 4.2
TL 1790328695.370 120.6 0.8
TL 1790328695.471 186.9 2.2
TL 1790328695.571 137.1 1.9
TL 1790328695.671 144.3 1.6
TL 1790328695.771 157.0 1.9
TL 1790328695.871 169.6 0.6
TL 1790328695.971 59.0 1.5
TL 1790328696.073 2090.4 2.3
TL 1790328696.171 177.3 2.0
TL 1790328696.271 91.7 1.4
TL 1790328696.372 221.0 0.9
TL 1790328696.472 101.2 1.5
TL 1790328696.572 168.1 1.4
TL 1790328696.672 104.4 1.5
TL 1790328696.772 132.8 1.7
TL 1790328696.872 104.1 0.8
TL 1790328696.973 375.3 3.0
TL 1790328697.073 263.8 5.1
TL 1790328697.173 190.4 1.7
TL 1790328697.273 185.6 2.0
TL 1790328697.373 256.4 1.0
TL 1790328697.473 89.3 1.6
TL 1790328697.573 124.9 1.6
TL 1790328697.673 103.0 7.2
TL 1790328697.774 423.5 2.7
TL 1790328697.874 198.6 0.9
TL 1790328697.974 424.4 2.1
TL 1790328698.074 186.0 1.9
TL 1790328698.174 242.8 2.1
TL 1790328698.275 153.8 1.9
TL 1790328698.375 167.9 0.9
TL 1790328698.475 156.6 2.4
TL 1790328698.575 206.1 1.5
TL 1790328698.678 3124.6 1.7
TL 1790328698.775 117.1 2.1
TL 1790328698.875 77.0 0.7
TL 1790328698.975 107.4 2.1
TL 1790328699.075 129.7 1.4
TL 1790328699.175 122.5 1.8
TL 1790328699.276 212.2 1.6
TL 1790328699.376 121.3 1.0
TL 1790328699.476 202.8 1.5
TL 1790328699.577 922.8 1.7
TL 1790328699.676 126.7 1.9
TL 1790328699.776 441.0 3.4
TL 1790328699.876 137.7 49.5
TL 1790328699.976 159.9 2.2
TL 1790328700.076 106.9 1.5
TL 1790328700.177 152.3 1.6
TL 1790328700.277 184.9 2.0
TL 1790328700.377 169.9 1.1
TL 1790328700.477 149.2 1.5
TL 1790328700.577 110.3 195.3
TL 1790328700.683 5740.1 1.9
TL 1790328700.778 318.6 3.2
TL 1790328700.878 208.6 1.5
TL 1790328700.978 356.4 2.6
TL 1790328701.078 167.3 2.0
TL 1790328701.178 95.3 1.7
TL 1790328701.278 113.8 1.8
TL 1790328701.383 5297.0 0.9
TL 1790328701.478 107.2 1.9
TL 1790328701.579 116.4 1.6
TL 1790328701.679 75.3 1.8
TL 1790328701.779 361.5 3.4
TL 1790328701.879 140.4 0.8
TL 1790328701.979 144.2 1.8
TL 1790328702.079 192.0 3.1
TL 1790328702.179 128.3 1.5
TL 1790328702.279 138.9 2.0
TL 1790328702.379 112.2 0.9
TL 1790328702.480 112.4 1.4
TL 1790328702.580 94.3 1.7
TL 1790328702.683 3348.8 1.9
TL 1790328702.780 426.0 2.4
TL 1790328702.880 210.9 2.3
TL 1790328702.980 221.5 2.9
TL 1790328703.081 211.1 2.1
TL 1790328703.181 124.5 1.4
TL 1790328703.281 231.5 1.8
TL 1790328703.381 74.6 0.5
TL 1790328703.485 3947.2 2.0
TL 1790328703.581 182.6 2.4
TL 1790328703.682 392.9 1.8
TL 1790328703.782 232.8 1.8
TL 1790328703.882 140.2 0.7
TL 1790328703.982 143.6 1.6
TL 1790328704.082 79.5 1.6
TL 1790328704.182 250.8 2.6
TL 1790328704.282 113.4 1.4
TL 1790328704.382 557.6 0.9
TL 1790328704.482 116.8 1.7
TL 1790328704.582 143.6 1.8
TL 1790328704.682 91.7 2.4
TL 1790328704.783 384.2 3.4
TL 1790328704.883 163.4 0.9
TL 1790328704.983 197.5 3.0
TL 1790328705.083 144.1 1.5
TL 1790328705.183 88.2 1.5
TL 1790328705.283 127.9 1.5
TL 1790328705.385 1814.6 0.8
TL 1790328705.484 157.4 2.1
TL 1790328705.584 103.0 1.9
TL 1790328705.684 133.9 2.8
TL 1790328705.784 77.4 1.9
TL 1790328705.884 130.3 25.4
TL 1790328705.984 214.6 1.7
TL 1790328706.084 103.6 2.0
TL 1790328706.184 157.8 1.7
TL 1790328706.284 106.5 2.3
TL 1790328706.384 106.3 1.7
TL 1790328706.484 88.8 1.5
TL 1790328706.585 115.8 1.8
TL 1790328706.686 1415.7 3.1
TL 1790328706.785 253.5 2.9
TL 1790328706.885 252.4 1.7
TL 1790328706.985 111.0 1.5
TL 1790328707.085 143.4 1.6
TL 1790328707.185 144.5 1.4
TL 1790328707.286 340.7 1.8
TL 1790328707.387 983.5 1.5
TL 1790328707.486 104.7 1.6
TL 1790328707.586 154.8 2.2
TL 1790328707.686 357.3 3.4
TL 1790328707.787 415.0 4.7
TL 1790328707.887 205.1 1.8
TL 1790328707.987 181.8 2.6
TL 1790328708.087 170.5 1.4
TL 1790328708.187 90.7 1.5
TL 1790328708.290 3240.2 1.8
TL 1790328708.388 263.6 1.8
TL 1790328708.488 126.2 1.6
TL 1790328708.588 147.9 2.0
TL 1790328708.690 676.8 3.1
TL 1790328708.790 308.4 3.1
TL 1790328708.890 115.1 1.5
TL 1790328708.990 127.2 1.4
TL 1790328709.090 143.2 1.7
TL 1790328709.190 265.5 2.0
TL 1790328709.291 1277.0 1.7
TL 1790328709.390 245.1 2.2
TL 1790328709.490 139.9 6.3
TL 1790328709.590 107.7 1.8
TL 1790328709.691 817.9 1.8
TL 1790328709.791 190.9 1.5
TL 1790328709.891 144.2 1.4
TL 1790328709.991 136.1 2.1
TL 1790328710.091 167.4 1.6
TL 1790328710.191 176.3 1.6
TL 1790328710.291 435.9 1.5
TL 1790328710.391 298.5 2.6
TL 1790328710.491 67.2 2.0
TL 1790328710.592 135.3 1.7
TL 1790328710.692 119.2 1.7
TL 1790328710.792 251.4 1.7
TL 1790328710.893 661.3 1.8
TL 1790328710.992 202.1 1.7
TL 1790328711.092 142.4 2.0
TL 1790328711.193 531.0 5.2
TL 1790328711.292 119.6 1.6
TL 1790328711.393 119.9 1.7
TL 1790328711.493 559.4 5.1
TL 1790328711.593 231.8 1.6
TL 1790328711.693 179.0 2.9
TL 1790328711.793 106.5 1.5
TL 1790328711.893 223.3 1.7
TL 1790328711.998 5264.4 1.5
TL 1790328712.093 196.2 2.0
TL 1790328712.193 136.3 2.1
TL 1790328712.294 146.8 1.6
TL 1790328712.394 235.9 6.6
TL 1790328712.494 200.4 3.0
TL 1790328712.594 140.2 2.9
TL 1790328712.694 100.3 1.7
TL 1790328712.794 146.1 2.0
TL 1790328712.899 4508.5 1.8
TL 1790328712.995 159.4 1.4
TL 1790328713.095 76.6 2.0
TL 1790328713.195 399.4 1.6
TL 1790328713.295 112.4 1.9
TL 1790328713.395 119.6 1.8
TL 1790328713.495 137.4 1.8
TL 1790328713.595 118.4 1.8
TL 1790328713.695 121.4 1.9
TL 1790328713.796 272.9 1.6
TL 1790328713.896 317.6 1.4
TL 1790328713.996 121.4 1.5
TL 1790328714.096 161.4 1.5
TL 1790328714.196 168.6 1.8
TL 1790328714.296 85.3 1.3
TL 1790328714.396 211.7 2.3
TL 1790328714.496 241.5 2.3
TL 1790328714.596 132.2 2.6
TL 1790328714.696 116.1 1.9
TL 1790328714.797 67.4 1.5
TL 1790328714.897 419.5 1.9
TL 1790328714.997 312.9 3.0
TL 1790328715.097 140.6 1.5
TL 1790328715.197 137.4 2.1
TL 1790328715.297 175.8 1.5
TL 1790328715.397 68.7 2.4
TL 1790328715.498 143.4 1.6
TL 1790328715.598 338.1 3.2
TL 1790328715.698 224.9 1.9
TL 1790328715.798 123.3 1.7
TL 1790328715.898 181.9 1.8
TL 1790328715.998 108.0 1.6
TL 1790328716.098 235.7 2.0
TL 1790328716.199 184.4 2.3
TL 1790328716.299 171.1 2.0
TL 1790328716.399 141.8 2.7
TL 1790328716.499 165.1 2.1
TL 1790328716.605 6486.0 1.7
TL 1790328716.699 110.2 2.8
TL 1790328716.799 327.2 3.1
TL 1790328716.900 306.4 3.0
TL 1790328717.000 135.4 1.8
TL 1790328717.100 173.8 1.9
TL 1790328717.200 312.3 1.6
TL 1790328717.300 140.7 1.8
TL 1790328717.400 85.8 1.6
TL 1790328717.502 2339.8 1.7
TL 1790328717.601 1049.1 2.9
TL 1790328717.700 111.9 2.9
TL 1790328717.801 97.9 1.7
TL 1790328717.901 79.2 1.8
TL 1790328718.001 162.8 1.8
TL 1790328718.101 125.5 1.6
TL 1790328718.201 188.1 1.7
TL 1790328718.301 511.1 1.6
TL 1790328718.401 284.6 1.5
TL 1790328718.501 105.4 1.7
TL 1790328718.602 339.6 4.4
TL 1790328718.702 336.9 3.4
TL 1790328718.802 156.7 1.8
TL 1790328718.902 123.3 2.0
TL 1790328719.002 149.7 1.8
TL 1790328719.102 178.3 2.7
TL 1790328719.202 164.6 2.7
TL 1790328719.304 1701.7 2.0
TL 1790328719.403 168.1 2.1
TL 1790328719.503 338.2 3.3
TL 1790328719.603 183.9 2.2
TL 1790328719.703 108.2 1.6
TL 1790328719.804 1325.7 2.8
TL 1790328719.903 128.2 1.7
TL 1790328720.003 126.1 2.4
TL 1790328720.104 491.1 1.7
TL 1790328720.204 339.5 2.0
TL 1790328720.304 183.2 2.1
TL 1790328720.404 109.0 1.3
TL 1790328720.504 128.0 1.5
TL 1790328720.604 96.8 1.6
TL 1790328720.704 127.2 2.3
TL 1790328720.804 126.5 1.6
TL 1790328720.904 123.5 1.7
TL 1790328721.005 202.9 1.9
TL 1790328721.108 3484.9 2.4
TL 1790328721.205 326.5 3.2
TL 1790328721.305 122.0 1.6
TL 1790328721.405 114.8 1.6
TL 1790328721.505 145.9 1.9
TL 1790328721.605 136.2 1.7
TL 1790328721.705 119.9 1.6
TL 1790328721.805 116.5 1.9
TL 1790328721.906 70.4 1.6
TL 1790328722.008 2061.4 1.9
TL 1790328722.106 233.9 3.8
TL 1790328722.206 280.2 3.3
TL 1790328722.306 165.4 1.8
TL 1790328722.407 469.0 1.9
TL 1790328722.506 105.5 1.6
TL 1790328722.607 78.7 2.0
TL 1790328722.707 118.2 1.5
TL 1790328722.807 185.1 1.6
TL 1790328722.907 207.5 2.2
TL 1790328723.011 4346.4 1.7
TL 1790328723.107 126.8 1.7
TL 1790328723.208 276.2 3.5
TL 1790328723.308 347.6 2.0
TL 1790328723.408 115.1 1.6
TL 1790328723.508 126.5 1.6
TL 1790328723.608 163.5 2.4
TL 1790328723.708 185.1 2.1
TL 1790328723.808 142.5 2.0
TL 1790328723.909 427.2 1.9
TL 1790328724.008 192.6 2.4
TL 1790328724.109 341.5 3.9
TL 1790328724.209 135.6 1.6
TL 1790328724.309 85.2 1.5
TL 1790328724.409 129.7 1.6
TL 1790328724.509 136.6 1.9
TL 1790328724.609 116.2 2.0
TL 1790328724.709 186.2 2.6
TL 1790328724.810 300.5 2.0
TL 1790328724.909 68.2 3.0
TL 1790328725.010 65.0 1.7
TL 1790328725.110 168.2 1.7
TL 1790328725.210 142.2 1.8
TL 1790328725.310 134.3 1.6
TL 1790328725.410 128.2 1.7
TL 1790328725.510 81.2 2.1
TL 1790328725.610 124.0 1.7
TL 1790328725.710 151.5 1.9
TL 1790328725.810 73.7 1.8
TL 1790328725.911 289.5 4.5
TL 1790328726.011 104.4 1.4
TL 1790328726.111 156.5 2.0
TL 1790328726.211 210.4 1.8
TL 1790328726.311 143.2 1.6
TL 1790328726.411 123.6 2.7
TL 1790328726.511 261.9 1.9
TL 1790328726.612 478.4 5.1
TL 1790328726.711 145.2 2.2
TL 1790328726.812 133.5 1.9
TL 1790328726.912 206.8 1.7
TL 1790328727.012 134.2 1.5
TL 1790328727.112 116.4 3.0
TL 1790328727.212 122.2 1.5
TL 1790328727.312 84.9 2.2
TL 1790328727.412 259.4 1.8
TL 1790328727.517 4610.3 1.7
TL 1790328727.613 99.1 1.4
TL 1790328727.713 99.6 1.8
TL 1790328727.813 201.5 2.3
TL 1790328727.913 230.7 2.7
TL 1790328728.013 208.9 3.9
TL 1790328728.113 189.7 2.6
TL 1790328728.213 133.7 2.2
TL 1790328728.316 2822.6 2.1
TL 1790328728.414 142.1 1.8
TL 1790328728.514 692.1 2.6
TL 1790328728.614 548.2 2.7
TL 1790328728.714 195.4 2.6
TL 1790328728.814 281.4 2.1
TL 1790328728.914 196.1 2.1
TL 1790328729.015 342.3 2.9
TL 1790328729.115 74.5 2.3
TL 1790328729.215 540.9 2.1
TL 1790328729.315 437.1 2.5
TL 1790328729.415 96.9 2.3
TL 1790328729.516 241.5 2.8
TL 1790328729.616 86.9 2.2
TL 1790328729.716 498.5 1.9
TL 1790328729.816 131.5 3.0
TL 1790328729.916 248.5 1.9
TL 1790328730.017 642.4 2.4
TL 1790328730.116 146.6 2.4
TL 1790328730.217 302.9 4.7
TL 1790328730.319 596.0 3.4
TL 1790328730.419 274.2 2.4
TL 1790328730.519 125.8 2.0
TL 1790328730.619 145.4 2.2
TL 1790328730.719 157.1 2.3
TL 1790328730.820 508.9 1.9
TL 1790328730.919 112.4 2.1
TL 1790328731.020 195.5 2.7
TL 1790328731.120 359.1 2.4
TL 1790328731.220 301.1 3.5
TL 1790328731.320 213.4 1.9
TL 1790328731.420 176.7 2.0
TL 1790328731.520 178.7 1.6
TL 1790328731.621 608.5 1.8
TL 1790328731.720 181.3 1.7
TL 1790328731.823 2811.7 2.8
TL 1790328731.921 77.6 3.5
TL 1790328732.021 176.3 1.9
TL 1790328732.121 116.5 1.6
TL 1790328732.221 199.0 1.9
TL 1790328732.323 2047.7 1.5
TL 1790328732.421 173.9 2.3
TL 1790328732.522 191.0 1.9
TL 1790328732.622 190.4 3.1
TL 1790328732.722 277.1 2.1
TL 1790328732.823 178.4 1.8
TL 1790328732.923 114.4 2.7
TL 1790328733.024 1415.4 2.4
TL 1790328733.123 281.7 3.3
TL 1790328733.223 269.6 2.1
TL 1790328733.324 831.6 2.2
TL 1790328733.423 134.1 3.2
TL 1790328733.524 202.2 1.9
TL 1790328733.624 114.1 1.6
TL 1790328733.724 668.1 1.7
TL 1790328733.824 200.3 2.7
TL 1790328733.925 400.1 4.2
TL 1790328734.025 180.3 1.8
TL 1790328734.125 185.8 1.8
TL 1790328734.225 161.1 1.6
TL 1790328734.325 86.4 2.7
TL 1790328734.427 510.7 2.2
TL 1790328734.527 694.1 2.5
TL 1790328734.627 170.6 1.8
TL 1790328734.727 213.1 2.2
TL 1790328734.827 205.5 2.2
TL 1790328734.927 179.4 2.4
TL 1790328735.028 248.1 1.7
TL 1790328735.128 202.1 2.5
TL 1790328735.228 378.3 2.4
TL 1790328735.328 268.9 3.5
TL 1790328735.429 497.2 3.1
TL 1790328735.529 239.8 1.9
TL 1790328735.629 308.5 1.9
TL 1790328735.729 179.4 2.1
TL 1790328735.829 192.3 2.3
TL 1790328735.930 951.7 3.4
TL 1790328736.030 297.8 2.3
TL 1790328736.130 211.2 2.2
TL 1790328736.230 145.6 1.7
TL 1790328736.331 197.2 2.1
TL 1790328736.431 227.9 1.7
TL 1790328736.531 446.7 2.1
TL 1790328736.631 395.8 2.9
TL 1790328736.731 353.6 2.6
TL 1790328736.831 205.9 2.0
TL 1790328736.931 200.6 1.9
TL 1790328737.031 80.6 3.5
TL 1790328737.134 2279.1 2.5
TL 1790328737.232 359.0 3.5
TL 1790328737.332 282.2 2.8
TL 1790328737.432 149.6 1.5
TL 1790328737.532 225.6 2.0
TL 1790328737.632 175.6 1.8
TL 1790328737.733 190.6 2.1
TL 1790328737.833 502.0 2.0
TL 1790328737.933 210.7 2.3
TL 1790328738.033 134.1 1.7
TL 1790328738.133 166.9 2.1
TL 1790328738.233 124.0 1.8
TL 1790328738.333 154.8 1.8
TL 1790328738.433 171.0 1.8
TL 1790328738.534 65.1 2.1
TL 1790328738.634 449.5 1.7
TL 1790328738.734 295.1 2.9
TL 1790328738.834 187.2 2.8
TL 1790328738.934 156.8 1.6
TL 1790328739.034 123.9 1.7
TL 1790328739.134 134.3 2.4
TL 1790328739.234 96.7 2.4
TL 1790328739.335 453.8 2.2
TL 1790328739.438 3794.2 1.9
TL 1790328739.535 158.1 1.8
TL 1790328739.635 228.3 2.1
TL 1790328739.735 261.7 3.0
TL 1790328739.835 210.4 2.0
TL 1790328739.936 182.3 2.3
TL 1790328740.036 177.7 1.8
TL 1790328740.136 94.4 1.8
TL 1790328740.237 1321.4 2.2
TL 1790328740.336 97.4 2.0
TL 1790328740.436 219.6 2.1
TL 1790328740.536 138.0 1.6
TL 1790328740.636 115.2 1.8
TL 1790328740.737 192.1 2.3
TL 1790328740.837 74.3 2.0
TL 1790328740.937 66.8 1.9
TL 1790328741.037 219.2 1.7
TL 1790328741.138 189.2 2.1
TL 1790328741.238 244.1 2.6
TL 1790328741.338 141.0 2.2
TL 1790328741.438 175.7 3.4
TL 1790328741.538 240.7 1.7
TL 1790328741.638 181.0 1.9
TL 1790328741.738 109.6 2.1
TL 1790328741.840 1819.7 2.2
TL 1790328741.939 136.2 2.2
TL 1790328742.039 458.1 3.7
TL 1790328742.139 401.9 3.4
TL 1790328742.239 198.2 2.0
TL 1790328742.339 185.1 2.1
TL 1790328742.439 147.0 1.7
TL 1790328742.539 160.7 3.1
TL 1790328742.640 243.6 2.0
TL 1790328742.740 386.7 2.1
TL 1790328742.840 221.5 18.1
TL 1790328742.940 166.8 2.1
TL 1790328743.040 254.7 2.6
TL 1790328743.140 186.5 1.8
TL 1790328743.240 195.4 1.7
TL 1790328743.344 4094.8 1.5
TL 1790328743.441 189.2 1.7
TL 1790328743.541 384.3 1.9
TL 1790328743.641 372.3 3.3
TL 1790328743.741 126.4 1.8
TL 1790328743.841 229.6 2.0
TL 1790328743.941 232.1 3.8
TL 1790328744.041 129.4 3.5
TL 1790328744.142 233.9 2.1
TL 1790328744.242 227.2 1.8
TL 1790328744.342 93.6 3.3
TL 1790328744.442 77.9 1.7
TL 1790328744.543 531.0 3.6
TL 1790328744.643 323.8 3.0
TL 1790328744.743 159.6 2.4
TL 1790328744.843 119.2 2.0
TL 1790328744.946 2767.4 2.5
TL 1790328745.043 160.6 1.8
TL 1790328745.143 170.8 1.9
TL 1790328745.243 151.0 3.7
TL 1790328745.344 148.8 1.7
TL 1790328745.444 216.0 1.7
TL 1790328745.544 105.3 1.5
TL 1790328745.644 193.6 2.1
TL 1790328745.746 1629.2 2.3
TL 1790328745.845 709.9 3.8
TL 1790328745.945 268.7 3.1
TL 1790328746.045 191.5 1.7
TL 1790328746.145 198.8 2.1
TL 1790328746.245 159.1 2.5
TL 1790328746.345 75.6 2.2
TL 1790328746.446 876.6 2.0
TL 1790328746.546 648.7 1.7
TL 1790328746.645 167.7 3.1
TL 1790328746.745 129.0 1.7
TL 1790328746.846 166.7 1.7
TL 1790328746.946 93.6 2.2
TL 1790328747.050 4729.4 1.9
TL 1790328747.146 542.4 2.3
TL 1790328747.246 277.3 2.4
TL 1790328747.346 262.3 2.6
TL 1790328747.446 132.2 1.8
TL 1790328747.547 135.1 2.0
TL 1790328747.647 180.2 2.0
TL 1790328747.747 119.8 3.1
TL 1790328747.847 446.5 3.9
TL 1790328747.947 182.4 2.1
TL 1790328748.047 253.2 2.7
TL 1790328748.147 171.1 2.0
TL 1790328748.247 145.9 2.8
TL 1790328748.348 161.3 1.9
TL 1790328748.448 153.7 2.0
TL 1790328748.548 97.1 2.4
TL 1790328748.649 726.4 2.1
TL 1790328748.748 117.2 1.7
TL 1790328748.848 287.2 3.2
TL 1790328748.948 169.7 2.2
TL 1790328749.048 103.2 1.7
TL 1790328749.149 187.1 1.8
TL 1790328749.249 123.6 2.1
TL 1790328749.349 265.8 2.2
TL 1790328749.449 670.8 2.4
TL 1790328749.549 357.8 2.5
TL 1790328749.649 361.0 3.2
TL 1790328749.749 290.2 2.6
TL 1790328749.850 412.5 1.7
TL 1790328749.950 208.9 2.8
TL 1790328750.050 88.6 1.7
TL 1790328750.150 141.1 1.9
TL 1790328750.250 464.8 1.9
TL 1790328750.350 154.2 2.4
TL 1790328750.450 107.8 1.9
TL 1790328750.550 238.6 2.1
TL 1790328750.650 157.7 1.8
TL 1790328750.750 171.1 1.8
TL 1790328750.851 197.6 3.1
TL 1790328750.951 80.8 2.2
TL 1790328751.054 3108.0 2.6
TL 1790328751.152 579.9 3.7
TL 1790328751.252 611.9 3.4
TL 1790328751.352 256.9 2.4
TL 1790328751.452 292.9 3.5
TL 1790328751.552 132.0 2.7
TL 1790328751.652 156.6 2.0
TL 1790328751.752 278.5 3.4
TL 1790328751.852 381.1 2.0
TL 1790328751.953 504.6 3.4
TL 1790328752.053 145.3 2.3
TL 1790328752.153 139.4 2.1
TL 1790328752.253 112.1 1.8
TL 1790328752.353 202.2 2.3
TL 1790328752.453 484.1 1.8
TL 1790328752.553 94.6 2.0
TL 1790328752.653 192.9 2.2
TL 1790328752.754 441.7 2.9
TL 1790328752.854 197.9 1.9
TL 1790328752.954 158.2 1.9
TL 1790328753.054 278.0 1.9
TL 1790328753.154 123.6 2.2
TL 1790328753.254 541.1 2.3
TL 1790328753.354 278.7 1.8
TL 1790328753.454 146.6 1.7
TL 1790328753.555 212.4 1.7
TL 1790328753.655 618.5 2.0
TL 1790328753.755 273.5 1.9
TL 1790328753.855 195.7 2.1
TL 1790328753.955 86.6 2.0
TL 1790328754.056 386.5 2.3
TL 1790328754.155 144.0 2.2
TL 1790328754.256 999.9 1.9
TL 1790328754.356 108.9 2.0
TL 1790328754.456 151.5 1.7
TL 1790328754.556 242.7 2.0
TL 1790328754.656 172.3 2.1
TL 1790328754.756 114.3 2.0
TL 1790328754.856 195.9 2.0
TL 1790328754.957 554.9 2.8
TL 1790328755.057 154.4 1.6
TL 1790328755.157 169.0 2.1
TL 1790328755.257 204.9 2.0
TL 1790328755.357 126.0 1.7
TL 1790328755.458 1041.2 2.0
TL 1790328755.557 205.4 1.7
TL 1790328755.657 191.6 3.0
TL 1790328755.757 113.1 2.6
TL 1790328755.858 142.5 1.9
TL 1790328755.958 201.9 2.4
TL 1790328756.058 173.3 2.3
TL 1790328756.158 180.3 1.7
TL 1790328756.259 775.6 1.8
TL 1790328756.358 321.3 1.9
TL 1790328756.458 77.8 1.9
TL 1790328756.559 142.3 1.7
TL 1790328756.659 140.9 2.2
TL 1790328756.759 692.0 2.4
TL 1790328756.860 1038.1 1.7
TL 1790328756.959 165.8 2.4
TL 1790328757.060 367.9 2.7
TL 1790328757.160 194.2 2.8
TL 1790328757.260 223.2 2.8
TL 1790328757.360 226.7 2.2
TL 1790328757.460 129.4 2.4
TL 1790328757.565 4449.9 2.7
TL 1790328757.660 245.0 2.2
TL 1790328757.761 143.1 2.1
TL 1790328757.861 129.9 2.0
TL 1790328757.961 123.8 2.1
TL 1790328758.061 300.2 1.9
TL 1790328758.161 177.2 2.0
TL 1790328758.261 76.6 2.1
TL 1790328758.362 490.8 2.0
TL 1790328758.462 360.9 2.6
TL 1790328758.562 320.2 2.2
TL 1790328758.662 288.6 2.3
TL 1790328758.762 200.1 2.2
TL 1790328758.862 217.9 3.0
TL 1790328758.962 155.0 2.1
TL 1790328759.063 188.4 1.9
TL 1790328759.163 118.1 3.0
TL 1790328759.263 129.5 2.2
TL 1790328759.363 223.7 2.1
TL 1790328759.463 142.8 1.7
TL 1790328759.563 189.0 1.8
TL 1790328759.663 253.5 1.6
TL 1790328759.763 116.1 1.8
TL 1790328759.869 5698.3 2.0
TL 1790328759.964 158.8 2.8
TL 1790328760.064 165.2 2.1
TL 1790328760.164 184.5 2.2
TL 1790328760.264 199.2 2.6
TL 1790328760.364 185.4 1.9
TL 1790328760.464 177.5 2.4
TL 1790328760.565 158.2 1.9
TL 1790328760.665 162.8 2.3
TL 1790328760.765 83.9 1.7
TL 1790328760.865 73.1 2.0
TL 1790328760.965 345.5 2.2
TL 1790328761.066 601.7 5.4
TL 1790328761.165 256.4 4.3
TL 1790328761.266 508.9 1.7
TL 1790328761.366 104.2 2.2
TL 1790328761.466 298.0 2.0
TL 1790328761.566 483.8 2.2
TL 1790328761.666 113.6 2.1
TL 1790328761.766 117.6 2.6
TL 1790328761.866 95.9 2.4
TL 1790328761.966 160.1 2.0
TL 1790328762.067 190.9 2.1
TL 1790328762.167 91.0 1.7
TL 1790328762.267 204.7 3.0
TL 1790328762.367 109.2 2.1
TL 1790328762.467 154.2 2.6
TL 1790328762.567 159.3 1.9
TL 1790328762.668 1065.6 1.9
TL 1790328762.767 191.0 2.2
TL 1790328762.867 78.5 2.1
TL 1790328762.968 405.4 2.0
TL 1790328763.068 459.5 1.6
TL 1790328763.168 199.5 1.6
TL 1790328763.268 280.4 2.2
TL 1790328763.368 165.4 2.0
TL 1790328763.468 272.0 2.8
TL 1790328763.568 96.6 1.8
TL 1790328763.670 1305.8 2.0
TL 1790328763.769 172.8 3.3
TL 1790328763.869 152.8 1.9
TL 1790328763.969 185.0 2.2
TL 1790328764.069 128.9 1.7
TL 1790328764.169 213.3 1.8
TL 1790328764.269 157.4 1.7
TL 1790328764.369 84.8 2.1
TL 1790328764.470 390.1 2.0
TL 1790328764.569 115.8 2.0
TL 1790328764.670 116.4 1.9
TL 1790328764.770 240.4 2.4
TL 1790328764.870 239.9 1.9
TL 1790328764.970 263.4 2.5
TL 1790328765.070 144.6 1.9
TL 1790328765.170 117.1 1.8
TL 1790328765.275 5294.6 2.0
TL 1790328765.370 128.4 2.3
TL 1790328765.471 290.8 2.4
TL 1790328765.571 122.1 1.8
TL 1790328765.671 182.5 2.0
TL 1790328765.771 180.4 3.1
TL 1790328765.871 173.7 1.8
TL 1790328765.971 165.1 2.0
TL 1790328766.071 117.9 1.8
TL 1790328766.172 109.4 2.3
TL 1790328766.272 139.0 2.7
TL 1790328766.372 244.6 3.1
TL 1790328766.472 91.2 3.3
TL 1790328766.573 409.9 3.0
TL 1790328766.673 149.0 2.1
TL 1790328766.773 365.6 2.1
TL 1790328766.873 113.7 2.2
TL 1790328766.973 133.5 1.8
TL 1790328767.073 157.5 2.4
TL 1790328767.173 124.5 1.6
TL 1790328767.274 235.1 3.0
TL 1790328767.374 135.3 2.7
TL 1790328767.474 171.0 2.4
TL 1790328767.574 260.8 2.0
TL 1790328767.674 423.7 3.2
TL 1790328767.774 120.2 1.6
TL 1790328767.874 172.1 3.4
TL 1790328767.975 144.7 1.9
TL 1790328768.075 230.5 1.6
TL 1790328768.175 395.1 3.3
TL 1790328768.275 346.3 3.5
TL 1790328768.375 267.6 3.0
TL 1790328768.476 168.6 2.3
TL 1790328768.576 99.6 1.8
TL 1790328768.676 100.3 3.7
TL 1790328768.776 100.4 1.9
TL 1790328768.877 675.7 3.1
TL 1790328768.977 421.7 2.9
TL 1790328769.077 266.5 3.1
TL 1790328769.177 109.1 2.0
TL 1790328769.277 251.4 2.2
TL 1790328769.377 154.7 2.1
TL 1790328769.477 81.9 2.1
TL 1790328769.578 454.9 3.2
TL 1790328769.678 344.2 6.1
TL 1790328769.778 359.0 3.9
TL 1790328769.878 275.3 30.5
TL 1790328769.978 121.7 1.9
TL 1790328770.078 216.1 1.8
TL 1790328770.180 1737.6 2.3
TL 1790328770.279 626.5 3.8
TL 1790328770.379 451.0 4.3
TL 1790328770.479 418.1 3.3
TL 1790328770.579 87.3 2.1
TL 1790328770.679 132.9 1.6
TL 1790328770.779 203.6 2.5
TL 1790328770.880 981.2 2.1
TL 1790328770.980 318.2 2.1
TL 1790328771.080 138.9 2.6
TL 1790328771.180 135.1 2.6
TL 1790328771.280 81.4 1.8
TL 1790328771.380 162.8 2.0
TL 1790328771.481 208.2 1.8
TL 1790328771.581 132.6 2.1
TL 1790328771.681 95.8 2.7
TL 1790328771.781 369.3 2.7
TL 1790328771.881 398.1 3.1
TL 1790328771.981 246.7 3.1
TL 1790328772.081 161.7 2.1
TL 1790328772.181 169.9 2.0
TL 1790328772.281 171.4 2.2
TL 1790328772.382 269.6 3.1
TL 1790328772.483 784.0 4.0
TL 1790328772.583 813.5 3.4
TL 1790328772.682 226.9 2.1
TL 1790328772.782 141.3 2.1
TL 1790328772.882 142.2 2.0
TL 1790328772.983 160.6 1.8
TL 1790328773.083 762.4 2.1
TL 1790328773.183 140.3 2.1
TL 1790328773.283 112.4 1.8
TL 1790328773.383 154.1 1.9
TL 1790328773.483 186.4 2.0
TL 1790328773.584 747.4 2.2
TL 1790328773.684 456.4 2.1
TL 1790328773.794 10299.8 2.1
TL 1790328773.884 260.0 3.3
TL 1790328773.984 223.9 1.9
TL 1790328774.084 398.3 2.9
TL 1790328774.185 392.5 6.2
TL 1790328774.285 392.8 2.9
TL 1790328774.385 128.3 1.6
TL 1790328774.485 143.6 1.6
TL 1790328774.585 149.0 1.9
TL 1790328774.685 109.7 2.1
TL 1790328774.785 266.1 3.4
TL 1790328774.885 267.0 2.4
TL 1790328774.985 133.7 1.9
TL 1790328775.086 202.4 1.9
TL 1790328775.186 147.1 2.0
TL 1790328775.286 209.7 2.1
TL 1790328775.390 3859.3 3.1
TL 1790328775.486 113.9 2.1
TL 1790328775.586 288.3 2.4
TL 1790328775.686 145.4 1.9
TL 1790328775.786 170.2 2.0
TL 1790328775.887 152.6 1.8
TL 1790328775.987 89.1 2.2
TL 1790328776.087 570.1 2.3
TL 1790328776.187 454.1 2.3
TL 1790328776.287 197.2 3.2
TL 1790328776.387 256.1 2.8
TL 1790328776.488 276.5 3.3
TL 1790328776.588 111.4 1.8
TL 1790328776.688 177.2 1.9
TL 1790328776.788 125.3 1.9
TL 1790328776.890 1528.1 4.2
TL 1790328776.989 847.9 3.6
TL 1790328777.089 431.4 2.6
TL 1790328777.189 207.6 2.4
TL 1790328777.289 141.0 2.1
TL 1790328777.389 123.1 2.2
TL 1790328777.490 137.0 1.9
TL 1790328777.590 199.7 2.1
TL 1790328777.691 1177.1 2.1
TL 1790328777.791 754.9 3.3
TL 1790328777.890 302.3 3.4
TL 1790328777.990 169.1 1.9
TL 1790328778.090 168.4 2.0
TL 1790328778.191 158.3 1.9
TL 1790328778.291 126.1 1.8
TL 1790328778.391 249.9 3.2
TL 1790328778.499 7848.4 2.3
TL 1790328778.591 123.2 3.6
TL 1790328778.692 247.8 4.4
TL 1790328778.792 154.3 2.4
TL 1790328778.892 163.5 1.9
TL 1790328778.992 211.7 2.0
TL 1790328779.092 164.0 3.6
TL 1790328779.192 113.7 2.3
TL 1790328779.301 8612.0 3.4
TL 1790328779.393 388.7 1.9
TL 1790328779.493 97.2 2.1
TL 1790328779.593 191.5 2.8
TL 1790328779.693 150.5 1.8
TL 1790328779.793 146.2 2.1
TL 1790328779.893 224.9 2.6
TL 1790328779.995 2216.7 1.7
TL 1790328780.093 147.7 10.9
TL 1790328780.194 305.7 2.1
TL 1790328780.294 122.7 2.1
TL 1790328780.394 222.2 2.4
TL 1790328780.494 152.4 2.5
TL 1790328780.594 106.5 2.4
TL 1790328780.694 298.0 2.0
TL 1790328780.794 121.0 2.3
TL 1790328780.895 586.6 2.1
TL 1790328780.998 3288.4 1.8
TL 1790328781.095 106.5 1.7
TL 1790328781.195 358.1 1.8
TL 1790328781.295 255.4 1.8
TL 1790328781.395 162.4 2.1
TL 1790328781.495 86.0 1.8
TL 1790328781.596 550.7 2.0
TL 1790328781.696 194.6 3.1
TL 1790328781.796 397.0 2.3
TL 1790328781.897 405.1 4.7
TL 1790328781.997 371.9 2.4
TL 1790328782.097 153.1 2.1
TL 1790328782.197 201.1 2.4
TL 1790328782.297 150.4 2.1
TL 1790328782.401 3604.7 2.1
TL 1790328782.497 140.4 2.3
TL 1790328782.599 1252.6 2.4
TL 1790328782.698 111.9 1.9
TL 1790328782.798 114.9 2.2
TL 1790328782.898 158.2 2.4
TL 1790328782.999 405.7 3.1
TL 1790328783.099 180.2 2.4
TL 1790328783.199 348.9 2.4
TL 1790328783.299 286.7 2.2
TL 1790328783.399 81.1 2.3
TL 1790328783.499 73.0 2.9
TL 1790328783.599 124.9 2.9
TL 1790328783.699 96.7 3.3
TL 1790328783.800 305.3 3.9
TL 1790328783.900 258.1 2.1
TL 1790328784.000 136.4 1.6
TL 1790328784.100 283.4 1.9
TL 1790328784.200 175.9 1.7
TL 1790328784.300 149.7 2.1
TL 1790328784.400 149.3 2.2
TL 1790328784.501 236.6 2.6
TL 1790328784.601 368.2 4.3
TL 1790328784.701 306.3 6.2
TL 1790328784.802 399.5 2.2
TL 1790328784.902 223.0 2.6
TL 1790328785.002 137.7 1.8
TL 1790328785.102 125.2 2.0
TL 1790328785.202 156.1 2.4
TL 1790328785.302 410.7 4.4
TL 1790328785.402 202.9 2.7
TL 1790328785.503 130.4 2.3
TL 1790328785.603 156.5 2.6
TL 1790328785.703 146.8 1.9
TL 1790328785.804 1470.7 3.0
TL 1790328785.904 571.7 2.8
TL 1790328786.004 1206.4 2.1
TL 1790328786.104 823.8 2.6
TL 1790328786.203 105.7 3.7
TL 1790328786.304 473.1 2.0
TL 1790328786.404 207.1 2.1
TL 1790328786.504 232.9 1.9
TL 1790328786.604 169.0 2.2
TL 1790328786.707 2589.3 1.9
TL 1790328786.804 191.1 2.4
TL 1790328786.905 375.4 4.0
TL 1790328787.005 126.2 2.0
TL 1790328787.109 2078.7 2.2
TL 1790328787.207 238.0 1.8
TL 1790328787.307 194.5 1.9
TL 1790328787.407 187.4 1.7
TL 1790328787.508 334.0 1.8
TL 1790328787.608 398.0 3.3
TL 1790328787.708 353.3 3.4
TL 1790328787.808 127.8 2.2
TL 1790328787.908 179.1 1.7
TL 1790328788.008 75.3 1.5
TL 1790328788.109 156.1 2.1
TL 1790328788.209 735.8 2.2
TL 1790328788.309 177.7 2.9
TL 1790328788.409 223.9 1.8
TL 1790328788.509 639.9 2.1
TL 1790328788.609 155.5 2.5
TL 1790328788.709 118.4 1.8
TL 1790328788.809 198.7 6.5
TL 1790328788.910 195.5 2.2
TL 1790328789.010 167.1 1.8
TL 1790328789.111 1729.1 2.0
TL 1790328789.210 216.4 2.4
TL 1790328789.310 213.6 3.5
TL 1790328789.410 198.3 2.0
TL 1790328789.510 102.4 1.9
TL 1790328789.610 154.1 2.1
TL 1790328789.711 199.7 1.8
TL 1790328789.811 130.5 3.0
TL 1790328789.911 464.6 2.8
TL 1790328790.011 441.7 3.4
TL 1790328790.111 232.0 2.8
TL 1790328790.211 255.3 2.3
TL 1790328790.311 183.1 2.0
TL 1790328790.411 133.4 3.9
TL 1790328790.512 238.6 2.0
TL 1790328790.613 220.5 1.9
TL 1790328790.713 83.6 2.7
TL 1790328790.813 77.7 2.3
TL 1790328790.913 111.7 2.2
TL 1790328791.013 134.4 2.3
TL 1790328791.113 113.1 1.7
TL 1790328791.213 119.1 2.1
TL 1790328791.315 1663.0 2.2
TL 1790328791.414 227.8 3.1
TL 1790328791.514 304.5 3.3
TL 1790328791.614 186.2 2.8
TL 1790328791.714 170.1 2.1
TL 1790328791.814 106.7 1.9
TL 1790328791.914 203.7 2.0
TL 1790328792.014 114.4 2.2
TL 1790328792.115 435.0 2.7
TL 1790328792.216 441.5 3.3
TL 1790328792.315 181.1 2.4
TL 1790328792.416 174.8 2.0
TL 1790328792.516 201.8 2.1
TL 1790328792.616 163.8 2.2
TL 1790328792.716 109.7 2.1
TL 1790328792.817 931.5 1.9
TL 1790328792.916 229.3 2.6
TL 1790328793.016 122.3 2.0
TL 1790328793.117 582.0 2.1
TL 1790328793.216 146.3 2.6
TL 1790328793.316 82.3 2.2
TL 1790328793.417 250.5 2.7
TL 1790328793.517 234.5 9.9
TL 1790328793.617 291.8 2.6
TL 1790328793.717 166.1 2.1
TL 1790328793.817 170.6 2.0
TL 1790328793.918 197.3 2.1
TL 1790328794.018 98.4 2.3
TL 1790328794.118 83.5 2.2
TL 1790328794.218 157.3 3.6
TL 1790328794.318 325.8 1.7
TL 1790328794.418 239.1 3.1
TL 1790328794.519 237.3 3.3
TL 1790328794.619 531.4 3.3
TL 1790328794.719 90.6 1.6
TL 1790328794.819 134.4 1.9
TL 1790328794.919 229.8 4.2
TL 1790328795.019 178.0 3.0
TL 1790328795.122 3244.2 3.1
TL 1790328795.220 317.8 2.9
TL 1790328795.320 201.9 4.3
TL 1790328795.420 129.0 2.0
TL 1790328795.521 649.1 2.2
TL 1790328795.620 193.7 2.1
TL 1790328795.720 147.6 2.4
TL 1790328795.820 78.3 2.3
TL 1790328795.921 574.8 2.7
TL 1790328796.021 360.6 2.2
TL 1790328796.122 498.8 2.9
TL 1790328796.221 98.4 1.9
TL 1790328796.322 282.1 2.6
TL 1790328796.422 194.3 2.2
TL 1790328796.522 165.5 2.1
TL 1790328796.624 2528.0 2.0
TL 1790328796.722 341.8 3.3
TL 1790328796.822 206.8 2.3
TL 1790328796.922 206.9 1.8
TL 1790328797.022 204.6 2.2
TL 1790328797.122 121.8 2.0
TL 1790328797.223 90.3 2.2
TL 1790328797.329 6080.4 2.1
TL 1790328797.423 284.8 2.9
TL 1790328797.523 193.5 2.3
TL 1790328797.623 233.3 2.3
TL 1790328797.723 209.1 4.0
TL 1790328797.824 120.9 2.0
TL 1790328797.925 1619.0 2.1
TL 1790328798.024 389.6 1.8
TL 1790328798.124 594.7 2.3
TL 1790328798.225 725.2 3.1
TL 1790328798.324 185.7 2.3
TL 1790328798.425 308.0 1.9
TL 1790328798.525 270.2 2.9
TL 1790328798.625 161.6 2.6
TL 1790328798.725 171.9 2.6
TL 1790328798.825 251.5 2.0
TL 1790328798.925 142.1 1.8
TL 1790328799.026 456.2 1.7
TL 1790328799.126 322.6 1.5
TL 1790328799.226 215.9 2.0
TL 1790328799.326 142.1 1.9
TL 1790328799.426 218.9 2.4
TL 1790328799.526 170.5 2.2
TL 1790328799.626 269.1 1.9
TL 1790328799.728 2198.8 2.0
TL 1790328799.826 139.1 1.8
TL 1790328799.926 146.1 1.9
TL 1790328800.027 304.2 3.4
TL 1790328800.127 200.7 3.6
TL 1790328800.227 192.4 2.2
TL 1790328800.327 142.8 1.9
TL 1790328800.427 82.5 2.4
TL 1790328800.528 794.7 3.2
TL 1790328800.627 96.3 2.7
TL 1790328800.727 107.3 2.7
TL 1790328800.827 119.3 2.1
TL 1790328800.928 209.7 2.9
TL 1790328801.028 226.7 3.1
TL 1790328801.128 202.1 2.2
TL 1790328801.228 107.1 2.1
TL 1790328801.328 196.8 2.1
TL 1790328801.428 173.3 2.0
TL 1790328801.529 142.6 2.1
TL 1790328801.629 572.2 2.9
TL 1790328801.729 138.1 1.9
TL 1790328801.829 232.4 2.1
TL 1790328801.929 184.1 2.2
TL 1790328802.029 135.9 1.9
TL 1790328802.130 78.6 1.7
TL 1790328802.232 2411.3 2.1
TL 1790328802.331 1285.6 2.1
TL 1790328802.430 114.3 2.9
TL 1790328802.531 460.4 3.7
TL 1790328802.631 233.2 2.7
TL 1790328802.731 441.0 2.0
TL 1790328802.832 1115.4 2.3
TL 1790328802.931 82.6 2.3
TL 1790328803.032 748.6 2.5
TL 1790328803.132 181.9 2.9
TL 1790328803.232 352.0 3.2
TL 1790328803.333 693.3 3.3
TL 1790328803.432 158.0 2.2
TL 1790328803.532 196.7 2.4
TL 1790328803.632 94.1 1.8
TL 1790328803.733 373.1 5.6
TL 1790328803.833 330.3 3.0
TL 1790328803.933 120.7 2.1
TL 1790328804.034 374.1 2.5
TL 1790328804.134 282.9 3.3
TL 1790328804.234 179.5 2.2
TL 1790328804.334 92.8 1.8
TL 1790328804.438 3597.8 2.0
TL 1790328804.535 506.9 4.2
TL 1790328804.635 223.5 2.4
TL 1790328804.735 279.5 2.0
TL 1790328804.835 152.5 1.9
TL 1790328804.935 183.8 3.3
TL 1790328805.035 125.1 2.2
TL 1790328805.136 481.0 2.4
TL 1790328805.235 115.9 3.2
TL 1790328805.335 94.4 3.6
TL 1790328805.436 465.8 2.0
TL 1790328805.536 164.0 3.2
TL 1790328805.636 206.8 2.3
TL 1790328805.736 160.8 2.1
TL 1790328805.836 395.0 1.7
TL 1790328805.936 158.1 2.0
TL 1790328806.037 405.5 2.3
TL 1790328806.137 109.2 3.4
TL 1790328806.237 183.4 1.8
TL 1790328806.337 116.9 1.7
TL 1790328806.437 200.4 2.5
TL 1790328806.537 178.4 2.0
TL 1790328806.638 343.7 3.4
TL 1790328806.738 540.7 4.1
TL 1790328806.838 430.8 4.2
TL 1790328806.938 184.6 2.6
TL 1790328807.038 393.1 4.3
TL 1790328807.139 211.3 2.8
TL 1790328807.239 105.8 1.9
TL 1790328807.339 704.1 2.1
TL 1790328807.439 264.0 2.0
TL 1790328807.539 397.0 2.7
TL 1790328807.639 197.8 1.2
TL 1790328807.739 120.4 3.2
TL 1790328807.840 178.3 1.9
TL 1790328807.940 258.2 2.7
TL 1790328808.041 442.0 3.3
TL 1790328808.141 463.6 3.0
TL 1790328808.241 182.5 3.0
TL 1790328808.341 158.2 1.7
TL 1790328808.441 260.9 2.4
TL 1790328808.541 530.3 3.9
TL 1790328808.641 369.4 2.3
TL 1790328808.742 320.8 3.6
TL 1790328808.842 187.4 3.1
TL 1790328808.942 269.6 2.9
TL 1790328809.042 288.6 4.3
TL 1790328809.142 132.9 1.5
TL 1790328809.243 307.2 2.6
TL 1790328809.343 139.6 1.7
TL 1790328809.443 308.7 4.2
TL 1790328809.543 208.5 4.0
TL 1790328809.643 367.7 2.7
TL 1790328809.744 206.1 2.9
TL 1790328809.844 105.8 2.1
TL 1790328809.944 185.5 2.8
TL 1790328810.045 558.0 3.1
TL 1790328810.145 101.9 1.8
TL 1790328810.245 128.8 1.7
TL 1790328810.345 98.7 3.1
TL 1790328810.445 88.2 2.4
TL 1790328810.545 482.6 3.6
TL 1790328810.646 368.7 2.1
TL 1790328810.746 406.5 3.9
TL 1790328810.846 287.3 3.1
TL 1790328810.946 413.9 3.9
TL 1790328811.046 211.5 2.4
TL 1790328811.146 184.4 2.2
TL 1790328811.247 366.4 4.0
TL 1790328811.347 260.7 4.7
TL 1790328811.447 154.6 1.4
TL 1790328811.547 78.9 2.1
TL 1790328811.647 148.2 1.9
TL 1790328811.747 218.1 2.6
TL 1790328811.848 350.2 3.3
TL 1790328811.948 379.3 3.0
TL 1790328812.048 720.3 2.8
TL 1790328812.148 413.4 64.8
TL 1790328812.248 494.5 3.9
TL 1790328812.349 211.6 3.3
TL 1790328812.449 137.9 2.0
TL 1790328812.549 195.7 2.4
TL 1790328812.649 165.4 2.0
TL 1790328812.749 93.7 3.2
TL 1790328812.849 196.2 1.7
TL 1790328812.949 218.5 3.7
TL 1790328813.049 118.0 1.7
TL 1790328813.150 262.3 1.6
TL 1790328813.250 313.4 3.6
TL 1790328813.350 273.7 4.1
TL 1790328813.451 350.9 4.2
TL 1790328813.551 204.5 3.2
TL 1790328813.651 189.9 1.9
TL 1790328813.751 136.4 1.8
TL 1790328813.851 608.9 4.0
TL 1790328813.951 316.1 3.2
TL 1790328814.051 261.6 3.6
TL 1790328814.152 652.7 4.8
TL 1790328814.252 204.8 1.6
TL 1790328814.352 122.0 1.7
TL 1790328814.453 319.0 3.4
TL 1790328814.553 258.8 3.6
TL 1790328814.653 299.5 1.8
TL 1790328814.753 377.8 3.9
TL 1790328814.853 114.9 2.1
TL 1790328814.953 120.5 2.6
TL 1790328815.054 301.5 2.7
TL 1790328815.154 330.7 2.3
TL 1790328815.254 190.5 2.2
TL 1790328815.354 200.3 3.9
TL 1790328815.455 331.2 2.7
TL 1790328815.555 153.4 2.4
TL 1790328815.655 286.6 0.8
TL 1790328815.755 318.9 1.5
TL 1790328815.855 165.3 1.8
TL 1790328815.956 332.6 2.5
TL 1790328816.056 309.8 33.5
TL 1790328816.157 430.7 80.5
TL 1790328816.257 196.2 1.7
TL 1790328816.357 147.0 1.9
TL 1790328816.457 318.5 6.0
TL 1790328816.557 229.9 1.9
TL 1790328816.657 98.5 1.0
TL 1790328816.758 283.6 3.1
TL 1790328816.859 387.6 3.6
TL 1790328816.958 171.1 1.7
TL 1790328817.059 263.2 2.8
TL 1790328817.159 327.1 2.4
TL 1790328817.259 337.4 2.3
TL 1790328817.359 102.6 2.5
TL 1790328817.459 138.9 2.1
TL 1790328817.559 132.8 2.6
TL 1790328817.659 127.1 2.1
TL 1790328817.760 178.6 4.0
TL 1790328817.860 82.1 2.7
TL 1790328817.960 186.0 2.7
TL 1790328818.060 125.4 3.4
TL 1790328818.160 84.9 2.6
TL 1790328818.260 92.0 2.7
TL 1790328818.361 191.0 3.0
TL 1790328818.461 94.8 2.6
TL 1790328818.561 479.4 1.8
TL 1790328818.661 90.8 3.1
TL 1790328818.762 311.0 2.7
TL 1790328818.861 92.1 1.5
TL 1790328818.962 140.2 2.7
TL 1790328819.062 364.7 2.4
TL 1790328819.162 119.1 2.4
TL 1790328819.262 104.8 2.9
TL 1790328819.362 94.8 2.1
TL 1790328819.463 370.8 2.0
TL 1790328819.563 200.4 3.3
TL 1790328819.663 228.0 2.0
TL 1790328819.763 92.3 2.9
TL 1790328819.863 130.8 3.4
TL 1790328819.963 82.6 2.8
TL 1790328820.063 92.6 2.6
TL 1790328820.164 230.1 2.9
TL 1790328820.264 70.9 3.5
TL 1790328820.364 251.7 2.2
TL 1790328820.464 129.9 1.8
TL 1790328820.564 153.1 3.4
TL 1790328820.664 153.5 2.8
TL 1790328820.765 314.8 2.0
TL 1790328820.865 118.1 2.1
TL 1790328820.965 121.5 2.6
TL 1790328821.065 175.0 1.9
TL 1790328821.166 889.7 2.2
TL 1790328821.265 143.4 2.8
TL 1790328821.365 102.5 3.9
TL 1790328821.465 80.7 3.0
TL 1790328821.566 142.6 2.4
TL 1790328821.666 272.6 3.5
TL 1790328821.766 168.8 1.7
TL 1790328821.866 119.2 2.8
TL 1790328821.966 282.4 2.1
TL 1790328822.067 511.3 2.9
TL 1790328822.167 422.6 2.3
TL 1790328822.267 242.3 1.8
TL 1790328822.367 147.3 1.8
TL 1790328822.467 172.6 2.9
TL 1790328822.567 132.7 3.2
TL 1790328822.668 68.6 3.1
TL 1790328822.768 155.8 3.2
TL 1790328822.868 457.8 3.2
TL 1790328822.968 494.2 2.6
TL 1790328823.069 711.9 2.0
TL 1790328823.168 117.3 3.2
TL 1790328823.269 102.6 2.4
TL 1790328823.369 195.0 1.5
TL 1790328823.471 1830.8 3.0
TL 1790328823.569 185.5 2.7
TL 1790328823.669 157.0 2.3
TL 1790328823.769 133.2 2.9
TL 1790328823.870 143.0 2.4
TL 1790328823.970 342.7 2.3
TL 1790328824.070 140.5 2.7
TL 1790328824.170 160.9 2.8
TL 1790328824.270 141.9 2.4
TL 1790328824.371 555.2 2.7
TL 1790328824.470 147.0 1.6
TL 1790328824.571 182.2 2.5
TL 1790328824.671 90.8 1.9
TL 1790328824.771 128.8 2.7
TL 1790328824.871 129.1 2.8
TL 1790328824.972 838.6 2.1
TL 1790328825.071 125.1 3.2
TL 1790328825.172 293.4 2.4
TL 1790328825.272 96.1 2.6
TL 1790328825.372 506.5 1.9
TL 1790328825.472 394.5 3.1
TL 1790328825.572 90.5 3.1
TL 1790328825.672 113.6 1.9
TL 1790328825.773 122.3 3.0
TL 1790328825.873 205.1 2.3
TL 1790328825.973 142.1 3.3
TL 1790328826.073 397.6 2.2
TL 1790328826.173 159.8 1.7
TL 1790328826.273 175.5 3.0
TL 1790328826.373 196.5 2.9
TL 1790328826.473 155.7 2.7
TL 1790328826.574 298.1 2.8
TL 1790328826.674 91.2 1.7
TL 1790328826.774 82.2 2.1
TL 1790328826.874 101.5 2.1
TL 1790328826.974 332.2 4.5
TL 1790328827.074 120.7 1.7
TL 1790328827.174 298.3 1.8
TL 1790328827.275 298.6 2.9
TL 1790328827.375 85.1 2.0
TL 1790328827.475 508.3 2.4
TL 1790328827.575 289.4 3.6
