1790359724.198958396   51997 1004255
1790359726.626391155       0       0
1790359728.884701675       0       0
1790359731.132093549       0       0
1790359733.378992350       0       0
1790359735.623588704   44201 1003731
1790359737.887682036       0       0
1790359740.112793285       0       0
1790359742.365284014       0       0
1790359744.612887398       0       0
1790359746.881252033       0       0
1790359749.129984740       0       0
1790359751.372291718   55959 1003289
1790359753.619117343       0       0
1790359755.894215623       0       0
1790359758.137099580       0       0
1790359760.514190465       0       0
1790359762.786108641       0       0
1790359765.040949005       0       0
1790359767.275338119       0       0
1790359769.529763326   66796 1003524
1790359771.765953898       0       0
1790359774.050622074       0       0
