1790328639.969345462  411195 1003712
1790328642.486455356       0       0
1790328644.869151085   34160 1003532
1790328647.193491709       0       0
1790328649.532578895       0       0
1790328651.884549155       0       0
1790328654.210436289       0       0
1790328656.541417382       0       0
1790328658.867412746       0       0
1790328661.195727016       0       0
1790328663.511611650       0       0
1790328665.876028368       0       0
1790328668.239663680   51371 1002584
1790328670.571353731       0       0
1790328672.902782689   43532 1002602
1790328675.236783886   53302 1002874
1790328677.760835083   50964 1002696
1790328680.102623102   57755 1002661
1790328682.447283466   62008 1002823
1790328684.774400392   63453 1002608
1790328687.127242735   59090 1002604
1790328689.565842630   58064 1002440
1790328691.909114348   71650 1002622
1790328694.282752160   74635 1002887
1790328696.599726169   67211 1002535
1790328698.929317627   62741 1002708
1790328701.269191532   61548 1002710
1790328703.593039448   69461 1002775
1790328705.929465905   56811 1002677
1790328708.296572779   55813 1002566
1790328710.617405330   57441 1002661
1790328713.131520329   67124 1002875
1790328715.461583818   64663 1002701
1790328717.808569182   68129 1002569
1790328720.165295535   67044 1002655
1790328722.504649128   59823 1002805
1790328724.853737565   68595 1002628
1790328727.193609230   66076 1002714
1790328729.578394125   53994 1002408
1790328732.012995010   52049 1002468
1790328734.431099592   66652 1002976
1790328736.879514018   69346 1002893
1790328739.308749955   69029 1003130
1790328741.769799069   60176 1002678
1790328744.209494016   65590 1002593
1790328746.650901254   61822 1002511
1790328749.281663857   64083 1002609
1790328751.714603961   51108 1002436
1790328754.158195835   55863 1002700
1790328756.595871250   57412 1003043
1790328759.028985416   71310 1002719
1790328761.486270103   52607 1002597
1790328763.902429268   56635 1002400
1790328766.337381663   58730 1002702
1790328768.750236298   52187 1002674
1790328771.208961245   57416 1002681
1790328773.641424161   53068 1002759
1790328776.073516764   64447 1002657
1790328778.507395357   53580 1002363
1790328780.901221710   61259 1002453
1790328783.361350771   55182 1002780
1790328785.989826447   49209 1002595
1790328788.414968790   56503 1002288
1790328790.859828008   54144 1002340
1790328793.271134830   54061 1002696
1790328795.679629413   58098 1002716
1790328798.128948162   65426 1002760
1790328800.556690921   63229 1002699
1790328803.013873524   76631 1002839
1790328805.431247482   60265 1003105
1790328807.855288627       0       0
1790328810.269848990       0       0
1790328812.701752323       0       0
1790328815.111237374       0       0
1790328817.503848206       0       0
1790328819.933482424       0       0
1790328822.632953621   45436 1002769
1790328825.088916641       0       0
