TL 1790327721.415 49.3 0.7
TL 1790327721.515 130.8 1.9
TL 1790327721.615 325.4 3.7
TL 1790327721.716 254.0 3.7
TL 1790327721.815 67.1 1.0
TL 1790327721.916 353.0 2.2
TL 1790327722.017 485.7 3.1
TL 1790327722.116 233.9 3.0
TL 1790327722.217 191.4 2.8
TL 1790327722.317 315.9 4.9
TL 1790327722.417 148.2 0.9
TL 1790327722.517 125.5 2.1
TL 1790327722.617 343.6 2.1
TL 1790327722.718 303.8 2.6
TL 1790327722.818 354.5 2.5
TL 1790327722.918 53.6 0.5
TL 1790327723.018 277.6 4.4
TL 1790327723.118 203.3 2.9
TL 1790327723.218 214.2 2.9
TL 1790327723.318 182.0 2.6
TL 1790327723.418 75.1 0.7
TL 1790327723.518 69.0 1.8
TL 1790327723.619 182.2 1.8
TL 1790327723.719 350.4 4.8
TL 1790327723.820 579.3 3.0
TL 1790327723.920 509.9 1.3
TL 1790327724.020 252.6 2.5
TL 1790327724.121 316.0 2.4
TL 1790327724.221 276.2 3.2
TL 1790327724.321 282.3 1.9
TL 1790327724.421 300.1 1.6
TL 1790327724.521 112.6 2.2
TL 1790327724.621 101.6 2.6
TL 1790327724.722 248.5 2.9
TL 1790327724.822 397.3 3.7
TL 1790327724.922 204.3 2.0
TL 1790327725.022 143.3 1.8
TL 1790327725.122 242.6 3.5
TL 1790327725.222 230.9 3.5
TL 1790327725.323 632.4 5.5
TL 1790327725.423 204.7 2.3
TL 1790327725.523 78.9 1.2
TL 1790327725.623 219.0 3.7
TL 1790327725.723 262.4 2.6
TL 1790327725.824 540.2 5.3
TL 1790327725.924 335.7 0.6
TL 1790327726.024 659.3 2.9
TL 1790327726.124 353.3 2.7
TL 1790327726.224 197.0 4.2
TL 1790327726.324 80.3 0.6
TL 1790327726.424 79.8 0.5
TL 1790327726.525 311.9 4.1
TL 1790327726.625 54.6 2.4
TL 1790327726.725 258.5 2.3
TL 1790327726.825 497.3 1.9
TL 1790327726.925 58.1 0.8
TL 1790327727.025 117.6 1.6
TL 1790327727.125 210.9 2.8
TL 1790327727.225 92.4 3.3
TL 1790327727.325 54.3 1.9
TL 1790327727.426 122.3 1.1
TL 1790327727.526 71.0 2.5
TL 1790327727.626 77.2 2.1
TL 1790327727.726 86.7 2.3
TL 1790327727.826 90.5 1.8
TL 1790327727.926 169.8 1.5
TL 1790327728.026 75.4 2.4
TL 1790327728.126 117.8 2.2
TL 1790327728.227 143.7 3.1
TL 1790327728.327 195.3 2.1
TL 1790327728.427 143.7 0.5
TL 1790327728.527 59.0 1.8
TL 1790327728.627 58.9 1.6
TL 1790327728.727 139.2 2.3
TL 1790327728.827 75.3 2.0
TL 1790327728.927 103.4 0.6
TL 1790327729.027 79.3 2.1
TL 1790327729.127 54.5 1.6
TL 1790327729.228 103.1 2.3
TL 1790327729.328 825.6 1.7
TL 1790327729.428 110.8 1.1
TL 1790327729.528 77.6 1.8
TL 1790327729.628 99.9 2.3
TL 1790327729.728 121.9 1.8
TL 1790327729.828 71.3 2.2
TL 1790327729.928 109.3 0.5
TL 1790327730.028 86.1 1.9
TL 1790327730.129 177.6 1.7
TL 1790327730.229 53.7 1.9
TL 1790327730.330 1504.5 1.8
TL 1790327730.429 83.8 0.9
TL 1790327730.529 162.6 1.6
TL 1790327730.630 685.3 2.2
TL 1790327730.729 63.5 1.7
TL 1790327730.829 86.8 1.7
TL 1790327730.930 434.9 0.8
TL 1790327731.029 56.3 2.1
TL 1790327731.130 40.7 2.8
TL 1790327731.230 61.4 1.6
TL 1790327731.331 735.8 2.1
TL 1790327731.430 324.9 1.4
TL 1790327731.530 376.5 2.8
TL 1790327731.630 38.7 2.4
TL 1790327731.730 73.0 1.7
TL 1790327731.830 94.5 3.1
TL 1790327731.931 64.4 0.9
TL 1790327732.031 326.6 3.4
TL 1790327732.131 70.3 2.3
TL 1790327732.231 279.9 2.9
TL 1790327732.331 133.5 1.6
TL 1790327732.431 317.7 2.1
TL 1790327732.532 549.7 3.7
TL 1790327732.632 177.4 3.3
TL 1790327732.732 118.9 1.9
TL 1790327732.832 125.4 1.9
TL 1790327732.932 167.6 1.0
TL 1790327733.032 221.4 3.2
TL 1790327733.132 380.5 4.6
TL 1790327733.232 134.5 2.1
TL 1790327733.333 287.2 3.3
TL 1790327733.433 117.4 0.6
TL 1790327733.533 337.8 3.0
TL 1790327733.633 349.4 4.3
TL 1790327733.733 338.4 3.0
TL 1790327733.833 113.2 1.4
TL 1790327733.933 112.9 0.6
TL 1790327734.033 53.1 1.0
TL 1790327734.134 99.4 1.8
TL 1790327734.234 118.7 3.4
TL 1790327734.334 383.8 5.1
TL 1790327734.434 181.8 1.4
TL 1790327734.534 237.0 2.3
TL 1790327734.634 193.0 1.7
TL 1790327734.735 365.6 2.9
TL 1790327734.835 629.5 2.6
TL 1790327734.935 115.1 1.0
TL 1790327735.035 509.0 2.5
TL 1790327735.135 416.1 4.5
TL 1790327735.236 420.3 3.4
TL 1790327735.336 201.5 3.0
TL 1790327735.436 329.7 2.5
TL 1790327735.536 147.8 1.0
TL 1790327735.636 114.9 0.8
TL 1790327735.736 339.8 3.5
TL 1790327735.836 128.7 1.5
TL 1790327735.937 450.4 1.7
TL 1790327736.037 293.0 2.3
TL 1790327736.137 303.1 1.7
TL 1790327736.237 267.4 3.0
TL 1790327736.337 117.4 2.1
TL 1790327736.438 979.2 1.0
TL 1790327736.537 98.5 2.2
TL 1790327736.639 1212.3 3.1
TL 1790327736.738 300.5 4.2
TL 1790327736.838 118.1 1.4
TL 1790327736.938 313.0 1.4
TL 1790327737.038 85.9 0.8
TL 1790327737.139 549.5 3.1
TL 1790327737.239 255.6 4.3
TL 1790327737.339 306.6 3.7
TL 1790327737.439 70.8 0.5
TL 1790327737.539 251.9 3.2
TL 1790327737.640 707.8 3.2
TL 1790327737.739 62.3 1.0
TL 1790327737.839 75.3 1.8
TL 1790327737.940 389.3 0.4
TL 1790327738.040 400.3 2.5
TL 1790327738.140 394.5 2.6
TL 1790327738.240 330.9 3.8
TL 1790327738.341 212.8 5.3
TL 1790327738.441 315.6 2.3
TL 1790327738.541 788.8 4.0
TL 1790327738.641 62.9 2.4
TL 1790327738.741 81.8 2.3
TL 1790327738.841 72.9 1.7
TL 1790327738.941 132.0 0.8
TL 1790327739.042 439.5 2.0
TL 1790327739.142 323.4 2.4
TL 1790327739.242 232.9 1.9
TL 1790327739.342 235.4 2.3
TL 1790327739.443 393.3 1.6
TL 1790327739.543 329.4 3.3
TL 1790327739.643 411.1 4.6
TL 1790327739.743 340.1 2.1
TL 1790327739.843 50.5 1.5
TL 1790327739.944 257.5 1.3
TL 1790327740.044 397.0 0.8
TL 1790327740.144 509.2 3.0
TL 1790327740.244 331.1 2.8
TL 1790327740.344 374.2 4.9
TL 1790327740.445 359.6 1.8
TL 1790327740.544 82.1 0.9
TL 1790327740.644 71.0 1.1
TL 1790327740.745 230.2 2.5
TL 1790327740.845 64.4 1.5
TL 1790327740.945 82.0 1.2
TL 1790327741.045 95.5 3.0
TL 1790327741.145 373.4 3.6
TL 1790327741.246 364.7 3.6
TL 1790327741.346 220.1 3.9
TL 1790327741.446 123.2 0.4
TL 1790327741.546 376.2 2.6
TL 1790327741.647 254.7 2.7
TL 1790327741.747 447.2 2.8
TL 1790327741.847 300.4 2.8
TL 1790327741.948 479.6 0.7
TL 1790327742.048 104.1 1.8
TL 1790327742.148 389.0 3.6
TL 1790327742.248 365.5 3.2
TL 1790327742.348 405.8 2.7
TL 1790327742.448 264.4 2.1
TL 1790327742.549 213.7 2.5
TL 1790327742.649 318.9 4.0
TL 1790327742.749 400.0 3.3
TL 1790327742.849 431.4 5.5
TL 1790327742.949 271.3 1.8
TL 1790327743.049 99.8 1.3
TL 1790327743.150 984.0 3.0
TL 1790327743.250 174.9 2.9
TL 1790327743.350 102.0 2.6
TL 1790327743.450 221.2 2.0
TL 1790327743.550 79.7 1.4
TL 1790327743.650 79.4 1.3
TL 1790327743.750 306.6 2.9
TL 1790327743.850 165.2 2.1
TL 1790327743.951 287.2 1.7
TL 1790327744.051 290.6 1.6
TL 1790327744.151 243.7 3.1
TL 1790327744.251 161.1 2.2
TL 1790327744.351 273.3 4.0
TL 1790327744.451 341.5 2.7
TL 1790327744.552 220.1 3.2
TL 1790327744.652 87.8 1.9
TL 1790327744.752 71.3 0.8
TL 1790327744.852 359.3 4.2
TL 1790327744.952 259.8 1.9
TL 1790327745.053 391.9 2.7
TL 1790327745.153 274.4 3.2
TL 1790327745.253 127.0 1.4
TL 1790327745.353 487.6 2.4
TL 1790327745.453 158.9 1.1
TL 1790327745.553 55.6 1.3
TL 1790327745.653 47.7 2.3
TL 1790327745.754 429.7 5.7
TL 1790327745.854 201.5 2.3
TL 1790327745.954 304.2 1.2
TL 1790327746.054 622.8 2.6
TL 1790327746.154 458.5 2.3
TL 1790327746.254 263.6 4.6
TL 1790327746.354 255.3 3.1
TL 1790327746.454 137.5 0.8
TL 1790327746.555 83.1 1.6
TL 1790327746.655 318.7 3.1
TL 1790327746.755 271.4 3.1
TL 1790327746.855 321.0 3.3
TL 1790327746.955 267.2 1.1
TL 1790327747.056 325.2 2.4
TL 1790327747.155 99.9 1.7
TL 1790327747.256 190.6 2.7
TL 1790327747.356 194.6 1.7
TL 1790327747.456 497.6 1.8
TL 1790327747.556 160.9 1.6
TL 1790327747.657 431.5 3.5
TL 1790327747.757 81.2 2.3
TL 1790327747.857 184.4 1.8
TL 1790327747.958 322.7 2.6
TL 1790327748.058 345.8 2.1
TL 1790327748.158 89.5 2.9
TL 1790327748.258 269.1 2.7
TL 1790327748.358 331.5 3.0
TL 1790327748.459 337.7 1.1
TL 1790327748.559 359.9 2.7
TL 1790327748.660 318.5 3.2
TL 1790327748.760 234.9 4.1
TL 1790327748.860 374.6 3.2
TL 1790327748.960 279.2 0.8
TL 1790327749.061 295.2 4.4
TL 1790327749.160 89.2 2.0
TL 1790327749.261 350.5 2.8
TL 1790327749.361 94.8 1.5
TL 1790327749.461 357.4 1.6
TL 1790327749.561 226.9 2.9
TL 1790327749.661 250.7 2.8
TL 1790327749.762 347.3 2.6
TL 1790327749.862 156.4 1.1
TL 1790327749.962 49.6 1.2
TL 1790327750.062 141.5 1.6
TL 1790327750.162 217.4 1.5
TL 1790327750.262 305.9 3.2
TL 1790327750.362 219.0 3.4
TL 1790327750.463 257.7 2.1
TL 1790327750.563 267.9 4.2
TL 1790327750.663 297.3 2.9
TL 1790327750.763 71.0 0.8
TL 1790327750.863 129.1 1.3
TL 1790327750.963 84.6 0.8
TL 1790327751.064 325.0 1.7
TL 1790327751.164 773.4 3.5
TL 1790327751.264 374.1 3.3
TL 1790327751.365 669.7 2.7
TL 1790327751.464 125.7 0.9
TL 1790327751.565 202.3 3.1
TL 1790327751.665 80.9 1.8
TL 1790327751.765 58.2 2.5
TL 1790327751.865 58.3 2.1
TL 1790327751.966 1472.1 2.2
TL 1790327752.065 82.2 3.3
TL 1790327752.165 54.1 2.6
TL 1790327752.265 101.7 3.2
TL 1790327752.366 70.6 1.7
TL 1790327752.466 136.9 1.2
TL 1790327752.566 67.9 2.2
TL 1790327752.666 92.3 1.9
TL 1790327752.766 211.4 2.1
TL 1790327752.866 71.8 2.2
TL 1790327752.966 85.1 1.9
TL 1790327753.066 79.3 2.0
TL 1790327753.167 86.0 2.6
TL 1790327753.268 868.3 1.6
TL 1790327753.367 131.7 2.4
TL 1790327753.467 214.7 0.6
TL 1790327753.567 166.6 2.6
TL 1790327753.667 100.6 1.5
TL 1790327753.771 3891.4 1.8
TL 1790327753.868 128.6 2.1
TL 1790327753.968 58.3 0.6
TL 1790327754.068 119.8 1.9
TL 1790327754.168 71.4 1.6
TL 1790327754.268 238.0 3.7
TL 1790327754.368 197.7 4.7
TL 1790327754.469 343.0 2.1
TL 1790327754.569 212.3 2.2
TL 1790327754.669 123.6 1.8
TL 1790327754.769 120.9 2.3
TL 1790327754.869 145.7 1.5
TL 1790327754.970 64.4 1.5
TL 1790327755.070 678.7 14.0
TL 1790327755.170 96.7 1.6
TL 1790327755.271 604.0 2.8
TL 1790327755.371 287.2 4.0
TL 1790327755.471 320.9 2.1
TL 1790327755.571 131.6 2.4
TL 1790327755.671 114.4 2.0
TL 1790327755.771 91.2 1.8
TL 1790327755.871 70.7 1.8
TL 1790327755.974 1180.0 3.4
TL 1790327756.074 463.1 4.9
TL 1790327756.174 444.1 6.7
TL 1790327756.274 269.9 5.4
TL 1790327756.374 153.5 2.9
TL 1790327756.474 291.1 3.0
TL 1790327756.574 138.2 2.1
TL 1790327756.674 52.9 1.1
TL 1790327756.774 100.5 2.9
TL 1790327756.874 114.3 3.7
TL 1790327756.975 247.9 0.5
TL 1790327757.075 225.0 3.9
TL 1790327757.175 119.7 1.8
TL 1790327757.275 57.4 2.0
TL 1790327757.375 326.7 6.5
TL 1790327757.475 88.9 1.0
TL 1790327757.575 87.8 3.0
TL 1790327757.675 165.9 3.7
TL 1790327757.776 342.7 5.0
TL 1790327757.876 159.3 2.4
TL 1790327757.976 102.4 0.8
TL 1790327758.076 399.1 2.8
TL 1790327758.176 361.5 4.2
TL 1790327758.277 419.8 3.3
TL 1790327758.377 138.3 1.8
TL 1790327758.477 83.5 0.7
TL 1790327758.577 74.1 1.7
TL 1790327758.677 123.3 3.9
TL 1790327758.778 403.2 6.5
TL 1790327758.878 256.3 2.9
TL 1790327758.978 76.5 0.6
TL 1790327759.078 186.9 2.2
TL 1790327759.178 48.9 1.5
TL 1790327759.279 690.1 1.5
TL 1790327759.378 89.2 1.2
TL 1790327759.478 121.0 1.3
TL 1790327759.578 64.6 1.9
TL 1790327759.678 161.3 1.4
TL 1790327759.779 523.9 2.5
TL 1790327759.879 351.6 4.7
TL 1790327759.979 237.1 2.0
TL 1790327760.079 128.8 2.1
TL 1790327760.179 110.2 1.6
TL 1790327760.280 276.6 4.3
TL 1790327760.380 339.6 3.5
TL 1790327760.480 135.4 0.9
TL 1790327760.580 109.3 2.1
TL 1790327760.680 102.3 9.5
TL 1790327760.780 151.4 2.2
TL 1790327760.880 258.7 4.0
TL 1790327760.980 116.4 0.8
TL 1790327761.080 93.0 1.4
TL 1790327761.181 167.3 1.5
TL 1790327761.281 263.9 4.9
TL 1790327761.381 81.2 2.6
TL 1790327761.481 48.1 1.2
TL 1790327761.581 99.1 2.7
TL 1790327761.681 126.0 3.3
TL 1790327761.782 171.1 1.4
TL 1790327761.882 106.3 1.4
TL 1790327761.982 192.2 1.6
TL 1790327762.082 139.3 2.2
TL 1790327762.182 64.4 1.3
TL 1790327762.282 88.4 1.5
TL 1790327762.382 120.6 2.7
TL 1790327762.483 287.4 2.5
TL 1790327762.583 390.3 3.8
TL 1790327762.683 121.2 2.3
TL 1790327762.783 128.0 1.9
TL 1790327762.883 81.9 1.5
TL 1790327762.983 92.2 1.1
TL 1790327763.083 71.6 1.5
TL 1790327763.184 125.4 1.8
TL 1790327763.284 133.6 2.0
TL 1790327763.384 66.9 2.1
TL 1790327763.484 239.6 2.9
TL 1790327763.584 250.9 3.5
TL 1790327763.685 400.2 5.4
TL 1790327763.784 65.9 2.3
TL 1790327763.885 70.6 3.3
TL 1790327763.985 54.0 1.5
TL 1790327764.085 301.3 2.0
TL 1790327764.185 114.8 1.4
TL 1790327764.285 89.4 1.5
TL 1790327764.385 124.0 1.5
TL 1790327764.485 61.3 1.0
TL 1790327764.585 113.2 1.6
TL 1790327764.686 345.4 3.4
TL 1790327764.786 348.8 1.5
TL 1790327764.886 90.9 2.5
TL 1790327764.986 95.0 0.8
TL 1790327765.086 192.4 2.3
TL 1790327765.186 115.4 2.3
TL 1790327765.286 155.2 1.7
TL 1790327765.386 114.7 2.2
TL 1790327765.486 184.5 1.3
TL 1790327765.586 92.2 1.5
TL 1790327765.687 160.2 2.0
TL 1790327765.787 448.5 2.3
TL 1790327765.887 140.1 2.9
TL 1790327765.987 83.2 0.7
TL 1790327766.087 62.2 1.8
TL 1790327766.187 68.0 2.5
TL 1790327766.288 389.3 4.8
TL 1790327766.387 136.6 1.5
TL 1790327766.488 125.8 1.0
TL 1790327766.588 111.7 3.0
TL 1790327766.688 105.1 1.5
TL 1790327766.791 3025.6 2.7
TL 1790327766.888 115.8 1.5
TL 1790327766.988 144.8 1.1
TL 1790327767.089 340.6 4.4
TL 1790327767.188 165.5 3.0
TL 1790327767.289 91.6 2.7
TL 1790327767.389 500.0 4.1
TL 1790327767.489 224.5 1.6
TL 1790327767.589 143.5 3.1
TL 1790327767.689 118.5 2.8
TL 1790327767.789 99.4 2.1
TL 1790327767.889 55.6 1.7
TL 1790327767.996 6469.8 0.9
TL 1790327768.090 374.9 4.2
TL 1790327768.190 365.2 4.5
TL 1790327768.290 86.0 2.8
TL 1790327768.390 87.4 2.2
TL 1790327768.490 57.0 1.0
TL 1790327768.590 120.9 1.8
TL 1790327768.690 116.4 1.7
TL 1790327768.791 70.6 1.6
TL 1790327768.891 555.7 1.1
TL 1790327768.991 346.4 1.2
TL 1790327769.091 321.9 4.4
TL 1790327769.191 164.7 2.4
TL 1790327769.291 190.8 3.3
TL 1790327769.392 493.3 4.0
TL 1790327769.492 169.0 1.1
TL 1790327769.592 104.2 8.7
TL 1790327769.692 125.7 1.4
TL 1790327769.792 129.2 1.9
TL 1790327769.892 121.6 1.6
TL 1790327769.992 77.3 3.0
TL 1790327770.093 259.1 4.0
TL 1790327770.193 480.8 3.9
TL 1790327770.293 422.4 4.3
TL 1790327770.394 566.4 3.6
TL 1790327770.494 434.8 1.5
TL 1790327770.594 134.2 2.2
TL 1790327770.694 66.8 2.1
TL 1790327770.794 118.9 2.0
TL 1790327770.894 100.4 1.5
TL 1790327770.994 99.6 1.0
TL 1790327771.094 137.2 1.5
TL 1790327771.194 128.2 1.6
TL 1790327771.295 268.7 1.6
TL 1790327771.395 129.0 3.0
TL 1790327771.495 210.9 1.4
TL 1790327771.595 285.2 3.8
TL 1790327771.695 457.0 2.9
TL 1790327771.795 346.5 1.7
TL 1790327771.895 131.4 1.2
TL 1790327771.995 114.5 0.7
TL 1790327772.095 120.4 0.9
TL 1790327772.196 93.3 1.8
TL 1790327772.296 73.4 1.5
TL 1790327772.396 225.1 2.1
TL 1790327772.496 141.8 1.1
TL 1790327772.596 144.4 2.0
TL 1790327772.696 96.6 1.9
TL 1790327772.796 111.3 1.7
TL 1790327772.896 95.7 1.8
TL 1790327772.996 67.1 0.4
TL 1790327773.097 115.2 1.4
TL 1790327773.197 128.1 1.4
TL 1790327773.297 152.7 1.5
TL 1790327773.397 84.8 1.5
TL 1790327773.497 76.4 0.8
TL 1790327773.598 614.2 3.7
TL 1790327773.697 273.5 1.4
TL 1790327773.798 412.4 3.1
TL 1790327773.898 148.6 2.0
TL 1790327773.998 72.1 1.1
TL 1790327774.098 263.9 27.8
TL 1790327774.198 150.3 2.4
TL 1790327774.298 105.7 1.8
TL 1790327774.398 116.0 1.6
TL 1790327774.498 198.6 2.3
TL 1790327774.598 103.9 1.6
TL 1790327774.703 4873.7 1.8
TL 1790327774.799 334.4 4.6
TL 1790327774.899 255.3 4.1
TL 1790327774.999 171.7 0.6
TL 1790327775.099 56.9 2.7
TL 1790327775.199 88.8 2.2
TL 1790327775.299 54.5 1.5
TL 1790327775.399 118.7 1.7
TL 1790327775.500 109.3 1.5
TL 1790327775.600 95.0 3.9
TL 1790327775.703 2827.3 1.5
TL 1790327775.800 480.5 5.8
TL 1790327775.900 199.5 3.0
TL 1790327776.000 112.1 1.4
TL 1790327776.100 74.0 1.7
TL 1790327776.201 200.9 2.5
TL 1790327776.301 228.4 2.0
TL 1790327776.401 113.4 2.0
TL 1790327776.501 139.8 1.0
TL 1790327776.601 215.2 1.9
TL 1790327776.701 506.5 3.4
TL 1790327776.801 92.0 2.0
TL 1790327776.901 55.2 2.1
TL 1790327777.002 426.4 1.8
TL 1790327777.102 562.0 4.3
TL 1790327777.202 332.0 2.3
TL 1790327777.302 126.6 2.6
TL 1790327777.403 606.1 1.9
TL 1790327777.502 140.4 1.6
TL 1790327777.602 127.4 1.4
TL 1790327777.702 81.3 1.4
TL 1790327777.803 161.7 2.1
TL 1790327777.903 520.9 4.4
TL 1790327778.003 131.5 1.7
TL 1790327778.103 166.2 1.9
TL 1790327778.203 145.7 2.0
TL 1790327778.303 127.2 2.0
TL 1790327778.403 108.2 1.7
TL 1790327778.503 84.0 1.2
TL 1790327778.603 49.6 1.8
TL 1790327778.708 4497.4 1.8
TL 1790327778.804 601.1 3.7
TL 1790327778.904 364.0 3.8
TL 1790327779.004 63.2 1.2
TL 1790327779.104 476.7 4.0
TL 1790327779.205 445.1 5.1
TL 1790327779.305 153.1 1.7
TL 1790327779.405 136.5 1.6
TL 1790327779.505 132.5 2.0
TL 1790327779.605 107.9 3.1
TL 1790327779.707 1902.3 1.7
TL 1790327779.805 229.6 1.8
TL 1790327779.905 347.2 4.0
TL 1790327780.005 169.7 2.4
TL 1790327780.105 88.5 1.6
TL 1790327780.206 95.0 1.2
TL 1790327780.306 162.7 1.8
TL 1790327780.406 136.7 1.9
TL 1790327780.506 110.0 0.9
TL 1790327780.606 140.6 1.6
TL 1790327780.710 4213.0 2.1
TL 1790327780.807 480.9 4.8
TL 1790327780.907 287.2 4.3
TL 1790327781.007 257.9 2.0
TL 1790327781.107 152.3 2.0
TL 1790327781.207 353.8 4.2
TL 1790327781.307 251.8 1.5
TL 1790327781.407 63.0 1.1
TL 1790327781.507 96.5 0.6
TL 1790327781.608 100.1 2.2
TL 1790327781.708 170.5 1.5
TL 1790327781.811 2841.8 2.2
TL 1790327781.911 2999.0 3.6
TL 1790327782.008 101.9 1.0
TL 1790327782.108 130.9 1.4
TL 1790327782.208 183.8 1.4
TL 1790327782.308 71.0 1.3
TL 1790327782.409 193.7 2.6
TL 1790327782.509 162.8 1.7
TL 1790327782.609 71.2 1.2
TL 1790327782.709 59.2 1.5
TL 1790327782.810 975.0 1.6
TL 1790327782.910 504.1 4.1
TL 1790327783.009 249.5 1.9
TL 1790327783.110 239.0 4.1
TL 1790327783.210 154.2 1.7
TL 1790327783.310 347.2 3.9
TL 1790327783.410 167.3 2.4
TL 1790327783.510 111.5 1.6
TL 1790327783.610 98.9 1.6
TL 1790327783.710 125.3 1.8
TL 1790327783.814 3449.0 1.7
TL 1790327783.911 75.5 3.4
TL 1790327784.011 80.7 0.9
TL 1790327784.111 116.1 1.7
TL 1790327784.211 143.9 1.6
TL 1790327784.312 692.1 1.7
TL 1790327784.411 115.3 1.4
TL 1790327784.511 178.5 1.0
TL 1790327784.612 145.7 1.5
TL 1790327784.712 167.7 2.0
TL 1790327784.812 235.4 3.1
TL 1790327784.912 638.5 5.3
TL 1790327785.013 507.0 4.0
TL 1790327785.113 686.4 4.1
TL 1790327785.213 187.2 2.6
TL 1790327785.313 148.3 1.6
TL 1790327785.413 73.7 1.6
TL 1790327785.513 162.1 2.0
TL 1790327785.613 305.7 1.7
TL 1790327785.714 1254.2 1.6
TL 1790327785.815 426.2 4.1
TL 1790327785.915 58.0 1.9
TL 1790327786.015 144.8 1.9
TL 1790327786.115 173.0 3.4
TL 1790327786.215 152.7 1.5
TL 1790327786.315 161.7 2.4
TL 1790327786.416 771.1 1.8
TL 1790327786.515 53.2 1.0
TL 1790327786.616 70.9 1.6
TL 1790327786.716 91.0 2.0
TL 1790327786.818 1910.2 1.5
TL 1790327786.916 330.6 4.1
TL 1790327787.017 242.4 3.0
TL 1790327787.117 409.1 4.0
TL 1790327787.217 179.5 2.9
TL 1790327787.317 164.2 2.2
TL 1790327787.417 140.8 1.7
TL 1790327787.517 81.7 0.7
TL 1790327787.617 107.5 1.4
TL 1790327787.717 84.2 1.7
TL 1790327787.818 1138.3 1.9
TL 1790327787.917 83.5 3.0
TL 1790327788.018 67.1 1.3
TL 1790327788.118 108.4 1.6
TL 1790327788.218 195.0 2.3
TL 1790327788.318 314.1 3.6
TL 1790327788.419 506.6 4.7
TL 1790327788.518 214.5 82.1
TL 1790327788.618 111.1 1.6
TL 1790327788.718 102.8 1.3
TL 1790327788.819 85.1 1.6
TL 1790327788.919 307.6 1.5
TL 1790327789.019 228.3 2.4
TL 1790327789.119 375.3 4.8
TL 1790327789.219 366.4 5.1
TL 1790327789.319 207.7 2.7
TL 1790327789.419 128.3 1.9
TL 1790327789.520 81.2 1.1
TL 1790327789.620 115.6 3.3
TL 1790327789.720 91.7 1.6
TL 1790327789.820 391.9 2.3
TL 1790327789.924 3638.3 1.3
TL 1790327790.020 109.9 1.7
TL 1790327790.120 100.2 1.3
TL 1790327790.220 227.8 3.0
TL 1790327790.322 708.0 5.4
TL 1790327790.422 507.0 4.3
TL 1790327790.522 179.1 2.2
TL 1790327790.622 233.0 1.9
TL 1790327790.722 146.7 3.9
TL 1790327790.822 72.8 1.6
TL 1790327790.922 81.0 1.4
TL 1790327791.023 307.6 2.1
TL 1790327791.123 128.6 2.3
TL 1790327791.223 190.5 3.4
TL 1790327791.324 563.9 4.3
TL 1790327791.423 235.4 2.8
TL 1790327791.523 102.4 0.9
TL 1790327791.624 86.4 1.3
TL 1790327791.724 67.5 1.2
TL 1790327791.824 110.2 1.7
TL 1790327791.924 94.7 1.5
TL 1790327792.024 100.8 2.3
TL 1790327792.124 390.3 1.3
TL 1790327792.224 155.6 1.6
TL 1790327792.324 187.4 1.9
TL 1790327792.425 292.0 3.0
TL 1790327792.525 322.7 1.5
TL 1790327792.625 303.8 2.2
TL 1790327792.725 104.1 1.7
TL 1790327792.825 78.4 1.4
TL 1790327792.925 151.4 1.7
TL 1790327793.025 105.6 1.0
TL 1790327793.125 107.6 3.4
TL 1790327793.228 3024.3 1.3
TL 1790327793.326 170.2 2.5
TL 1790327793.426 53.0 2.3
TL 1790327793.526 250.7 2.7
TL 1790327793.626 253.6 2.9
TL 1790327793.726 184.6 2.2
TL 1790327793.826 74.8 1.4
TL 1790327793.927 123.8 1.4
TL 1790327794.027 98.2 1.2
TL 1790327794.127 65.7 1.5
TL 1790327794.227 119.5 1.4
TL 1790327794.329 1782.1 1.4
TL 1790327794.427 144.0 3.0
TL 1790327794.528 383.2 2.3
TL 1790327794.629 479.6 4.9
TL 1790327794.728 237.6 3.6
TL 1790327794.829 186.0 2.4
TL 1790327794.929 161.7 1.6
TL 1790327795.029 119.7 1.7
TL 1790327795.129 77.5 2.2
TL 1790327795.229 76.2 1.4
TL 1790327795.331 2043.5 1.8
TL 1790327795.429 262.8 3.5
TL 1790327795.529 202.3 2.3
TL 1790327795.629 80.7 1.6
TL 1790327795.729 79.0 1.8
TL 1790327795.830 489.8 2.9
TL 1790327795.930 165.4 1.6
TL 1790327796.030 129.8 1.3
TL 1790327796.130 186.4 2.3
TL 1790327796.230 77.2 1.2
TL 1790327796.332 1570.9 1.5
TL 1790327796.430 182.4 2.7
TL 1790327796.531 353.5 3.3
TL 1790327796.631 326.4 4.5
TL 1790327796.731 364.3 5.3
TL 1790327796.831 178.1 2.2
TL 1790327796.931 159.3 1.8
TL 1790327797.031 96.9 1.0
TL 1790327797.131 121.5 1.6
TL 1790327797.231 73.1 1.4
TL 1790327797.332 275.8 3.4
TL 1790327797.433 409.5 17.0
TL 1790327797.533 245.5 3.0
TL 1790327797.633 71.8 2.8
TL 1790327797.733 505.1 4.6
TL 1790327797.833 171.3 2.0
TL 1790327797.933 54.4 1.5
TL 1790327798.034 365.9 1.4
TL 1790327798.133 88.6 1.4
TL 1790327798.234 498.2 1.2
TL 1790327798.334 300.8 1.4
TL 1790327798.434 329.8 5.7
TL 1790327798.534 334.8 3.1
TL 1790327798.635 433.7 4.2
TL 1790327798.735 760.7 3.3
TL 1790327798.835 151.6 2.1
TL 1790327798.935 130.8 1.7
TL 1790327799.035 88.7 1.3
TL 1790327799.135 113.6 1.5
TL 1790327799.238 2897.9 3.2
TL 1790327799.335 95.4 1.7
TL 1790327799.436 207.0 3.6
TL 1790327799.536 747.2 1.8
TL 1790327799.636 135.8 2.2
TL 1790327799.736 461.7 4.2
TL 1790327799.836 246.9 3.7
TL 1790327799.936 123.5 1.8
TL 1790327800.036 124.5 1.8
TL 1790327800.137 64.0 1.7
TL 1790327800.237 60.6 2.0
TL 1790327800.337 61.1 1.5
TL 1790327800.437 96.2 1.5
TL 1790327800.537 157.0 1.5
TL 1790327800.638 263.2 6.0
TL 1790327800.738 393.5 4.7
TL 1790327800.838 328.9 4.9
TL 1790327800.938 217.8 3.1
TL 1790327801.038 170.1 1.4
TL 1790327801.138 117.8 1.6
TL 1790327801.238 72.2 1.5
TL 1790327801.338 81.0 1.3
TL 1790327801.438 123.3 1.3
TL 1790327801.539 393.9 2.8
TL 1790327801.639 287.4 4.1
TL 1790327801.739 363.3 4.8
TL 1790327801.839 319.6 3.4
TL 1790327801.939 94.3 1.5
TL 1790327802.039 118.2 1.5
TL 1790327802.139 69.9 1.4
TL 1790327802.240 174.2 3.2
TL 1790327802.340 106.5 1.6
TL 1790327802.440 439.9 1.4
TL 1790327802.541 1275.2 249.7
TL 1790327802.640 66.3 2.6
TL 1790327802.741 303.4 3.4
TL 1790327802.841 414.2 4.6
TL 1790327802.941 663.4 4.2
TL 1790327803.041 118.6 1.2
TL 1790327803.141 147.6 2.0
TL 1790327803.241 92.7 1.5
TL 1790327803.341 196.6 1.2
TL 1790327803.441 74.7 2.6
TL 1790327803.541 92.4 0.9
TL 1790327803.642 379.7 5.3
TL 1790327803.742 187.5 2.1
TL 1790327803.842 341.4 3.9
TL 1790327803.942 210.9 2.7
TL 1790327804.042 147.2 1.2
TL 1790327804.142 115.8 2.4
TL 1790327804.242 103.4 1.2
TL 1790327804.344 2030.1 2.0
TL 1790327804.443 263.3 3.7
TL 1790327804.543 307.4 2.7
TL 1790327804.645 405.2 3.9
TL 1790327804.744 73.2 2.5
TL 1790327804.845 141.2 2.7
TL 1790327804.945 104.2 1.4
TL 1790327805.045 118.2 1.7
TL 1790327805.145 125.3 1.5
TL 1790327805.245 71.5 1.5
TL 1790327805.347 2424.8 1.4
TL 1790327805.445 57.7 1.8
TL 1790327805.546 426.0 1.5
TL 1790327805.646 409.2 3.5
TL 1790327805.746 174.6 2.6
TL 1790327805.846 221.4 2.9
TL 1790327805.946 317.3 2.4
TL 1790327806.046 167.5 2.8
TL 1790327806.146 68.8 1.7
TL 1790327806.250 4182.6 1.7
TL 1790327806.347 352.2 4.9
TL 1790327806.447 333.3 5.2
TL 1790327806.547 225.0 2.6
TL 1790327806.647 148.1 2.4
TL 1790327806.747 147.0 2.1
TL 1790327806.847 117.1 1.7
TL 1790327806.948 125.4 1.4
TL 1790327807.048 129.1 1.4
TL 1790327807.150 2153.6 1.9
TL 1790327807.249 613.5 4.8
TL 1790327807.349 677.3 3.9
TL 1790327807.449 607.4 3.9
TL 1790327807.549 280.0 1.5
TL 1790327807.649 99.4 2.2
TL 1790327807.749 113.4 1.5
TL 1790327807.849 141.7 1.5
TL 1790327807.949 69.9 1.6
TL 1790327808.050 764.0 3.3
TL 1790327808.150 812.2 5.8
TL 1790327808.250 488.7 4.4
TL 1790327808.350 481.0 4.4
TL 1790327808.450 323.9 4.2
TL 1790327808.551 227.3 2.8
TL 1790327808.651 115.6 1.4
TL 1790327808.751 135.1 1.8
TL 1790327808.851 65.0 1.5
TL 1790327808.951 193.5 1.9
TL 1790327809.052 903.6 0.9
TL 1790327809.151 125.1 2.4
TL 1790327809.251 76.8 2.3
TL 1790327809.351 129.8 2.6
TL 1790327809.452 186.1 2.1
TL 1790327809.552 164.8 1.2
TL 1790327809.652 95.3 1.4
TL 1790327809.752 116.4 1.4
TL 1790327809.852 73.1 1.6
TL 1790327809.952 101.8 2.1
TL 1790327810.052 111.7 0.7
TL 1790327810.153 321.3 3.9
TL 1790327810.253 380.4 4.9
TL 1790327810.353 238.5 4.2
TL 1790327810.453 87.6 1.7
TL 1790327810.553 70.1 1.1
TL 1790327810.653 141.9 1.7
TL 1790327810.753 86.4 1.5
TL 1790327810.853 101.5 1.5
TL 1790327810.953 147.6 1.6
TL 1790327811.053 94.7 1.2
TL 1790327811.156 2451.1 1.8
TL 1790327811.254 114.7 2.2
TL 1790327811.354 284.2 4.2
TL 1790327811.454 283.0 4.0
TL 1790327811.554 74.9 2.6
TL 1790327811.655 98.4 3.3
TL 1790327811.755 76.4 1.5
TL 1790327811.855 160.4 1.9
TL 1790327811.955 117.3 1.7
TL 1790327812.055 108.3 0.9
TL 1790327812.155 74.5 1.1
TL 1790327812.259 3925.3 2.1
TL 1790327812.355 231.4 4.1
TL 1790327812.456 260.6 4.0
TL 1790327812.556 398.3 3.6
TL 1790327812.656 558.9 4.0
TL 1790327812.756 93.4 1.8
TL 1790327812.856 134.0 1.5
TL 1790327812.956 127.2 1.7
TL 1790327813.056 151.9 2.1
TL 1790327813.156 130.6 1.5
TL 1790327813.256 73.7 2.0
TL 1790327813.357 65.0 2.1
TL 1790327813.458 1143.8 4.9
TL 1790327813.558 543.0 3.4
TL 1790327813.658 413.1 4.1
TL 1790327813.758 86.0 2.3
TL 1790327813.858 67.1 1.7
TL 1790327813.958 567.1 23.1
TL 1790327814.058 111.6 1.4
TL 1790327814.158 245.2 4.3
TL 1790327814.258 111.5 1.6
TL 1790327814.358 88.6 1.3
TL 1790327814.459 1113.8 1.5
TL 1790327814.559 363.7 2.8
TL 1790327814.659 354.0 4.0
TL 1790327814.760 566.9 3.8
TL 1790327814.860 160.3 2.6
TL 1790327814.960 109.0 1.6
TL 1790327815.060 78.9 1.1
TL 1790327815.160 157.3 1.7
TL 1790327815.260 151.2 1.6
TL 1790327815.360 129.0 1.6
TL 1790327815.461 513.4 1.8
TL 1790327815.564 3900.7 1.3
TL 1790327815.661 552.9 4.7
TL 1790327815.761 390.2 12.0
TL 1790327815.861 309.6 4.2
TL 1790327815.961 321.0 5.2
TL 1790327816.061 54.6 1.8
TL 1790327816.161 122.0 1.9
TL 1790327816.261 95.0 1.7
TL 1790327816.362 107.5 1.2
TL 1790327816.462 118.0 1.6
TL 1790327816.562 63.7 1.4
TL 1790327816.662 478.6 3.8
TL 1790327816.762 120.4 2.0
TL 1790327816.862 173.9 3.2
TL 1790327816.963 242.4 4.3
TL 1790327817.063 152.5 1.1
TL 1790327817.163 322.2 2.1
TL 1790327817.263 119.2 1.7
TL 1790327817.363 104.0 1.5
TL 1790327817.463 174.8 3.1
TL 1790327817.563 77.4 1.1
TL 1790327817.663 149.6 3.3
TL 1790327817.764 317.7 3.9
TL 1790327817.864 177.1 2.8
TL 1790327817.964 362.0 3.3
TL 1790327818.064 191.3 1.7
TL 1790327818.164 64.8 1.6
TL 1790327818.264 146.8 2.3
TL 1790327818.364 147.3 1.9
TL 1790327818.464 64.5 3.3
TL 1790327818.565 165.1 1.6
TL 1790327818.665 92.1 1.6
TL 1790327818.766 1785.5 2.0
TL 1790327818.865 218.8 4.0
TL 1790327818.965 272.1 4.9
TL 1790327819.065 124.1 2.0
TL 1790327819.165 89.0 2.0
TL 1790327819.266 539.1 2.3
TL 1790327819.366 192.8 1.9
TL 1790327819.466 124.6 1.4
TL 1790327819.566 111.1 0.9
TL 1790327819.666 164.7 1.5
TL 1790327819.766 58.8 1.6
TL 1790327819.866 64.3 1.1
TL 1790327819.967 774.9 2.2
TL 1790327820.067 436.9 2.6
TL 1790327820.168 502.1 4.9
TL 1790327820.268 306.9 3.2
TL 1790327820.368 382.6 5.4
TL 1790327820.468 302.5 2.9
TL 1790327820.568 110.2 1.4
TL 1790327820.668 60.5 1.9
TL 1790327820.768 84.3 1.6
TL 1790327820.868 62.5 1.6
TL 1790327820.969 318.9 1.1
TL 1790327821.069 329.2 2.7
TL 1790327821.170 1133.1 4.4
TL 1790327821.270 677.5 4.0
TL 1790327821.369 165.5 1.6
TL 1790327821.469 153.3 1.9
TL 1790327821.569 116.6 1.5
TL 1790327821.669 96.2 1.6
TL 1790327821.769 57.3 1.8
TL 1790327821.870 81.4 1.7
TL 1790327821.970 273.3 4.4
TL 1790327822.070 229.1 3.4
TL 1790327822.170 215.9 2.8
TL 1790327822.270 92.9 1.8
TL 1790327822.370 120.6 3.9
TL 1790327822.470 100.4 1.7
TL 1790327822.571 75.2 1.5
TL 1790327822.671 52.6 1.5
TL 1790327822.771 64.7 1.4
TL 1790327822.871 57.9 2.1
TL 1790327822.971 133.6 3.8
TL 1790327823.071 164.4 3.4
TL 1790327823.171 233.0 2.5
TL 1790327823.271 65.7 1.3
TL 1790327823.372 169.0 1.6
TL 1790327823.472 88.8 1.4
TL 1790327823.572 118.2 3.0
TL 1790327823.676 4079.3 1.3
TL 1790327823.772 343.6 4.7
TL 1790327823.873 473.3 3.2
TL 1790327823.972 156.3 2.2
TL 1790327824.073 325.7 2.7
TL 1790327824.173 172.4 2.1
TL 1790327824.273 144.1 3.4
TL 1790327824.373 96.9 1.6
TL 1790327824.473 127.6 1.9
TL 1790327824.573 97.6 1.3
TL 1790327824.674 604.0 3.1
TL 1790327824.774 460.9 5.2
TL 1790327824.875 540.7 4.0
TL 1790327824.975 676.6 2.7
TL 1790327825.074 112.0 1.4
TL 1790327825.174 180.6 1.6
TL 1790327825.275 121.6 1.4
TL 1790327825.375 53.6 1.5
TL 1790327825.479 4548.0 1.7
TL 1790327825.575 91.3 0.8
TL 1790327825.675 416.7 4.6
TL 1790327825.775 180.7 3.3
TL 1790327825.876 497.1 1.9
TL 1790327825.975 91.6 2.9
TL 1790327826.076 129.7 1.2
TL 1790327826.176 129.0 1.5
TL 1790327826.276 98.8 1.5
TL 1790327826.376 81.3 1.6
TL 1790327826.476 144.9 1.6
TL 1790327826.577 492.6 2.1
TL 1790327826.677 336.7 5.4
TL 1790327826.777 279.5 3.9
TL 1790327826.877 293.4 3.7
TL 1790327826.977 275.6 1.7
TL 1790327827.077 89.4 1.1
TL 1790327827.177 156.2 3.0
TL 1790327827.277 149.5 1.5
TL 1790327827.379 1225.6 2.4
TL 1790327827.478 303.2 2.2
TL 1790327827.578 71.6 1.5
TL 1790327827.679 576.4 4.2
TL 1790327827.778 234.2 3.0
TL 1790327827.879 157.1 1.2
TL 1790327827.979 111.7 1.5
TL 1790327828.079 208.3 5.8
TL 1790327828.179 130.9 2.0
TL 1790327828.279 65.5 1.6
TL 1790327828.379 195.1 3.6
TL 1790327828.479 94.0 1.4
TL 1790327828.579 84.8 1.5
TL 1790327828.680 366.8 3.2
TL 1790327828.780 166.9 2.1
TL 1790327828.880 152.7 2.0
TL 1790327828.980 169.3 38.9
TL 1790327829.080 152.9 2.1
TL 1790327829.180 105.4 2.8
TL 1790327829.280 134.2 1.6
TL 1790327829.381 667.9 1.4
TL 1790327829.481 370.9 3.6
TL 1790327829.581 414.1 2.0
TL 1790327829.681 430.7 2.9
TL 1790327829.781 131.6 2.1
TL 1790327829.881 237.2 1.8
TL 1790327829.981 81.4 1.5
TL 1790327830.081 120.6 1.5
TL 1790327830.181 127.1 1.6
TL 1790327830.281 94.3 1.3
TL 1790327830.382 212.0 1.0
TL 1790327830.482 354.6 2.4
TL 1790327830.582 254.9 1.3
TL 1790327830.682 428.8 6.4
TL 1790327830.783 528.0 3.8
TL 1790327830.882 320.2 2.8
TL 1790327830.982 179.3 3.3
TL 1790327831.082 168.9 2.1
TL 1790327831.183 137.4 2.0
TL 1790327831.283 53.8 1.3
TL 1790327831.385 2212.4 1.5
TL 1790327831.483 467.3 7.0
TL 1790327831.584 499.1 1.7
TL 1790327831.684 288.0 2.9
TL 1790327831.784 178.6 2.3
TL 1790327831.885 449.3 2.8
TL 1790327831.985 111.3 2.0
TL 1790327832.085 72.6 3.0
TL 1790327832.185 374.6 1.5
TL 1790327832.285 113.2 2.7
TL 1790327832.385 392.1 3.7
TL 1790327832.485 310.1 5.2
TL 1790327832.586 380.8 3.0
TL 1790327832.686 252.1 1.9
TL 1790327832.786 244.3 1.8
TL 1790327832.886 69.4 1.5
TL 1790327832.986 97.1 2.7
TL 1790327833.086 63.9 1.4
TL 1790327833.187 1197.1 1.5
TL 1790327833.286 95.9 2.9
TL 1790327833.387 465.3 4.8
TL 1790327833.487 869.3 4.1
TL 1790327833.587 388.9 3.2
TL 1790327833.688 299.7 62.1
TL 1790327833.788 173.7 1.9
TL 1790327833.888 99.7 1.5
TL 1790327833.988 202.8 1.4
TL 1790327834.088 63.2 1.2
TL 1790327834.189 1282.1 4.5
TL 1790327834.289 1032.0 5.0
TL 1790327834.389 66.9 3.6
TL 1790327834.489 65.3 2.8
TL 1790327834.589 210.9 1.3
TL 1790327834.689 183.2 1.7
TL 1790327834.789 107.5 1.4
TL 1790327834.889 124.2 1.6
TL 1790327834.989 87.3 1.7
TL 1790327835.095 5527.8 2.6
TL 1790327835.191 790.3 3.8
TL 1790327835.290 312.2 4.5
TL 1790327835.390 324.6 4.2
TL 1790327835.491 283.7 3.9
TL 1790327835.591 100.8 1.3
TL 1790327835.691 139.3 1.8
TL 1790327835.791 96.3 1.7
TL 1790327835.891 123.9 1.6
TL 1790327835.991 122.6 1.7
TL 1790327836.091 147.6 3.3
TL 1790327836.191 71.5 2.0
TL 1790327836.292 850.2 2.8
TL 1790327836.392 244.0 3.9
TL 1790327836.492 155.5 2.0
TL 1790327836.592 520.5 4.6
TL 1790327836.692 81.7 2.5
TL 1790327836.792 63.0 1.5
TL 1790327836.892 149.1 1.8
TL 1790327836.992 105.5 1.9
TL 1790327837.092 144.7 1.9
TL 1790327837.193 404.7 3.9
TL 1790327837.293 375.9 5.4
TL 1790327837.393 362.3 4.1
TL 1790327837.493 272.8 4.2
TL 1790327837.593 267.4 2.4
TL 1790327837.693 146.4 1.8
TL 1790327837.793 86.6 1.5
TL 1790327837.893 99.2 1.9
TL 1790327837.994 80.1 1.7
TL 1790327838.098 4270.8 0.9
TL 1790327838.194 348.0 3.2
TL 1790327838.294 89.5 2.7
TL 1790327838.396 1155.9 3.9
TL 1790327838.495 284.8 2.7
TL 1790327838.595 157.4 1.7
TL 1790327838.695 106.1 1.6
TL 1790327838.795 61.5 1.5
TL 1790327838.895 76.4 2.5
TL 1790327838.995 94.9 3.3
TL 1790327839.096 73.0 0.8
TL 1790327839.196 313.4 2.6
TL 1790327839.296 195.2 2.2
TL 1790327839.396 194.4 2.0
TL 1790327839.497 475.0 2.3
TL 1790327839.596 125.1 2.2
TL 1790327839.697 138.6 1.7
TL 1790327839.797 129.7 1.1
TL 1790327839.897 205.1 2.5
TL 1790327839.997 127.1 1.5
TL 1790327840.098 656.9 1.0
TL 1790327840.197 349.0 3.8
TL 1790327840.297 316.1 3.6
TL 1790327840.397 90.9 1.6
TL 1790327840.498 153.4 1.9
TL 1790327840.598 183.4 2.0
TL 1790327840.698 90.6 1.5
TL 1790327840.798 71.3 1.4
TL 1790327840.898 74.7 2.6
TL 1790327840.998 319.7 3.1
TL 1790327841.098 267.9 2.4
TL 1790327841.198 86.1 3.4
TL 1790327841.298 53.3 1.6
TL 1790327841.399 64.0 1.4
TL 1790327841.499 125.7 1.7
TL 1790327841.599 136.9 1.6
TL 1790327841.699 90.9 1.4
TL 1790327841.799 87.6 1.8
TL 1790327841.899 69.6 1.2
TL 1790327841.999 163.9 1.2
TL 1790327842.100 523.3 1.7
TL 1790327842.200 212.0 2.0
TL 1790327842.300 339.9 3.7
TL 1790327842.400 133.1 1.8
TL 1790327842.500 106.0 1.6
TL 1790327842.600 99.5 1.9
TL 1790327842.701 1076.1 1.6
TL 1790327842.800 322.4 2.7
TL 1790327842.901 321.3 3.5
TL 1790327843.001 119.3 2.2
TL 1790327843.101 88.3 1.3
TL 1790327843.201 279.9 4.5
TL 1790327843.302 291.8 2.9
TL 1790327843.402 59.1 1.1
TL 1790327843.502 114.0 1.5
TL 1790327843.602 52.1 1.8
TL 1790327843.702 100.7 1.2
TL 1790327843.802 277.6 3.3
TL 1790327843.902 131.4 2.1
TL 1790327844.002 184.6 1.5
TL 1790327844.102 144.1 2.8
TL 1790327844.203 233.8 3.1
TL 1790327844.303 76.4 1.4
TL 1790327844.403 147.7 2.4
TL 1790327844.503 124.1 1.6
TL 1790327844.603 74.4 1.4
TL 1790327844.703 86.1 1.2
TL 1790327844.803 129.6 3.7
TL 1790327844.904 488.1 4.8
TL 1790327845.004 451.3 2.3
TL 1790327845.104 216.4 3.2
TL 1790327845.204 302.0 3.5
TL 1790327845.304 174.0 1.8
TL 1790327845.404 150.7 1.4
TL 1790327845.504 94.8 1.2
TL 1790327845.604 83.4 1.5
TL 1790327845.707 3200.5 23.4
TL 1790327845.805 501.4 2.4
TL 1790327845.905 70.7 2.1
TL 1790327846.005 366.7 4.3
TL 1790327846.105 250.4 3.6
TL 1790327846.205 164.0 2.3
TL 1790327846.305 104.1 1.6
TL 1790327846.405 104.1 1.4
TL 1790327846.506 217.6 1.7
TL 1790327846.606 104.0 1.5
TL 1790327846.706 70.1 2.4
TL 1790327846.810 4047.2 2.9
TL 1790327846.906 405.0 5.8
TL 1790327847.007 340.9 3.7
TL 1790327847.107 177.1 2.9
TL 1790327847.207 116.8 1.7
TL 1790327847.307 68.0 1.2
TL 1790327847.407 123.1 1.3
TL 1790327847.507 108.2 1.4
TL 1790327847.607 98.6 1.6
TL 1790327847.707 85.7 1.4
TL 1790327847.807 144.5 3.3
TL 1790327847.907 238.4 3.4
TL 1790327848.007 64.2 2.3
TL 1790327848.108 176.5 2.3
TL 1790327848.208 86.7 1.7
TL 1790327848.308 112.1 1.8
TL 1790327848.408 162.3 1.7
TL 1790327848.508 110.1 1.6
TL 1790327848.608 117.6 1.7
TL 1790327848.708 129.1 1.2
TL 1790327848.810 1724.2 1.5
TL 1790327848.908 124.8 1.8
TL 1790327849.009 497.7 3.4
TL 1790327849.109 239.6 4.2
TL 1790327849.209 164.3 2.6
TL 1790327849.309 191.8 2.0
TL 1790327849.409 122.6 2.7
TL 1790327849.509 139.2 1.7
TL 1790327849.609 63.1 1.6
TL 1790327849.709 148.8 3.1
TL 1790327849.810 416.7 4.8
TL 1790327849.910 411.8 257.0
TL 1790327850.010 200.3 3.2
TL 1790327850.110 66.1 1.3
TL 1790327850.210 102.6 1.6
TL 1790327850.310 268.7 1.3
TL 1790327850.410 112.0 2.2
TL 1790327850.510 130.8 1.9
TL 1790327850.611 574.6 1.5
TL 1790327850.711 231.9 3.3
TL 1790327850.811 362.8 5.4
TL 1790327850.911 351.5 4.6
TL 1790327851.012 510.1 1.9
TL 1790327851.111 146.5 1.6
TL 1790327851.211 119.1 1.4
TL 1790327851.311 65.4 1.3
TL 1790327851.411 61.4 1.8
TL 1790327851.512 453.4 1.9
TL 1790327851.612 407.8 3.0
TL 1790327851.712 366.0 3.5
TL 1790327851.812 154.8 3.6
TL 1790327851.912 133.9 2.0
TL 1790327852.013 178.4 1.9
TL 1790327852.113 100.2 1.9
TL 1790327852.213 95.4 1.8
TL 1790327852.313 84.4 1.7
TL 1790327852.413 87.9 3.3
TL 1790327852.514 1272.1 2.1
TL 1790327852.613 65.4 1.9
TL 1790327852.713 173.3 2.0
TL 1790327852.813 117.2 1.9
TL 1790327852.914 140.8 1.9
TL 1790327853.014 86.0 1.7
TL 1790327853.114 85.3 1.6
TL 1790327853.214 112.3 1.5
TL 1790327853.314 98.3 1.7
TL 1790327853.414 76.3 1.3
TL 1790327853.514 397.1 3.2
TL 1790327853.615 356.1 3.8
TL 1790327853.715 156.4 2.2
TL 1790327853.815 145.8 1.6
TL 1790327853.915 108.3 1.8
TL 1790327854.015 135.9 2.2
TL 1790327854.115 150.7 2.0
TL 1790327854.215 126.8 26.3
TL 1790327854.315 203.2 3.3
TL 1790327854.415 132.9 1.8
TL 1790327854.515 101.0 1.7
TL 1790327854.615 99.1 1.6
TL 1790327854.716 222.9 3.9
TL 1790327854.816 121.2 2.4
TL 1790327854.916 170.4 2.5
TL 1790327855.016 450.5 2.1
TL 1790327855.116 237.2 3.9
TL 1790327855.216 120.8 2.0
TL 1790327855.316 107.3 1.8
TL 1790327855.416 119.5 1.5
TL 1790327855.517 112.6 1.9
TL 1790327855.617 85.5 1.1
TL 1790327855.717 242.6 2.2
TL 1790327855.817 82.9 1.7
TL 1790327855.917 295.1 5.2
TL 1790327856.017 273.0 3.5
TL 1790327856.117 80.2 1.6
TL 1790327856.217 142.5 1.7
TL 1790327856.318 152.3 1.6
TL 1790327856.418 106.7 1.5
TL 1790327856.518 136.5 1.6
TL 1790327856.618 417.8 1.5
TL 1790327856.718 253.7 4.4
TL 1790327856.819 347.9 4.5
TL 1790327856.919 315.3 3.8
TL 1790327857.019 119.4 1.9
TL 1790327857.119 105.8 1.7
TL 1790327857.219 110.1 5.5
TL 1790327857.319 122.3 1.6
TL 1790327857.419 99.3 1.6
TL 1790327857.520 431.6 2.1
TL 1790327857.620 394.8 3.1
TL 1790327857.720 369.6 5.1
TL 1790327857.820 353.2 2.7
TL 1790327857.920 168.8 1.8
TL 1790327858.020 244.3 2.1
TL 1790327858.120 114.5 1.1
TL 1790327858.220 119.1 1.6
TL 1790327858.321 107.6 1.7
TL 1790327858.421 95.7 1.6
TL 1790327858.521 150.6 3.0
TL 1790327858.621 430.0 3.2
TL 1790327858.721 312.0 5.6
TL 1790327858.821 232.0 2.5
TL 1790327858.921 119.0 1.5
TL 1790327859.022 120.9 2.1
TL 1790327859.122 78.1 1.7
TL 1790327859.222 89.5 1.8
TL 1790327859.322 207.4 1.6
TL 1790327859.422 65.8 1.5
TL 1790327859.523 992.2 1.9
TL 1790327859.623 103.7 1.8
TL 1790327859.723 137.8 2.0
TL 1790327859.823 202.8 2.3
TL 1790327859.923 229.6 4.3
TL 1790327860.023 169.9 1.8
TL 1790327860.123 152.8 2.1
TL 1790327860.223 121.5 1.8
TL 1790327860.323 123.7 1.5
TL 1790327860.423 139.4 1.7
TL 1790327860.524 401.8 1.9
TL 1790327860.624 66.5 1.4
TL 1790327860.724 296.8 2.2
TL 1790327860.824 209.0 4.2
TL 1790327860.924 162.0 2.3
TL 1790327861.024 116.1 1.7
TL 1790327861.124 108.4 3.0
TL 1790327861.224 94.3 1.5
TL 1790327861.324 116.6 1.8
TL 1790327861.424 83.6 1.8
TL 1790327861.525 60.9 1.7
TL 1790327861.633 8251.0 1.7
TL 1790327861.725 315.1 1.5
TL 1790327861.825 82.3 1.8
TL 1790327861.925 424.1 1.8
TL 1790327862.025 149.3 3.1
TL 1790327862.125 135.7 0.9
TL 1790327862.225 123.5 1.5
TL 1790327862.326 156.8 1.6
TL 1790327862.426 91.3 1.9
TL 1790327862.526 855.1 1.7
TL 1790327862.626 94.0 1.3
TL 1790327862.726 436.8 2.3
TL 1790327862.826 223.4 3.0
TL 1790327862.926 261.0 3.1
TL 1790327863.026 156.3 1.7
TL 1790327863.126 133.5 0.7
TL 1790327863.227 364.9 1.9
TL 1790327863.327 129.8 2.0
TL 1790327863.427 85.2 1.7
TL 1790327863.527 73.2 1.6
TL 1790327863.628 95.4 1.2
TL 1790327863.728 436.9 3.7
TL 1790327863.828 200.1 1.7
TL 1790327863.928 269.4 6.4
TL 1790327864.028 118.1 2.6
TL 1790327864.128 90.4 2.5
TL 1790327864.229 110.6 4.7
TL 1790327864.329 123.2 1.7
TL 1790327864.429 234.6 1.6
TL 1790327864.529 73.7 1.4
TL 1790327864.629 107.2 1.0
TL 1790327864.730 242.7 3.4
TL 1790327864.830 240.7 3.0
TL 1790327864.930 101.6 1.9
TL 1790327865.030 93.0 1.6
TL 1790327865.131 243.2 1.3
TL 1790327865.231 123.5 2.0
TL 1790327865.331 122.0 2.0
TL 1790327865.431 77.4 1.4
TL 1790327865.531 82.5 1.5
TL 1790327865.634 2560.1 1.9
TL 1790327865.731 364.7 3.8
TL 1790327865.831 154.1 2.6
TL 1790327865.932 131.7 2.2
TL 1790327866.032 183.1 1.7
TL 1790327866.132 205.4 1.4
TL 1790327866.232 130.7 1.8
TL 1790327866.332 71.2 2.0
TL 1790327866.432 137.3 1.7
TL 1790327866.532 86.5 1.5
TL 1790327866.634 1738.6 1.7
TL 1790327866.732 144.8 1.8
TL 1790327866.832 134.1 2.2
TL 1790327866.933 223.5 2.8
TL 1790327867.033 153.5 2.1
TL 1790327867.133 212.0 1.9
TL 1790327867.233 335.5 2.1
TL 1790327867.333 109.7 4.0
TL 1790327867.433 183.0 2.0
TL 1790327867.534 145.9 1.9
TL 1790327867.634 117.6 1.4
TL 1790327867.734 467.3 1.9
TL 1790327867.834 284.0 3.6
TL 1790327867.934 150.9 2.7
TL 1790327868.035 160.4 1.9
TL 1790327868.135 131.2 1.8
TL 1790327868.235 200.7 2.7
TL 1790327868.335 80.6 1.9
TL 1790327868.435 99.9 1.8
TL 1790327868.535 142.8 1.9
TL 1790327868.635 191.8 1.9
TL 1790327868.735 84.0 1.5
TL 1790327868.837 1386.9 1.7
TL 1790327868.935 109.3 1.7
TL 1790327869.036 216.7 2.2
TL 1790327869.136 102.2 1.5
TL 1790327869.236 129.8 1.7
TL 1790327869.336 104.3 3.2
TL 1790327869.436 153.1 1.6
TL 1790327869.536 121.8 1.9
TL 1790327869.636 153.1 1.9
TL 1790327869.736 115.4 3.7
TL 1790327869.837 282.1 1.6
TL 1790327869.937 452.9 5.1
TL 1790327870.037 337.4 4.5
TL 1790327870.137 260.4 2.7
TL 1790327870.237 93.4 1.7
TL 1790327870.337 109.1 1.7
TL 1790327870.437 82.0 1.6
TL 1790327870.537 122.5 2.7
TL 1790327870.638 147.6 7.9
TL 1790327870.738 151.8 1.5
TL 1790327870.838 336.3 4.6
TL 1790327870.938 201.4 3.2
TL 1790327871.038 387.3 4.7
TL 1790327871.138 263.2 2.0
TL 1790327871.239 585.1 2.1
TL 1790327871.339 85.1 1.9
TL 1790327871.439 172.4 1.7
TL 1790327871.539 147.2 1.9
TL 1790327871.639 79.9 1.7
TL 1790327871.739 77.4 1.4
TL 1790327871.839 60.1 1.8
TL 1790327871.939 89.4 1.9
TL 1790327872.040 454.2 3.6
TL 1790327872.140 262.5 2.3
TL 1790327872.240 127.9 1.9
TL 1790327872.340 155.6 2.1
TL 1790327872.440 111.4 1.7
TL 1790327872.541 195.8 1.7
TL 1790327872.641 116.8 1.5
TL 1790327872.742 1237.4 1.6
TL 1790327872.843 1650.7 3.9
TL 1790327872.941 106.5 2.2
TL 1790327873.041 138.1 3.0
TL 1790327873.141 160.7 2.1
TL 1790327873.242 112.3 2.0
TL 1790327873.342 130.9 2.0
TL 1790327873.442 80.9 1.4
TL 1790327873.542 125.4 1.5
TL 1790327873.642 97.2 1.4
TL 1790327873.742 348.3 1.4
TL 1790327873.843 414.6 4.4
TL 1790327873.943 171.9 1.9
TL 1790327874.043 91.4 1.6
TL 1790327874.143 56.6 2.2
TL 1790327874.243 81.9 1.7
TL 1790327874.343 123.9 1.4
TL 1790327874.443 110.9 1.5
TL 1790327874.543 128.0 1.4
TL 1790327874.644 115.5 1.8
TL 1790327874.744 142.0 1.3
TL 1790327874.844 137.4 10.3
TL 1790327874.944 138.8 2.0
TL 1790327875.044 103.4 1.7
TL 1790327875.144 102.9 1.0
TL 1790327875.244 77.4 1.7
TL 1790327875.344 106.1 1.8
TL 1790327875.445 165.4 2.0
TL 1790327875.545 102.1 1.7
TL 1790327875.645 101.7 1.6
TL 1790327875.745 419.3 1.6
TL 1790327875.845 243.2 2.3
TL 1790327875.945 335.7 2.0
TL 1790327876.045 68.1 2.1
TL 1790327876.145 105.3 1.4
TL 1790327876.245 153.2 4.1
TL 1790327876.346 247.0 4.1
TL 1790327876.446 195.5 2.6
TL 1790327876.546 165.7 2.0
TL 1790327876.646 75.5 1.6
TL 1790327876.746 156.0 1.8
TL 1790327876.846 72.1 1.6
TL 1790327876.946 103.5 1.7
TL 1790327877.046 114.3 1.7
TL 1790327877.147 344.6 0.8
TL 1790327877.246 153.8 1.8
TL 1790327877.346 102.6 2.1
TL 1790327877.447 125.2 2.0
TL 1790327877.547 274.6 2.8
TL 1790327877.647 141.2 1.6
TL 1790327877.747 164.0 3.4
TL 1790327877.847 108.1 1.6
TL 1790327877.947 101.4 1.5
TL 1790327878.048 875.6 1.8
TL 1790327878.147 173.2 1.9
TL 1790327878.247 80.3 1.4
TL 1790327878.348 88.9 2.0
TL 1790327878.448 439.6 3.2
TL 1790327878.548 121.6 3.5
TL 1790327878.648 161.7 1.4
TL 1790327878.748 362.1 1.8
TL 1790327878.848 99.3 2.0
TL 1790327878.948 176.6 1.7
TL 1790327879.048 93.5 1.6
TL 1790327879.153 4370.5 1.7
TL 1790327879.249 378.4 4.5
TL 1790327879.349 222.2 3.1
TL 1790327879.449 129.4 1.7
TL 1790327879.549 137.2 1.9
TL 1790327879.649 112.4 1.4
TL 1790327879.749 120.0 2.0
TL 1790327879.849 107.7 1.8
TL 1790327879.950 94.2 1.6
TL 1790327880.050 307.6 1.5
TL 1790327880.150 325.3 3.2
TL 1790327880.250 195.4 3.0
TL 1790327880.350 59.0 2.0
TL 1790327880.450 157.7 2.1
TL 1790327880.550 113.8 2.0
TL 1790327880.650 188.1 1.3
TL 1790327880.751 205.1 1.7
TL 1790327880.851 165.6 1.7
TL 1790327880.951 114.7 1.7
TL 1790327881.051 91.6 1.7
TL 1790327881.151 138.6 1.6
TL 1790327881.252 991.2 2.1
TL 1790327881.352 441.5 3.4
TL 1790327881.451 129.5 2.1
TL 1790327881.551 130.4 1.9
TL 1790327881.652 347.0 2.3
TL 1790327881.752 110.8 1.7
TL 1790327881.852 178.2 1.9
TL 1790327881.952 95.9 1.6
TL 1790327882.052 200.1 1.7
TL 1790327882.152 314.9 2.2
TL 1790327882.252 142.2 3.0
TL 1790327882.352 115.9 2.8
TL 1790327882.452 132.0 1.9
TL 1790327882.553 151.4 1.8
TL 1790327882.653 154.2 1.0
TL 1790327882.753 307.3 2.2
TL 1790327882.853 202.0 4.4
TL 1790327882.953 100.0 3.2
TL 1790327883.053 223.8 2.1
TL 1790327883.153 343.2 3.1
TL 1790327883.253 123.3 1.2
TL 1790327883.354 265.1 3.9
TL 1790327883.454 215.4 2.6
TL 1790327883.554 121.4 39.3
TL 1790327883.654 164.2 1.9
TL 1790327883.754 115.2 1.8
TL 1790327883.854 151.9 2.2
TL 1790327883.954 136.7 1.9
TL 1790327884.054 111.1 1.9
TL 1790327884.155 273.2 2.4
TL 1790327884.255 355.3 4.8
TL 1790327884.355 134.7 1.5
TL 1790327884.455 106.4 1.5
TL 1790327884.555 149.5 2.2
TL 1790327884.655 91.7 2.2
TL 1790327884.755 164.3 1.8
TL 1790327884.855 130.1 1.8
TL 1790327884.955 269.4 1.6
TL 1790327885.055 169.9 3.6
TL 1790327885.158 2522.9 1.6
TL 1790327885.256 299.1 4.0
TL 1790327885.356 189.7 3.9
TL 1790327885.456 182.1 1.6
TL 1790327885.556 163.2 1.7
TL 1790327885.656 159.1 1.3
TL 1790327885.756 73.7 1.7
TL 1790327885.856 61.1 1.7
TL 1790327885.956 78.3 1.6
TL 1790327886.057 438.6 1.8
TL 1790327886.162 4195.6 1.1
TL 1790327886.258 299.4 3.6
TL 1790327886.358 271.8 2.6
TL 1790327886.458 161.6 4.0
TL 1790327886.558 144.6 1.8
TL 1790327886.658 217.4 2.7
TL 1790327886.758 80.6 1.4
TL 1790327886.859 104.4 1.6
TL 1790327886.959 60.5 1.6
TL 1790327887.061 2118.0 1.6
TL 1790327887.159 229.8 2.8
TL 1790327887.259 318.0 2.0
TL 1790327887.359 172.6 1.8
TL 1790327887.459 77.1 1.8
TL 1790327887.559 249.3 2.0
TL 1790327887.660 170.5 2.6
TL 1790327887.760 107.0 1.7
TL 1790327887.860 115.5 1.5
TL 1790327887.960 94.2 1.4
TL 1790327888.061 1210.0 1.5
TL 1790327888.160 159.0 2.1
TL 1790327888.260 124.9 4.2
TL 1790327888.360 89.7 1.4
TL 1790327888.460 223.8 6.7
TL 1790327888.560 139.3 1.9
TL 1790327888.661 156.3 0.9
TL 1790327888.761 111.7 1.5
TL 1790327888.861 99.5 1.4
TL 1790327888.961 122.2 1.7
TL 1790327889.061 303.5 2.1
TL 1790327889.162 799.6 3.0
TL 1790327889.262 822.4 5.7
TL 1790327889.362 454.5 4.3
TL 1790327889.462 222.3 2.5
TL 1790327889.562 139.4 1.9
TL 1790327889.662 71.9 3.4
TL 1790327889.763 483.9 1.6
TL 1790327889.862 141.0 2.3
TL 1790327889.963 219.4 1.6
TL 1790327890.063 313.2 4.3
TL 1790327890.163 393.2 4.1
TL 1790327890.263 387.1 5.1
TL 1790327890.363 153.0 2.0
TL 1790327890.463 119.4 2.1
TL 1790327890.564 84.1 1.8
TL 1790327890.664 140.1 2.3
TL 1790327890.764 102.8 1.7
TL 1790327890.864 81.7 1.6
TL 1790327890.964 187.6 2.7
TL 1790327891.064 215.2 4.0
TL 1790327891.165 389.8 3.0
TL 1790327891.266 357.9 5.0
TL 1790327891.366 243.9 5.3
TL 1790327891.466 139.9 2.6
TL 1790327891.566 88.1 1.9
TL 1790327891.666 85.7 1.1
TL 1790327891.766 180.7 1.7
TL 1790327891.866 65.0 3.2
TL 1790327891.966 224.0 1.7
TL 1790327892.067 232.1 2.7
TL 1790327892.167 314.4 3.4
TL 1790327892.267 141.6 3.2
TL 1790327892.368 408.0 8.0
TL 1790327892.468 410.6 3.9
TL 1790327892.568 76.4 2.1
TL 1790327892.668 105.9 1.2
TL 1790327892.769 492.7 11.0
TL 1790327892.869 354.9 5.2
TL 1790327892.969 346.9 3.9
TL 1790327893.069 344.5 5.2
TL 1790327893.170 292.9 3.4
TL 1790327893.270 142.1 2.3
TL 1790327893.371 455.1 4.9
TL 1790327893.471 369.6 3.3
TL 1790327893.571 339.9 4.4
TL 1790327893.671 123.2 0.7
TL 1790327893.771 128.6 1.6
TL 1790327893.871 116.6 1.8
TL 1790327893.971 471.0 3.7
TL 1790327894.071 276.7 2.0
TL 1790327894.171 110.0 1.1
TL 1790327894.271 114.5 1.3
TL 1790327894.372 326.6 4.6
TL 1790327894.472 207.3 4.1
TL 1790327894.572 161.0 2.1
TL 1790327894.672 219.0 2.2
TL 1790327894.772 175.5 1.6
TL 1790327894.873 343.9 3.2
TL 1790327894.973 382.1 3.2
TL 1790327895.073 269.2 3.0
TL 1790327895.173 249.4 2.4
TL 1790327895.273 212.4 1.8
TL 1790327895.374 328.4 2.9
TL 1790327895.474 104.7 2.4
TL 1790327895.574 194.3 3.7
TL 1790327895.675 366.2 1.5
TL 1790327895.775 153.0 1.3
TL 1790327895.875 355.9 3.4
TL 1790327895.975 289.7 3.2
TL 1790327896.075 288.4 2.8
TL 1790327896.175 232.6 2.7
TL 1790327896.275 124.9 2.0
TL 1790327896.376 143.6 3.5
TL 1790327896.476 66.8 2.3
TL 1790327896.576 469.0 4.2
TL 1790327896.676 295.0 1.8
TL 1790327896.776 274.2 2.4
TL 1790327896.877 420.0 3.8
TL 1790327896.977 236.1 3.5
TL 1790327897.077 123.1 1.4
TL 1790327897.177 128.6 1.2
TL 1790327897.277 83.5 2.2
TL 1790327897.377 100.7 1.4
TL 1790327897.478 416.6 5.2
TL 1790327897.578 341.8 3.9
TL 1790327897.678 558.9 2.4
TL 1790327897.778 424.8 2.3
TL 1790327897.878 324.3 2.2
TL 1790327897.978 336.8 3.2
TL 1790327898.079 232.6 2.3
TL 1790327898.179 322.5 2.7
TL 1790327898.279 120.3 0.7
TL 1790327898.379 332.8 2.0
TL 1790327898.480 335.7 4.3
TL 1790327898.580 99.3 2.1
TL 1790327898.680 320.8 1.4
TL 1790327898.780 59.7 1.9
TL 1790327898.880 240.7 3.5
TL 1790327898.981 236.6 3.9
TL 1790327899.081 246.4 3.4
TL 1790327899.181 92.4 0.8
TL 1790327899.281 264.1 3.0
TL 1790327899.381 325.2 3.5
TL 1790327899.481 78.5 2.1
TL 1790327899.582 185.2 4.7
TL 1790327899.682 298.2 3.0
TL 1790327899.782 189.8 3.1
TL 1790327899.885 427.8 5.3
TL 1790327899.985 195.4 2.9
TL 1790327900.085 321.7 3.7
TL 1790327900.185 110.2 0.9
TL 1790327900.285 203.3 1.8
TL 1790327900.385 321.9 3.5
TL 1790327900.486 421.9 4.6
TL 1790327900.586 328.6 5.8
TL 1790327900.686 298.9 1.5
TL 1790327900.786 332.5 3.4
TL 1790327900.886 97.9 2.3
TL 1790327900.986 75.0 3.1
TL 1790327901.086 110.8 1.5
TL 1790327901.187 505.7 3.1
TL 1790327901.288 548.2 2.5
TL 1790327901.388 333.7 3.5
TL 1790327901.488 376.8 2.4
TL 1790327901.588 207.8 2.1
TL 1790327901.688 222.4 2.3
TL 1790327901.788 311.7 3.4
TL 1790327901.888 110.7 1.9
TL 1790327901.989 346.3 3.0
TL 1790327902.089 284.3 2.8
TL 1790327902.189 244.7 2.6
TL 1790327902.289 343.6 3.6
TL 1790327902.389 156.2 2.1
TL 1790327902.489 380.2 6.0
TL 1790327902.589 253.1 3.4
TL 1790327902.690 251.3 4.3
TL 1790327902.790 224.7 2.9
TL 1790327902.890 89.3 2.2
TL 1790327902.990 337.7 3.1
TL 1790327903.090 302.3 3.7
TL 1790327903.190 401.5 1.4
TL 1790327903.290 88.3 2.0
TL 1790327903.390 329.8 4.7
TL 1790327903.490 102.8 0.8
TL 1790327903.591 196.6 2.9
TL 1790327903.691 99.9 2.1
TL 1790327903.792 391.4 2.1
TL 1790327903.892 421.9 1.9
TL 1790327903.992 80.8 1.1
TL 1790327904.092 82.9 1.3
TL 1790327904.192 124.7 1.1
TL 1790327904.292 180.6 1.4
TL 1790327904.392 123.2 1.4
TL 1790327904.493 875.7 1.7
TL 1790327904.592 100.6 2.8
TL 1790327904.692 219.9 0.7
TL 1790327904.792 127.6 2.6
TL 1790327904.892 84.6 2.7
TL 1790327904.993 96.6 1.8
TL 1790327905.093 96.0 1.9
TL 1790327905.193 157.9 1.5
TL 1790327905.293 147.9 1.9
TL 1790327905.394 1299.5 2.4
TL 1790327905.493 222.9 1.6
TL 1790327905.593 68.7 2.0
TL 1790327905.693 80.4 1.4
TL 1790327905.793 71.5 2.4
TL 1790327905.894 633.3 1.2
TL 1790327905.994 207.3 1.3
TL 1790327906.094 149.4 1.5
TL 1790327906.194 132.8 1.3
TL 1790327906.294 257.7 3.7
TL 1790327906.394 121.4 1.6
TL 1790327906.494 95.8 1.1
TL 1790327906.594 303.2 5.8
TL 1790327906.695 395.3 2.6
TL 1790327906.795 152.7 2.3
TL 1790327906.895 157.8 2.0
TL 1790327906.995 111.1 2.1
TL 1790327907.095 81.0 2.4
TL 1790327907.195 103.6 0.7
TL 1790327907.295 74.3 1.1
TL 1790327907.395 126.8 2.1
TL 1790327907.496 234.7 1.8
TL 1790327907.595 69.2 1.4
TL 1790327907.697 1337.6 1.5
TL 1790327907.796 60.8 1.7
TL 1790327907.898 2050.6 2.1
TL 1790327907.999 3289.3 1.5
TL 1790327908.096 72.2 2.1
TL 1790327908.196 83.5 1.4
TL 1790327908.296 69.6 2.1
TL 1790327908.396 105.8 1.6
TL 1790327908.497 109.9 2.6
TL 1790327908.597 116.7 1.9
TL 1790327908.697 70.1 1.7
TL 1790327908.797 101.7 1.8
TL 1790327908.897 75.2 2.6
TL 1790327908.997 59.2 2.0
TL 1790327909.097 278.0 1.5
TL 1790327909.197 120.8 1.9
TL 1790327909.298 304.0 3.2
TL 1790327909.398 264.3 3.0
TL 1790327909.498 84.1 1.2
TL 1790327909.598 192.8 2.8
TL 1790327909.699 345.3 1.7
TL 1790327909.799 306.2 2.6
TL 1790327909.899 342.8 3.5
TL 1790327909.999 137.5 1.9
TL 1790327910.099 83.6 2.0
