TL 1790355740.921 63.0 0.8
TL 1790355741.021 147.8 2.0
TL 1790355741.122 266.1 3.4
TL 1790355741.222 395.1 4.2
TL 1790355741.322 114.5 1.9
TL 1790355741.422 215.2 4.4
TL 1790355741.522 265.2 3.4
TL 1790355741.622 110.9 1.9
TL 1790355741.723 519.5 3.7
TL 1790355741.823 171.9 3.7
TL 1790355741.923 156.8 3.1
TL 1790355742.024 278.4 2.6
TL 1790355742.124 203.5 2.2
TL 1790355742.224 192.9 2.6
TL 1790355742.325 733.8 3.7
TL 1790355742.426 295.4 4.2
TL 1790355742.527 892.9 3.6
TL 1790355742.627 257.4 3.1
TL 1790355742.727 497.3 3.6
TL 1790355742.827 592.1 4.0
TL 1790355742.927 224.6 3.7
TL 1790355743.027 182.9 2.6
TL 1790355743.127 235.8 2.0
TL 1790355743.228 437.9 3.0
TL 1790355743.328 407.1 2.9
TL 1790355743.428 598.1 3.7
TL 1790355743.528 407.2 3.4
TL 1790355743.630 1439.7 3.9
TL 1790355743.729 520.6 4.0
TL 1790355743.829 219.5 3.3
TL 1790355743.929 536.6 3.5
TL 1790355744.030 818.2 3.3
TL 1790355744.129 257.6 3.9
TL 1790355744.230 315.1 2.9
TL 1790355744.330 133.8 1.9
TL 1790355744.430 364.0 1.8
TL 1790355744.531 514.1 2.9
TL 1790355744.631 303.7 3.6
TL 1790355744.732 402.2 1.1
TL 1790355744.833 916.2 3.1
TL 1790355744.932 465.9 3.0
TL 1790355745.032 327.4 4.2
TL 1790355745.132 254.0 3.5
TL 1790355745.233 375.2 3.6
TL 1790355745.333 504.4 2.6
TL 1790355745.433 381.7 3.5
TL 1790355745.533 270.6 3.9
TL 1790355745.634 635.2 3.6
TL 1790355745.734 535.0 3.7
TL 1790355745.834 295.9 4.6
TL 1790355745.934 313.0 3.7
TL 1790355746.034 267.7 5.1
TL 1790355746.134 322.6 4.1
TL 1790355746.235 599.5 3.7
TL 1790355746.335 168.9 1.9
TL 1790355746.435 239.9 4.2
TL 1790355746.535 249.5 2.5
TL 1790355746.635 357.1 2.8
TL 1790355746.736 334.3 4.3
TL 1790355746.836 279.1 3.6
TL 1790355746.936 620.5 3.4
TL 1790355747.036 510.9 3.3
TL 1790355747.136 410.6 3.4
TL 1790355747.236 372.1 4.0
TL 1790355747.337 422.7 2.4
TL 1790355747.437 565.3 12.1
TL 1790355747.537 164.9 2.2
TL 1790355747.638 540.5 4.4
TL 1790355747.738 323.0 2.8
TL 1790355747.838 224.7 1.9
TL 1790355747.938 291.3 3.2
TL 1790355748.038 400.0 3.0
TL 1790355748.138 287.3 3.8
TL 1790355748.239 293.4 4.0
TL 1790355748.339 238.9 3.8
TL 1790355748.439 195.1 3.4
TL 1790355748.540 566.9 2.2
TL 1790355748.640 203.3 3.4
TL 1790355748.740 266.2 3.1
TL 1790355748.841 455.9 4.5
TL 1790355748.941 382.3 3.4
TL 1790355749.041 389.6 3.3
TL 1790355749.141 376.0 4.3
TL 1790355749.241 171.5 3.9
TL 1790355749.341 138.9 2.0
TL 1790355749.441 255.5 11.2
TL 1790355749.542 315.7 1.9
TL 1790355749.642 334.1 3.9
TL 1790355749.742 254.5 3.5
TL 1790355749.842 256.1 3.7
TL 1790355749.942 272.2 3.4
TL 1790355750.043 622.8 6.4
TL 1790355750.143 320.6 3.1
TL 1790355750.243 215.5 2.6
TL 1790355750.343 322.3 2.3
TL 1790355750.443 158.7 1.6
TL 1790355750.544 358.2 3.3
TL 1790355750.644 278.5 1.8
TL 1790355750.744 281.1 2.3
TL 1790355750.844 276.7 4.2
TL 1790355750.944 247.4 3.4
TL 1790355751.045 516.2 2.9
TL 1790355751.145 398.6 3.1
TL 1790355751.245 388.6 3.3
TL 1790355751.345 492.2 2.9
TL 1790355751.446 452.6 3.3
TL 1790355751.547 920.8 3.4
TL 1790355751.646 126.9 2.2
TL 1790355751.746 156.2 2.4
TL 1790355751.847 402.2 3.3
TL 1790355751.947 328.3 3.2
TL 1790355752.047 427.6 3.5
TL 1790355752.147 156.1 2.2
TL 1790355752.247 354.2 3.6
TL 1790355752.350 386.5 4.2
TL 1790355752.450 488.3 3.5
TL 1790355752.550 312.1 4.5
TL 1790355752.650 242.3 3.7
TL 1790355752.750 301.1 3.7
TL 1790355752.850 358.7 4.3
TL 1790355752.950 279.8 4.1
TL 1790355753.051 614.3 3.8
TL 1790355753.151 325.3 2.8
TL 1790355753.251 393.4 3.0
TL 1790355753.351 234.8 3.2
TL 1790355753.452 778.0 1.3
TL 1790355753.551 161.7 1.5
TL 1790355753.652 365.1 1.3
TL 1790355753.752 261.0 2.8
TL 1790355753.852 411.0 3.4
TL 1790355753.952 329.8 3.0
TL 1790355754.053 366.7 3.1
TL 1790355754.154 616.2 3.6
TL 1790355754.254 344.6 4.1
TL 1790355754.354 347.0 87.8
TL 1790355754.454 308.3 4.0
TL 1790355754.554 455.6 3.7
TL 1790355754.654 368.3 3.1
TL 1790355754.755 412.4 2.8
TL 1790355754.855 124.7 2.2
TL 1790355754.955 510.9 3.8
TL 1790355755.055 297.9 3.0
TL 1790355755.155 293.6 3.6
TL 1790355755.256 354.7 3.0
TL 1790355755.355 138.1 2.6
TL 1790355755.456 341.4 4.6
TL 1790355755.557 388.3 4.1
TL 1790355755.657 268.0 3.0
TL 1790355755.758 574.8 3.1
TL 1790355755.858 734.6 3.3
TL 1790355755.958 761.2 4.3
TL 1790355756.058 705.9 3.9
TL 1790355756.158 355.3 3.2
TL 1790355756.258 274.8 2.8
TL 1790355756.359 596.5 3.1
TL 1790355756.459 168.2 2.2
TL 1790355756.560 483.3 3.8
TL 1790355756.660 415.2 4.2
TL 1790355756.760 333.0 2.5
TL 1790355756.860 332.0 3.5
TL 1790355756.961 381.1 2.8
TL 1790355757.061 499.3 3.5
TL 1790355757.162 1044.0 3.0
TL 1790355757.262 383.2 3.1
TL 1790355757.362 168.4 7.4
TL 1790355757.462 257.9 3.5
TL 1790355757.562 286.8 3.4
TL 1790355757.663 406.1 3.3
TL 1790355757.763 413.6 3.4
TL 1790355757.863 467.2 3.6
TL 1790355757.963 381.6 3.4
TL 1790355758.063 236.0 2.5
TL 1790355758.163 363.1 3.6
TL 1790355758.263 380.5 2.9
TL 1790355758.363 150.7 3.0
TL 1790355758.464 511.5 3.1
TL 1790355758.564 494.9 3.6
TL 1790355758.665 566.3 3.3
TL 1790355758.765 834.1 3.5
TL 1790355758.865 434.8 3.2
TL 1790355758.965 298.5 3.9
TL 1790355759.065 535.8 2.8
TL 1790355759.165 223.9 3.3
TL 1790355759.266 540.9 2.4
TL 1790355759.366 279.3 3.7
TL 1790355759.466 86.0 1.3
TL 1790355759.567 302.8 4.0
TL 1790355759.667 375.1 3.9
TL 1790355759.767 505.1 3.6
TL 1790355759.867 241.2 4.2
TL 1790355759.968 493.5 2.9
TL 1790355760.068 149.1 2.1
TL 1790355760.169 896.7 3.3
TL 1790355760.269 456.0 3.8
TL 1790355760.369 789.5 3.2
TL 1790355760.469 355.2 3.4
TL 1790355760.569 394.6 3.1
TL 1790355760.669 232.3 3.6
TL 1790355760.769 386.2 2.9
TL 1790355760.870 460.1 5.9
TL 1790355760.970 411.0 3.4
TL 1790355761.070 441.7 2.7
TL 1790355761.170 531.5 5.1
TL 1790355761.270 608.9 3.7
TL 1790355761.370 364.5 3.9
TL 1790355761.471 619.5 3.1
TL 1790355761.571 392.7 2.7
TL 1790355761.671 596.7 4.3
TL 1790355761.771 428.5 3.6
TL 1790355761.872 695.0 3.3
TL 1790355761.971 330.8 2.8
TL 1790355762.072 387.2 3.5
TL 1790355762.172 369.9 1.8
TL 1790355762.272 218.5 2.7
TL 1790355762.372 465.1 2.5
TL 1790355762.472 570.7 3.0
TL 1790355762.573 695.8 3.1
TL 1790355762.673 358.2 3.4
TL 1790355762.773 305.1 3.2
TL 1790355762.873 351.8 3.5
TL 1790355762.973 272.1 2.0
TL 1790355763.073 263.7 4.0
TL 1790355763.174 455.7 3.0
TL 1790355763.274 274.9 3.3
TL 1790355763.374 287.1 3.1
TL 1790355763.474 139.1 2.4
TL 1790355763.575 434.3 3.3
TL 1790355763.675 282.1 3.1
TL 1790355763.775 313.7 3.9
TL 1790355763.875 384.8 3.6
TL 1790355763.976 635.0 3.0
TL 1790355764.076 378.3 2.8
TL 1790355764.176 356.7 3.7
TL 1790355764.276 411.3 3.0
TL 1790355764.376 285.5 3.0
TL 1790355764.476 299.3 2.7
TL 1790355764.577 757.3 3.9
TL 1790355764.677 229.0 2.9
TL 1790355764.778 1583.2 2.9
TL 1790355764.877 237.0 2.9
TL 1790355764.978 630.4 3.0
TL 1790355765.079 616.2 2.9
TL 1790355765.178 329.3 3.0
TL 1790355765.279 288.1 3.3
TL 1790355765.379 413.0 2.4
TL 1790355765.479 310.4 3.2
TL 1790355765.580 644.0 4.0
TL 1790355765.680 449.0 3.3
TL 1790355765.779 176.1 2.1
TL 1790355765.880 246.7 3.8
TL 1790355765.980 377.5 3.0
TL 1790355766.080 135.4 1.6
TL 1790355766.181 360.6 3.7
TL 1790355766.281 334.4 3.1
TL 1790355766.381 853.1 4.0
TL 1790355766.481 374.1 4.0
TL 1790355766.581 363.5 3.8
TL 1790355766.681 265.4 3.9
TL 1790355766.782 463.3 4.0
TL 1790355766.882 572.8 3.8
TL 1790355766.982 360.5 4.2
TL 1790355767.083 665.2 3.1
TL 1790355767.183 401.1 3.3
TL 1790355767.283 282.7 3.1
TL 1790355767.383 303.9 3.6
TL 1790355767.483 316.6 3.6
TL 1790355767.584 390.2 3.3
TL 1790355767.684 354.2 4.9
TL 1790355767.785 780.9 3.0
TL 1790355767.884 327.9 3.6
TL 1790355767.985 294.9 3.5
TL 1790355768.085 405.7 4.4
TL 1790355768.185 389.0 3.1
TL 1790355768.285 261.8 1.8
TL 1790355768.385 458.6 3.5
TL 1790355768.486 516.8 2.4
TL 1790355768.585 278.9 2.7
TL 1790355768.686 264.2 2.6
TL 1790355768.786 253.0 2.9
TL 1790355768.886 378.0 3.0
TL 1790355768.987 325.6 3.6
TL 1790355769.087 389.6 2.7
TL 1790355769.187 607.8 4.1
TL 1790355769.287 309.3 3.3
TL 1790355769.388 522.9 4.1
TL 1790355769.488 284.9 3.5
TL 1790355769.588 290.7 3.1
TL 1790355769.688 334.0 4.0
TL 1790355769.788 323.0 4.7
TL 1790355769.889 407.7 3.4
TL 1790355769.989 281.9 4.4
TL 1790355770.089 433.3 2.4
TL 1790355770.189 514.0 3.6
TL 1790355770.290 866.8 2.9
TL 1790355770.390 267.3 2.9
TL 1790355770.490 455.7 4.2
TL 1790355770.591 436.9 3.0
TL 1790355770.690 236.0 3.1
TL 1790355770.791 379.2 3.4
TL 1790355770.891 340.3 3.2
TL 1790355770.992 468.2 3.7
TL 1790355771.093 552.1 1.9
TL 1790355771.193 269.8 2.9
TL 1790355771.293 229.7 2.5
TL 1790355771.393 300.6 2.9
TL 1790355771.493 462.6 2.3
TL 1790355771.594 286.7 2.8
TL 1790355771.694 226.6 3.6
TL 1790355771.794 524.9 3.1
TL 1790355771.894 289.1 3.3
TL 1790355771.994 360.5 2.9
TL 1790355772.094 264.8 2.2
TL 1790355772.195 300.6 3.5
TL 1790355772.295 291.0 4.0
TL 1790355772.395 134.8 2.6
TL 1790355772.495 299.1 3.6
TL 1790355772.595 379.4 3.1
TL 1790355772.696 509.8 3.1
TL 1790355772.796 427.0 2.8
TL 1790355772.896 419.9 4.4
TL 1790355772.997 561.7 4.2
TL 1790355773.097 580.8 2.2
TL 1790355773.197 296.3 3.2
TL 1790355773.297 601.1 3.2
TL 1790355773.397 410.3 3.2
TL 1790355773.498 448.7 3.0
TL 1790355773.599 835.1 3.9
TL 1790355773.699 292.4 3.9
TL 1790355773.799 263.5 3.3
TL 1790355773.900 496.8 4.1
TL 1790355774.000 361.1 3.3
TL 1790355774.101 252.6 3.0
TL 1790355774.202 1087.8 2.1
TL 1790355774.301 444.3 1.9
TL 1790355774.402 1306.7 2.4
TL 1790355774.501 234.1 2.5
TL 1790355774.601 290.5 4.3
TL 1790355774.701 304.4 2.6
TL 1790355774.802 197.3 2.7
TL 1790355774.902 441.3 4.3
TL 1790355775.003 479.5 2.9
TL 1790355775.103 344.5 2.3
TL 1790355775.204 244.1 2.4
TL 1790355775.304 397.5 3.1
TL 1790355775.406 1704.6 2.8
TL 1790355775.505 243.1 2.7
TL 1790355775.605 431.5 3.1
TL 1790355775.706 330.5 3.5
TL 1790355775.806 212.9 3.9
TL 1790355775.907 359.0 3.0
TL 1790355776.007 366.6 188.7
TL 1790355776.107 233.5 2.9
TL 1790355776.207 142.8 1.0
TL 1790355776.307 258.7 3.7
TL 1790355776.407 336.1 2.9
TL 1790355776.507 354.4 4.4
TL 1790355776.608 642.1 3.2
TL 1790355776.708 383.2 2.3
TL 1790355776.808 238.9 3.8
TL 1790355776.908 535.8 3.1
TL 1790355777.008 248.0 3.0
TL 1790355777.109 388.9 1.7
TL 1790355777.209 254.3 2.9
TL 1790355777.309 140.4 1.9
TL 1790355777.409 133.0 1.6
TL 1790355777.509 342.2 3.2
TL 1790355777.609 310.1 3.5
TL 1790355777.709 194.2 2.1
TL 1790355777.810 260.8 2.1
TL 1790355777.910 365.9 5.4
TL 1790355778.010 119.3 1.6
TL 1790355778.110 280.3 2.1
TL 1790355778.210 377.9 2.9
TL 1790355778.311 549.7 4.0
TL 1790355778.411 413.7 2.6
TL 1790355778.511 476.3 4.0
TL 1790355778.611 297.4 3.3
TL 1790355778.712 302.1 3.2
TL 1790355778.812 159.8 2.2
TL 1790355778.912 339.7 3.9
TL 1790355779.013 314.8 4.1
TL 1790355779.113 138.1 1.4
TL 1790355779.213 661.3 2.7
TL 1790355779.313 262.9 4.2
TL 1790355779.414 311.8 3.6
TL 1790355779.514 320.3 4.1
TL 1790355779.614 450.1 3.9
TL 1790355779.714 459.4 3.0
TL 1790355779.814 418.1 3.2
TL 1790355779.914 190.4 3.4
TL 1790355780.014 168.0 2.5
TL 1790355780.115 151.1 1.7
TL 1790355780.215 283.4 2.3
TL 1790355780.316 237.3 3.1
TL 1790355780.417 518.8 5.6
TL 1790355780.517 341.2 2.4
TL 1790355780.617 273.5 4.0
TL 1790355780.717 325.8 3.5
TL 1790355780.817 391.9 5.0
TL 1790355780.918 604.8 4.4
TL 1790355781.018 376.2 2.7
TL 1790355781.118 532.4 2.7
TL 1790355781.218 405.6 3.5
TL 1790355781.319 1433.0 4.4
TL 1790355781.418 100.8 2.4
TL 1790355781.519 249.4 3.5
TL 1790355781.619 541.2 4.4
TL 1790355781.720 453.0 3.4
TL 1790355781.820 563.7 2.8
TL 1790355781.920 225.4 3.3
TL 1790355782.020 403.1 4.5
TL 1790355782.120 204.6 2.5
TL 1790355782.221 379.7 3.2
TL 1790355782.322 1533.2 2.9
TL 1790355782.421 230.2 2.4
TL 1790355782.521 384.9 3.8
TL 1790355782.621 262.7 4.4
TL 1790355782.721 444.3 4.0
TL 1790355782.822 516.6 3.7
TL 1790355782.922 377.1 164.5
TL 1790355783.022 260.9 4.2
TL 1790355783.122 328.1 2.9
TL 1790355783.223 360.6 1.7
TL 1790355783.323 416.2 2.4
TL 1790355783.426 667.6 6.3
TL 1790355783.526 354.0 3.2
TL 1790355783.626 426.2 2.8
TL 1790355783.727 191.0 2.8
TL 1790355783.828 648.6 1.8
TL 1790355783.928 213.4 3.7
TL 1790355784.028 221.0 1.8
TL 1790355784.128 296.7 2.2
TL 1790355784.228 376.4 3.1
TL 1790355784.329 327.2 3.3
TL 1790355784.429 289.5 2.8
TL 1790355784.529 471.2 3.9
TL 1790355784.629 348.3 2.4
TL 1790355784.730 243.7 3.6
TL 1790355784.830 329.9 2.7
TL 1790355784.930 254.3 2.1
TL 1790355785.031 834.3 3.0
TL 1790355785.131 273.4 2.3
TL 1790355785.232 1193.7 3.2
TL 1790355785.331 252.7 3.9
TL 1790355785.432 395.9 3.6
TL 1790355785.532 245.9 2.9
TL 1790355785.632 281.1 3.1
TL 1790355785.732 371.9 4.0
TL 1790355785.833 410.7 3.8
TL 1790355785.933 429.3 3.4
TL 1790355786.033 256.6 131.4
TL 1790355786.133 300.6 2.4
TL 1790355786.234 650.8 2.7
TL 1790355786.335 943.9 3.2
TL 1790355786.434 102.6 2.4
TL 1790355786.534 321.4 2.8
TL 1790355786.635 321.3 3.2
TL 1790355786.735 252.7 3.3
TL 1790355786.835 292.0 3.1
TL 1790355786.937 586.5 4.9
TL 1790355787.037 258.0 3.3
TL 1790355787.137 228.5 3.3
TL 1790355787.237 345.2 3.3
TL 1790355787.339 1632.9 3.9
TL 1790355787.438 501.0 3.3
TL 1790355787.538 326.0 4.0
TL 1790355787.639 491.3 3.5
TL 1790355787.739 536.1 3.2
TL 1790355787.839 421.8 3.2
TL 1790355787.939 578.2 3.7
TL 1790355788.039 141.6 1.9
TL 1790355788.140 230.2 3.3
TL 1790355788.241 350.1 3.6
TL 1790355788.341 231.4 4.4
TL 1790355788.441 247.4 3.1
TL 1790355788.541 256.4 3.5
TL 1790355788.641 404.3 2.5
TL 1790355788.742 581.4 3.3
TL 1790355788.842 223.7 3.3
TL 1790355788.942 280.7 2.9
TL 1790355789.042 350.2 4.6
TL 1790355789.142 135.5 1.4
TL 1790355789.242 299.9 3.3
TL 1790355789.343 420.1 2.1
TL 1790355789.443 157.9 1.9
TL 1790355789.543 262.9 2.1
TL 1790355789.643 647.9 2.3
TL 1790355789.743 329.7 2.9
TL 1790355789.843 362.6 2.7
TL 1790355789.944 451.3 2.7
TL 1790355790.044 241.3 1.8
TL 1790355790.144 185.8 1.3
TL 1790355790.244 258.8 2.8
TL 1790355790.345 330.2 3.2
TL 1790355790.445 741.6 4.0
TL 1790355790.545 337.1 3.5
TL 1790355790.646 641.4 3.5
TL 1790355790.746 399.4 3.3
TL 1790355790.846 258.0 3.2
TL 1790355790.946 332.2 2.7
TL 1790355791.046 278.1 3.5
TL 1790355791.146 261.4 1.4
TL 1790355791.248 1521.3 3.6
TL 1790355791.347 377.2 3.0
TL 1790355791.447 125.1 1.6
TL 1790355791.547 536.1 3.6
TL 1790355791.648 328.0 3.5
TL 1790355791.748 530.5 3.3
TL 1790355791.849 807.3 3.9
TL 1790355791.949 446.0 3.5
TL 1790355792.049 266.0 3.5
TL 1790355792.149 730.0 3.0
TL 1790355792.249 264.6 2.4
TL 1790355792.350 458.0 4.3
TL 1790355792.450 344.4 4.0
TL 1790355792.550 253.4 2.1
TL 1790355792.650 414.7 4.6
TL 1790355792.750 306.1 2.6
TL 1790355792.850 223.9 2.9
TL 1790355792.951 270.2 1.9
TL 1790355793.051 130.7 1.7
TL 1790355793.151 409.7 2.7
TL 1790355793.251 267.2 3.3
TL 1790355793.352 524.1 3.1
TL 1790355793.452 430.3 4.2
TL 1790355793.553 858.3 3.9
TL 1790355793.653 358.9 3.6
TL 1790355793.753 370.5 3.7
TL 1790355793.854 364.8 3.8
TL 1790355793.954 447.3 3.3
TL 1790355794.055 614.0 4.1
TL 1790355794.155 422.1 3.3
TL 1790355794.255 317.4 2.5
TL 1790355794.355 332.2 3.0
TL 1790355794.455 592.8 3.5
TL 1790355794.556 271.5 2.0
TL 1790355794.656 435.4 3.1
TL 1790355794.756 600.6 3.0
TL 1790355794.856 426.6 2.3
TL 1790355794.956 269.8 2.8
TL 1790355795.057 284.5 3.5
TL 1790355795.157 347.2 3.3
TL 1790355795.258 593.6 5.9
TL 1790355795.358 306.0 3.5
TL 1790355795.458 283.9 1.8
TL 1790355795.558 315.4 3.0
TL 1790355795.659 829.5 3.0
TL 1790355795.758 179.6 2.7
TL 1790355795.859 278.2 3.6
TL 1790355795.959 211.4 1.9
TL 1790355796.059 317.6 3.2
TL 1790355796.161 1741.4 2.9
TL 1790355796.261 1017.6 4.1
TL 1790355796.360 253.2 3.1
TL 1790355796.460 276.4 4.3
TL 1790355796.561 303.5 3.8
TL 1790355796.662 583.1 3.8
TL 1790355796.762 294.6 3.6
TL 1790355796.862 397.2 3.1
TL 1790355796.962 307.2 3.5
TL 1790355797.062 135.7 1.0
TL 1790355797.162 107.6 2.1
TL 1790355797.263 261.4 2.8
TL 1790355797.364 301.4 3.2
TL 1790355797.464 275.2 3.1
TL 1790355797.565 583.6 3.4
TL 1790355797.665 340.4 3.4
TL 1790355797.765 354.7 2.8
TL 1790355797.865 293.5 3.9
TL 1790355797.966 284.4 4.0
TL 1790355798.066 125.5 2.2
TL 1790355798.166 261.9 3.4
TL 1790355798.266 298.3 2.1
TL 1790355798.366 274.4 2.0
TL 1790355798.467 228.9 2.0
TL 1790355798.567 267.4 2.2
TL 1790355798.667 248.0 2.4
TL 1790355798.767 253.2 2.7
TL 1790355798.867 272.2 3.2
TL 1790355798.967 273.1 2.0
TL 1790355799.068 915.8 2.4
TL 1790355799.168 610.5 3.0
TL 1790355799.268 300.8 3.2
TL 1790355799.369 838.5 2.9
TL 1790355799.468 146.8 2.0
TL 1790355799.569 618.7 3.0
TL 1790355799.669 430.5 3.5
TL 1790355799.769 262.4 3.0
TL 1790355799.870 890.4 5.3
TL 1790355799.970 873.4 4.6
TL 1790355800.070 748.3 3.7
TL 1790355800.170 395.3 3.9
TL 1790355800.270 129.5 1.5
TL 1790355800.371 717.6 3.3
TL 1790355800.471 375.1 2.6
TL 1790355800.571 306.2 4.6
TL 1790355800.671 546.0 2.8
TL 1790355800.771 647.9 3.5
TL 1790355800.871 554.8 3.6
TL 1790355800.971 334.6 3.6
TL 1790355801.072 526.3 64.5
TL 1790355801.172 240.5 3.2
TL 1790355801.272 70.9 2.1
TL 1790355801.372 343.7 2.3
TL 1790355801.472 244.6 3.9
TL 1790355801.572 118.3 1.9
TL 1790355801.673 231.6 3.5
TL 1790355801.773 101.9 1.8
TL 1790355801.873 86.0 1.8
TL 1790355801.973 107.7 1.9
TL 1790355802.073 123.0 2.0
TL 1790355802.173 77.0 1.7
TL 1790355802.273 82.2 1.9
TL 1790355802.373 233.5 1.4
TL 1790355802.474 251.2 1.9
TL 1790355802.574 803.8 3.3
TL 1790355802.674 96.6 1.7
TL 1790355802.774 91.1 1.6
TL 1790355802.874 152.2 1.6
TL 1790355802.974 101.0 2.1
TL 1790355803.074 88.9 1.8
TL 1790355803.174 92.4 1.8
TL 1790355803.274 132.2 1.7
TL 1790355803.374 81.7 1.5
TL 1790355803.474 102.6 1.6
TL 1790355803.575 93.5 1.4
TL 1790355803.675 180.0 1.5
TL 1790355803.775 105.7 1.2
TL 1790355803.875 89.2 1.8
TL 1790355803.975 100.0 1.3
TL 1790355804.075 98.7 2.0
TL 1790355804.175 96.1 1.6
TL 1790355804.275 88.1 1.2
TL 1790355804.375 90.7 1.8
TL 1790355804.476 102.3 1.7
TL 1790355804.576 96.4 2.1
TL 1790355804.676 101.4 2.1
TL 1790355804.776 92.4 2.0
TL 1790355804.876 112.8 1.8
TL 1790355804.976 83.0 2.1
TL 1790355805.076 105.3 2.0
TL 1790355805.176 83.8 1.8
TL 1790355805.277 227.1 2.8
TL 1790355805.377 95.1 2.1
TL 1790355805.477 234.8 2.5
TL 1790355805.577 105.2 1.8
TL 1790355805.678 788.1 1.6
TL 1790355805.778 374.0 2.6
TL 1790355805.878 123.8 2.0
TL 1790355805.978 82.8 1.7
TL 1790355806.078 147.2 1.5
TL 1790355806.178 88.5 1.9
TL 1790355806.279 102.3 1.5
TL 1790355806.380 755.8 3.3
TL 1790355806.479 87.4 1.6
TL 1790355806.579 79.6 1.7
TL 1790355806.679 80.2 1.5
TL 1790355806.780 133.2 1.8
TL 1790355806.880 86.2 1.6
TL 1790355806.980 87.4 1.6
TL 1790355807.080 190.3 1.6
TL 1790355807.180 109.8 1.3
TL 1790355807.280 128.5 1.7
TL 1790355807.380 86.5 1.5
TL 1790355807.480 110.1 2.8
TL 1790355807.580 88.1 1.7
TL 1790355807.680 109.5 2.0
TL 1790355807.781 164.0 1.5
TL 1790355807.881 113.0 1.8
TL 1790355807.981 244.8 2.0
TL 1790355808.082 292.2 1.7
TL 1790355808.182 103.6 1.9
TL 1790355808.283 307.9 1.5
TL 1790355808.383 102.7 1.8
TL 1790355808.483 95.5 1.6
TL 1790355808.583 89.6 1.7
TL 1790355808.683 95.4 1.9
TL 1790355808.783 96.1 1.6
TL 1790355808.883 107.0 1.8
TL 1790355808.983 86.1 1.7
TL 1790355809.083 115.5 1.9
TL 1790355809.183 198.9 2.1
TL 1790355809.284 187.4 1.7
TL 1790355809.384 123.4 1.8
TL 1790355809.485 98.6 1.9
TL 1790355809.585 98.4 1.5
TL 1790355809.685 107.9 1.6
TL 1790355809.785 90.6 1.5
TL 1790355809.885 163.1 1.7
TL 1790355809.985 309.8 1.8
TL 1790355810.085 91.5 1.8
TL 1790355810.185 101.9 2.0
TL 1790355810.285 90.2 1.2
TL 1790355810.385 130.9 1.5
TL 1790355810.486 160.2 1.9
TL 1790355810.586 80.2 1.7
TL 1790355810.686 82.7 1.1
TL 1790355810.786 90.2 1.6
TL 1790355810.886 107.8 2.4
TL 1790355810.986 260.3 3.4
TL 1790355811.086 94.2 1.9
TL 1790355811.186 94.9 1.9
TL 1790355811.286 106.3 1.7
TL 1790355811.387 96.6 1.8
TL 1790355811.487 90.6 1.8
TL 1790355811.587 91.3 1.5
TL 1790355811.687 164.1 1.7
TL 1790355811.787 91.2 1.3
TL 1790355811.887 171.6 1.7
TL 1790355811.987 281.5 1.5
TL 1790355812.088 801.5 1.5
TL 1790355812.187 103.3 2.0
TL 1790355812.288 115.5 1.0
TL 1790355812.388 156.4 1.3
TL 1790355812.488 101.6 1.7
TL 1790355812.589 895.9 1.3
TL 1790355812.688 169.4 1.0
TL 1790355812.788 79.5 1.4
TL 1790355812.888 112.8 1.8
TL 1790355812.988 95.5 1.8
TL 1790355813.089 183.2 2.4
TL 1790355813.189 88.0 1.4
TL 1790355813.289 95.9 1.1
TL 1790355813.389 238.6 1.5
TL 1790355813.489 93.3 1.6
TL 1790355813.589 105.6 1.9
TL 1790355813.689 92.1 1.6
TL 1790355813.792 2779.0 1.6
TL 1790355813.889 86.0 1.4
TL 1790355813.990 308.4 1.6
TL 1790355814.090 442.6 1.9
TL 1790355814.190 99.5 1.7
TL 1790355814.290 89.8 1.5
TL 1790355814.390 147.1 1.7
TL 1790355814.490 109.4 1.9
TL 1790355814.591 557.2 1.9
TL 1790355814.691 199.3 3.0
TL 1790355814.791 93.9 1.6
TL 1790355814.891 113.7 1.7
TL 1790355814.991 87.2 1.5
TL 1790355815.091 94.7 1.7
TL 1790355815.191 127.1 1.6
TL 1790355815.291 113.3 1.8
TL 1790355815.391 97.7 1.8
TL 1790355815.491 100.4 1.5
TL 1790355815.591 110.2 1.6
TL 1790355815.691 100.6 1.5
TL 1790355815.792 129.2 2.3
TL 1790355815.892 206.0 2.6
TL 1790355815.993 811.5 3.4
TL 1790355816.092 146.2 2.0
TL 1790355816.192 96.6 1.6
TL 1790355816.292 104.3 1.5
TL 1790355816.393 73.1 0.8
TL 1790355816.493 142.9 1.1
TL 1790355816.593 184.5 2.2
TL 1790355816.694 94.4 1.0
TL 1790355816.794 138.5 1.1
TL 1790355816.894 105.8 2.0
TL 1790355816.994 109.9 1.8
TL 1790355817.094 99.7 1.6
TL 1790355817.194 105.5 1.4
TL 1790355817.294 124.8 1.5
TL 1790355817.395 136.7 2.1
TL 1790355817.495 98.4 1.8
TL 1790355817.595 108.6 1.5
TL 1790355817.695 95.3 1.8
TL 1790355817.795 99.0 1.5
TL 1790355817.895 90.2 1.6
TL 1790355817.995 121.5 1.6
TL 1790355818.095 93.0 1.8
TL 1790355818.196 141.5 2.0
TL 1790355818.296 74.9 0.7
TL 1790355818.396 53.8 1.1
TL 1790355818.496 126.7 1.4
TL 1790355818.596 95.6 1.6
TL 1790355818.696 90.9 1.8
TL 1790355818.796 162.4 1.5
TL 1790355818.896 210.6 1.5
TL 1790355818.996 100.0 1.7
TL 1790355819.096 80.9 1.4
TL 1790355819.197 267.8 1.3
TL 1790355819.297 94.8 1.1
TL 1790355819.397 77.6 1.4
TL 1790355819.497 90.7 1.7
TL 1790355819.597 95.6 1.8
TL 1790355819.697 167.1 1.8
TL 1790355819.797 90.4 1.2
TL 1790355819.897 122.9 1.6
TL 1790355819.998 212.8 1.6
TL 1790355820.098 102.8 1.6
TL 1790355820.198 135.8 1.4
TL 1790355820.298 87.0 1.1
TL 1790355820.398 98.3 1.4
TL 1790355820.498 111.9 1.6
TL 1790355820.598 95.4 2.4
TL 1790355820.698 84.8 1.6
TL 1790355820.798 96.3 1.6
TL 1790355820.898 192.2 1.6
TL 1790355820.998 114.2 1.9
TL 1790355821.099 223.5 2.0
TL 1790355821.199 84.5 1.7
TL 1790355821.299 179.2 0.7
TL 1790355821.399 100.6 1.8
TL 1790355821.499 95.2 1.8
TL 1790355821.599 102.0 1.8
TL 1790355821.699 100.2 1.5
TL 1790355821.799 121.1 2.4
TL 1790355821.899 119.3 2.2
TL 1790355822.000 351.9 3.1
TL 1790355822.100 375.5 2.6
TL 1790355822.201 726.7 3.3
TL 1790355822.300 79.2 1.0
TL 1790355822.401 350.3 3.1
TL 1790355822.501 324.4 4.2
TL 1790355822.601 271.2 2.7
TL 1790355822.701 499.5 3.9
TL 1790355822.801 255.6 1.8
TL 1790355822.901 174.5 2.2
TL 1790355823.002 525.2 3.9
TL 1790355823.102 244.7 2.9
TL 1790355823.202 202.0 2.0
TL 1790355823.302 213.0 1.3
TL 1790355823.403 175.8 2.0
TL 1790355823.503 144.6 1.8
TL 1790355823.603 432.2 2.6
TL 1790355823.703 430.5 3.0
TL 1790355823.803 388.4 4.4
TL 1790355823.903 272.2 3.0
TL 1790355824.004 441.5 2.8
TL 1790355824.104 593.2 3.7
TL 1790355824.204 358.7 3.8
TL 1790355824.305 343.2 3.0
TL 1790355824.405 575.9 3.2
TL 1790355824.505 349.0 4.4
TL 1790355824.605 197.7 2.2
TL 1790355824.706 656.8 2.8
TL 1790355824.806 369.4 4.8
TL 1790355824.907 579.4 3.2
TL 1790355825.006 293.2 4.6
TL 1790355825.109 627.6 4.1
TL 1790355825.209 339.3 2.6
TL 1790355825.309 333.2 2.3
TL 1790355825.409 261.8 3.0
TL 1790355825.509 277.0 2.8
TL 1790355825.610 341.6 3.2
TL 1790355825.710 287.4 3.0
TL 1790355825.810 340.1 3.2
TL 1790355825.910 406.6 3.4
TL 1790355826.010 169.7 3.0
TL 1790355826.110 276.5 4.4
TL 1790355826.211 425.4 3.1
TL 1790355826.310 241.9 3.9
TL 1790355826.411 361.7 4.4
TL 1790355826.511 400.6 3.4
TL 1790355826.611 336.8 2.8
TL 1790355826.711 286.5 2.8
TL 1790355826.811 153.3 2.2
TL 1790355826.912 365.7 3.5
TL 1790355827.012 133.1 2.4
TL 1790355827.112 219.8 3.8
TL 1790355827.212 247.3 2.7
TL 1790355827.313 364.2 2.9
TL 1790355827.413 337.3 3.6
TL 1790355827.513 434.2 3.7
TL 1790355827.613 382.7 4.0
TL 1790355827.713 318.3 2.6
TL 1790355827.814 917.8 4.2
TL 1790355827.913 276.6 3.7
TL 1790355828.014 726.5 3.6
TL 1790355828.114 327.5 2.5
TL 1790355828.214 208.4 2.6
TL 1790355828.314 151.0 3.8
TL 1790355828.415 225.6 2.2
TL 1790355828.515 124.6 1.7
TL 1790355828.615 331.6 3.0
TL 1790355828.715 372.3 2.9
TL 1790355828.815 124.3 1.8
TL 1790355828.916 401.2 3.7
TL 1790355829.016 297.4 3.0
TL 1790355829.117 676.0 11.4
TL 1790355829.217 418.8 2.6
TL 1790355829.317 122.9 1.8
TL 1790355829.417 253.7 3.3
TL 1790355829.517 396.7 3.6
TL 1790355829.617 144.2 2.2
TL 1790355829.718 362.2 3.9
TL 1790355829.818 495.7 2.1
TL 1790355829.918 715.2 3.3
TL 1790355830.018 157.6 3.4
TL 1790355830.119 232.8 3.2
TL 1790355830.219 282.8 3.3
TL 1790355830.319 325.9 2.1
TL 1790355830.419 467.2 3.1
TL 1790355830.519 264.4 3.7
TL 1790355830.620 223.9 3.6
TL 1790355830.720 288.8 3.7
TL 1790355830.820 533.4 2.2
TL 1790355830.921 550.0 3.7
TL 1790355831.020 264.2 4.2
TL 1790355831.121 420.7 4.0
TL 1790355831.221 314.0 3.7
TL 1790355831.322 553.2 2.7
TL 1790355831.422 267.2 1.5
TL 1790355831.522 351.7 3.5
TL 1790355831.622 288.5 4.1
TL 1790355831.723 577.6 3.2
TL 1790355831.823 419.4 3.5
TL 1790355831.923 273.7 4.0
TL 1790355832.023 96.8 2.1
TL 1790355832.123 80.5 1.7
TL 1790355832.223 155.3 1.9
TL 1790355832.323 230.2 3.4
TL 1790355832.423 97.1 2.2
TL 1790355832.524 233.7 1.8
TL 1790355832.624 138.1 2.6
TL 1790355832.724 508.5 5.4
TL 1790355832.824 117.1 2.0
TL 1790355832.924 150.2 2.6
TL 1790355833.025 510.6 3.4
TL 1790355833.124 161.9 2.1
TL 1790355833.225 309.6 4.5
TL 1790355833.325 104.3 2.2
TL 1790355833.426 888.5 2.8
TL 1790355833.525 132.0 2.0
TL 1790355833.626 315.0 2.1
TL 1790355833.726 125.9 1.8
TL 1790355833.826 108.3 1.9
TL 1790355833.926 561.3 1.8
TL 1790355834.026 94.8 1.7
TL 1790355834.126 111.2 1.8
TL 1790355834.226 349.5 3.0
TL 1790355834.326 81.8 1.9
TL 1790355834.427 195.4 2.9
TL 1790355834.528 219.3 3.2
TL 1790355834.628 200.0 2.8
TL 1790355834.728 101.9 1.9
TL 1790355834.828 130.1 2.0
TL 1790355834.929 154.7 1.9
TL 1790355835.029 101.8 2.4
TL 1790355835.129 543.1 2.3
TL 1790355835.229 316.2 1.7
TL 1790355835.329 95.1 1.6
TL 1790355835.429 98.6 1.5
TL 1790355835.529 114.8 2.1
TL 1790355835.629 111.9 2.1
TL 1790355835.730 169.5 2.3
TL 1790355835.830 89.9 1.7
TL 1790355835.930 118.4 2.0
TL 1790355836.030 486.8 1.9
TL 1790355836.130 117.8 1.8
TL 1790355836.230 229.7 1.9
TL 1790355836.331 233.6 2.3
TL 1790355836.431 183.1 1.8
TL 1790355836.531 506.0 3.7
TL 1790355836.632 503.4 3.6
TL 1790355836.732 377.2 3.2
TL 1790355836.832 276.1 3.1
TL 1790355836.933 491.7 3.6
TL 1790355837.033 155.0 2.2
TL 1790355837.133 409.1 3.5
TL 1790355837.233 166.9 2.9
TL 1790355837.333 101.0 2.1
TL 1790355837.433 279.4 2.3
TL 1790355837.533 180.5 2.3
TL 1790355837.633 122.2 1.8
TL 1790355837.733 102.6 1.9
TL 1790355837.834 116.5 2.0
TL 1790355837.934 113.5 1.7
TL 1790355838.034 289.1 2.0
TL 1790355838.134 109.1 1.9
TL 1790355838.234 268.8 2.2
TL 1790355838.334 125.3 2.0
TL 1790355838.434 235.7 1.9
TL 1790355838.534 104.9 2.0
TL 1790355838.634 98.0 2.0
TL 1790355838.735 157.1 2.5
TL 1790355838.835 269.3 1.7
TL 1790355838.935 123.3 2.5
TL 1790355839.035 146.3 2.4
TL 1790355839.135 121.4 2.5
TL 1790355839.235 125.0 1.8
TL 1790355839.335 182.1 1.8
TL 1790355839.436 176.6 2.2
TL 1790355839.536 171.4 2.0
TL 1790355839.636 200.6 2.3
TL 1790355839.736 169.6 2.3
TL 1790355839.837 126.8 1.8
TL 1790355839.937 443.0 1.7
TL 1790355840.037 327.3 2.3
TL 1790355840.137 113.9 1.5
TL 1790355840.237 87.4 1.5
TL 1790355840.337 188.2 2.1
TL 1790355840.438 266.2 1.4
TL 1790355840.538 144.1 2.2
TL 1790355840.638 155.4 2.0
TL 1790355840.738 165.5 2.0
TL 1790355840.838 125.5 2.4
TL 1790355840.938 135.2 2.8
TL 1790355841.038 119.7 2.1
TL 1790355841.138 368.6 1.8
TL 1790355841.238 157.0 3.1
TL 1790355841.339 107.7 1.8
TL 1790355841.439 334.9 1.5
TL 1790355841.539 260.6 1.7
TL 1790355841.639 180.7 2.9
TL 1790355841.739 129.1 2.4
TL 1790355841.839 162.9 2.3
TL 1790355841.939 114.8 2.1
TL 1790355842.040 395.2 2.2
TL 1790355842.140 136.4 2.1
TL 1790355842.240 163.0 26.8
TL 1790355842.340 203.7 1.8
TL 1790355842.440 102.4 0.9
TL 1790355842.540 135.3 1.8
TL 1790355842.641 421.1 2.2
TL 1790355842.742 1006.7 1.9
TL 1790355842.841 129.3 1.9
TL 1790355842.941 183.6 2.8
TL 1790355843.041 121.4 2.0
TL 1790355843.142 261.7 2.7
TL 1790355843.242 223.8 2.1
TL 1790355843.342 228.7 2.1
TL 1790355843.442 87.7 0.7
TL 1790355843.542 148.6 1.8
TL 1790355843.643 344.4 2.7
TL 1790355843.743 599.8 2.0
TL 1790355843.843 366.2 1.4
TL 1790355843.943 120.6 1.8
TL 1790355844.043 117.2 1.7
TL 1790355844.143 126.0 2.1
TL 1790355844.244 127.9 2.5
TL 1790355844.344 79.9 1.9
TL 1790355844.444 127.0 2.3
TL 1790355844.544 194.5 2.8
TL 1790355844.644 262.1 3.1
TL 1790355844.745 234.1 1.9
TL 1790355844.845 110.1 2.0
TL 1790355844.946 97.4 1.5
TL 1790355845.046 359.6 1.4
TL 1790355845.146 125.1 1.9
TL 1790355845.246 253.4 4.2
TL 1790355845.346 93.6 1.5
TL 1790355845.446 216.8 3.7
TL 1790355845.546 195.1 2.2
TL 1790355845.647 367.0 3.4
TL 1790355845.747 250.8 3.3
TL 1790355845.847 359.3 2.0
TL 1790355845.947 179.6 2.3
TL 1790355846.047 125.5 2.0
TL 1790355846.147 107.2 1.8
TL 1790355846.247 105.1 1.8
TL 1790355846.348 463.8 1.9
TL 1790355846.448 103.2 2.0
TL 1790355846.548 111.8 1.8
TL 1790355846.648 405.3 2.0
TL 1790355846.748 184.0 2.0
TL 1790355846.848 101.1 1.9
TL 1790355846.948 120.4 1.8
TL 1790355847.048 110.7 1.8
TL 1790355847.149 219.5 2.0
TL 1790355847.249 92.2 2.0
TL 1790355847.349 382.2 3.4
TL 1790355847.449 114.3 1.8
TL 1790355847.549 130.7 2.0
TL 1790355847.649 118.6 2.0
TL 1790355847.750 566.4 1.8
TL 1790355847.849 143.9 1.8
TL 1790355847.949 124.9 2.3
TL 1790355848.049 110.9 2.0
TL 1790355848.150 110.4 2.0
TL 1790355848.250 109.8 2.2
TL 1790355848.350 106.6 2.0
TL 1790355848.450 222.7 1.9
TL 1790355848.550 100.9 2.3
TL 1790355848.651 505.2 4.3
TL 1790355848.750 155.8 1.6
TL 1790355848.850 110.5 1.9
TL 1790355848.951 106.5 1.9
TL 1790355849.051 137.0 1.8
TL 1790355849.151 146.8 1.7
TL 1790355849.251 105.2 1.7
TL 1790355849.351 166.9 2.7
TL 1790355849.451 162.9 2.0
TL 1790355849.552 587.1 4.2
TL 1790355849.652 174.7 2.2
TL 1790355849.752 116.6 2.3
TL 1790355849.852 458.5 3.1
TL 1790355849.952 236.2 3.2
TL 1790355850.052 162.0 2.0
TL 1790355850.152 112.4 1.6
TL 1790355850.254 105.8 1.6
TL 1790355850.354 134.6 2.0
TL 1790355850.454 101.8 2.0
TL 1790355850.554 235.7 2.1
TL 1790355850.655 201.0 1.9
TL 1790355850.755 339.2 1.4
TL 1790355850.855 777.8 2.2
TL 1790355850.955 113.2 1.9
TL 1790355851.055 295.7 1.8
TL 1790355851.155 102.8 2.2
TL 1790355851.255 156.6 2.0
TL 1790355851.355 123.9 1.8
TL 1790355851.456 366.4 2.5
TL 1790355851.555 120.3 2.3
TL 1790355851.656 109.2 3.6
TL 1790355851.756 104.0 2.2
TL 1790355851.856 135.9 1.8
TL 1790355851.956 148.1 2.4
TL 1790355852.056 101.5 2.2
TL 1790355852.156 123.4 2.1
TL 1790355852.256 105.7 2.0
TL 1790355852.357 105.2 2.0
TL 1790355852.457 114.1 1.8
TL 1790355852.557 661.5 2.2
TL 1790355852.657 222.7 1.9
TL 1790355852.757 130.1 1.8
TL 1790355852.857 98.0 1.9
TL 1790355852.957 102.0 2.3
TL 1790355853.057 102.1 2.1
TL 1790355853.157 129.7 1.7
TL 1790355853.258 111.7 2.2
TL 1790355853.358 105.4 2.0
TL 1790355853.458 104.7 1.9
TL 1790355853.558 117.8 2.0
TL 1790355853.658 114.1 2.0
TL 1790355853.758 97.0 2.1
TL 1790355853.858 103.3 2.2
TL 1790355853.958 155.7 1.8
TL 1790355854.058 106.7 2.1
TL 1790355854.159 101.7 2.1
TL 1790355854.259 212.8 1.7
TL 1790355854.359 114.4 2.0
TL 1790355854.459 102.7 2.3
TL 1790355854.559 106.9 2.0
TL 1790355854.659 106.1 2.4
TL 1790355854.759 105.6 1.9
TL 1790355854.859 105.6 1.9
TL 1790355854.959 201.4 2.2
TL 1790355855.060 310.1 1.5
TL 1790355855.160 105.9 2.1
TL 1790355855.260 107.7 2.1
TL 1790355855.360 118.3 1.8
TL 1790355855.460 86.1 1.8
TL 1790355855.560 140.4 1.8
TL 1790355855.660 99.0 2.0
TL 1790355855.760 194.2 2.0
TL 1790355855.860 134.6 2.9
TL 1790355855.961 125.2 2.0
TL 1790355856.061 777.0 2.2
TL 1790355856.161 106.6 2.0
TL 1790355856.261 233.0 1.8
TL 1790355856.361 110.7 2.3
TL 1790355856.461 106.1 1.8
TL 1790355856.561 121.0 2.2
TL 1790355856.662 148.4 3.1
TL 1790355856.762 107.0 2.1
TL 1790355856.862 169.2 2.1
TL 1790355856.962 100.8 2.1
TL 1790355857.062 91.8 2.0
TL 1790355857.162 113.0 2.3
TL 1790355857.262 124.5 2.1
TL 1790355857.362 112.0 2.3
TL 1790355857.463 123.3 2.2
TL 1790355857.563 119.5 2.2
TL 1790355857.663 99.9 2.2
TL 1790355857.763 214.5 2.4
TL 1790355857.863 169.3 2.2
TL 1790355857.963 164.1 1.9
TL 1790355858.063 254.9 2.5
TL 1790355858.164 305.4 3.3
TL 1790355858.264 402.4 2.7
TL 1790355858.364 225.2 3.3
TL 1790355858.464 358.1 3.5
TL 1790355858.564 214.4 3.0
TL 1790355858.664 98.0 1.9
TL 1790355858.764 101.7 1.9
TL 1790355858.864 156.1 2.4
TL 1790355858.964 109.1 2.3
TL 1790355859.065 113.4 1.9
TL 1790355859.165 107.3 2.0
TL 1790355859.265 99.5 2.1
TL 1790355859.365 103.9 1.7
TL 1790355859.465 368.8 2.0
TL 1790355859.565 110.8 1.8
TL 1790355859.665 102.7 2.4
TL 1790355859.765 96.5 1.8
TL 1790355859.866 112.0 2.0
TL 1790355859.966 122.7 2.3
TL 1790355860.066 107.0 2.8
TL 1790355860.166 117.2 3.0
TL 1790355860.266 105.5 2.3
TL 1790355860.366 125.8 2.6
TL 1790355860.466 124.0 1.9
TL 1790355860.566 143.0 2.4
TL 1790355860.667 118.9 2.1
TL 1790355860.767 107.6 2.7
TL 1790355860.867 608.0 2.1
TL 1790355860.967 236.0 2.2
TL 1790355861.067 119.9 2.4
TL 1790355861.167 290.3 1.7
TL 1790355861.268 335.7 2.2
TL 1790355861.368 369.5 3.4
TL 1790355861.468 412.6 1.8
TL 1790355861.568 152.6 2.2
TL 1790355861.668 143.9 2.0
TL 1790355861.768 113.3 1.8
TL 1790355861.869 615.9 1.8
TL 1790355861.969 329.2 3.1
TL 1790355862.069 120.6 1.9
TL 1790355862.169 122.3 2.1
TL 1790355862.269 307.0 1.8
TL 1790355862.369 254.8 2.1
TL 1790355862.469 103.1 1.9
TL 1790355862.569 106.7 1.7
TL 1790355862.669 305.6 2.3
TL 1790355862.769 105.1 1.8
TL 1790355862.870 279.4 1.8
TL 1790355862.970 143.4 1.9
TL 1790355863.070 114.5 2.1
TL 1790355863.170 323.3 2.1
TL 1790355863.270 119.9 1.9
TL 1790355863.370 109.0 2.3
TL 1790355863.471 426.7 2.9
TL 1790355863.571 115.1 1.8
TL 1790355863.671 119.9 2.3
TL 1790355863.771 110.9 2.0
TL 1790355863.871 273.2 3.5
TL 1790355863.971 106.2 2.1
TL 1790355864.071 125.3 2.5
TL 1790355864.171 115.7 2.3
TL 1790355864.271 108.3 2.1
TL 1790355864.372 458.6 1.9
TL 1790355864.472 119.3 2.2
TL 1790355864.572 181.4 2.0
TL 1790355864.672 130.9 2.0
TL 1790355864.772 376.0 1.9
TL 1790355864.872 117.3 2.0
TL 1790355864.972 109.7 2.7
TL 1790355865.072 110.8 1.9
TL 1790355865.172 124.3 1.8
TL 1790355865.273 125.6 2.3
TL 1790355865.373 98.1 2.6
TL 1790355865.473 117.6 2.3
TL 1790355865.573 112.4 2.0
TL 1790355865.673 203.5 1.7
TL 1790355865.773 93.9 1.5
TL 1790355865.873 92.6 1.9
TL 1790355865.973 268.9 2.2
TL 1790355866.073 116.2 1.8
TL 1790355866.174 343.3 2.3
TL 1790355866.274 108.9 1.6
TL 1790355866.374 139.5 2.3
TL 1790355866.474 241.6 2.2
TL 1790355866.574 143.8 1.1
TL 1790355866.674 223.0 2.7
TL 1790355866.775 352.1 3.2
TL 1790355866.875 766.8 3.5
TL 1790355866.975 386.9 3.1
TL 1790355867.075 335.8 2.9
TL 1790355867.175 130.9 2.3
TL 1790355867.275 268.2 2.1
TL 1790355867.375 125.3 2.8
TL 1790355867.476 445.2 1.6
TL 1790355867.576 146.9 1.8
TL 1790355867.676 537.7 2.9
TL 1790355867.776 309.4 2.2
TL 1790355867.877 330.4 2.9
TL 1790355867.977 320.7 1.8
TL 1790355868.077 169.9 2.0
TL 1790355868.177 185.4 2.0
TL 1790355868.277 100.1 2.2
TL 1790355868.377 278.9 1.8
TL 1790355868.478 324.1 3.2
TL 1790355868.577 83.0 1.0
TL 1790355868.678 176.4 2.0
TL 1790355868.778 208.6 2.6
TL 1790355868.878 344.9 2.7
TL 1790355868.978 178.6 2.9
TL 1790355869.078 211.4 2.9
TL 1790355869.179 310.4 2.9
TL 1790355869.279 334.2 2.1
TL 1790355869.379 240.1 1.6
TL 1790355869.479 275.5 3.3
TL 1790355869.579 178.6 1.8
TL 1790355869.679 129.9 1.9
TL 1790355869.780 629.8 2.7
TL 1790355869.880 350.7 3.2
TL 1790355869.980 337.6 3.1
TL 1790355870.080 371.8 2.4
TL 1790355870.181 770.8 3.3
TL 1790355870.281 390.4 1.9
TL 1790355870.381 163.7 2.0
TL 1790355870.481 260.9 2.6
TL 1790355870.581 420.1 2.3
TL 1790355870.682 344.8 3.8
TL 1790355870.782 394.8 2.1
TL 1790355870.882 248.8 3.4
TL 1790355870.982 314.5 2.7
TL 1790355871.083 387.2 3.9
TL 1790355871.183 148.0 1.8
TL 1790355871.283 333.1 2.3
TL 1790355871.383 209.8 2.0
TL 1790355871.483 208.5 3.7
TL 1790355871.584 277.4 2.3
TL 1790355871.684 146.3 1.6
TL 1790355871.784 120.8 1.9
TL 1790355871.884 282.9 2.1
TL 1790355871.984 105.7 1.7
TL 1790355872.084 117.6 1.9
TL 1790355872.185 271.1 3.1
TL 1790355872.285 302.6 2.8
TL 1790355872.385 238.5 3.2
TL 1790355872.485 291.4 2.4
TL 1790355872.585 322.8 3.0
TL 1790355872.685 126.3 1.7
TL 1790355872.786 167.4 2.6
TL 1790355872.886 455.6 2.8
TL 1790355872.986 308.1 2.9
TL 1790355873.086 328.7 2.3
TL 1790355873.186 262.9 2.6
TL 1790355873.287 419.9 3.3
TL 1790355873.387 206.6 2.0
TL 1790355873.487 361.0 2.9
TL 1790355873.587 344.9 4.1
TL 1790355873.688 683.1 2.4
TL 1790355873.788 292.8 2.0
TL 1790355873.888 252.4 2.8
TL 1790355873.988 402.4 1.7
TL 1790355874.088 390.7 3.1
TL 1790355874.189 469.1 2.5
TL 1790355874.289 254.3 1.9
TL 1790355874.389 242.2 2.9
TL 1790355874.489 283.7 3.4
TL 1790355874.589 140.8 2.7
TL 1790355874.689 176.4 2.6
TL 1790355874.790 337.3 3.4
TL 1790355874.890 205.1 2.3
TL 1790355874.990 651.2 2.2
TL 1790355875.090 125.2 1.7
TL 1790355875.190 122.9 1.9
TL 1790355875.290 257.4 3.3
TL 1790355875.391 299.7 2.8
TL 1790355875.491 280.8 2.7
TL 1790355875.591 392.0 2.7
TL 1790355875.691 261.1 3.1
TL 1790355875.791 221.0 2.8
TL 1790355875.891 218.2 2.2
TL 1790355875.991 290.8 2.7
TL 1790355876.091 288.3 3.5
TL 1790355876.192 382.3 2.9
TL 1790355876.292 327.3 1.9
TL 1790355876.392 329.1 3.5
TL 1790355876.492 606.6 3.9
TL 1790355876.592 322.6 3.8
TL 1790355876.693 412.0 3.7
TL 1790355876.793 196.9 2.6
TL 1790355876.894 380.2 2.9
TL 1790355876.994 331.5 3.2
TL 1790355877.094 533.9 2.7
TL 1790355877.194 223.5 3.7
TL 1790355877.295 277.2 2.6
TL 1790355877.396 685.0 2.3
TL 1790355877.496 283.1 2.2
TL 1790355877.596 326.3 4.0
TL 1790355877.696 400.3 3.1
TL 1790355877.797 511.6 3.4
TL 1790355877.897 463.8 4.1
TL 1790355877.997 359.6 3.0
TL 1790355878.097 102.8 2.0
TL 1790355878.197 385.8 3.2
TL 1790355878.297 270.0 4.0
TL 1790355878.397 311.8 3.1
TL 1790355878.497 365.9 3.4
TL 1790355878.598 419.1 3.6
TL 1790355878.698 170.7 1.8
TL 1790355878.798 275.5 2.5
TL 1790355878.898 244.2 2.9
TL 1790355878.998 375.5 2.9
TL 1790355879.098 425.5 3.2
TL 1790355879.199 1008.2 3.8
TL 1790355879.299 334.4 2.9
TL 1790355879.399 249.8 2.2
TL 1790355879.499 328.1 2.8
TL 1790355879.599 290.2 3.5
TL 1790355879.700 532.8 1.8
TL 1790355879.799 120.1 2.4
TL 1790355879.900 461.4 1.9
TL 1790355880.000 367.4 2.7
TL 1790355880.100 180.4 1.7
TL 1790355880.200 418.1 2.8
TL 1790355880.300 439.3 2.6
TL 1790355880.400 323.4 2.6
TL 1790355880.501 640.4 2.9
TL 1790355880.601 178.2 2.6
TL 1790355880.701 187.7 3.1
TL 1790355880.801 264.4 2.6
TL 1790355880.902 453.7 2.5
TL 1790355881.002 304.6 2.6
TL 1790355881.102 161.7 2.9
TL 1790355881.202 403.2 2.4
TL 1790355881.302 312.4 2.3
TL 1790355881.402 409.8 2.8
TL 1790355881.502 247.0 2.2
TL 1790355881.603 333.6 3.5
TL 1790355881.703 172.9 2.4
TL 1790355881.803 247.8 2.2
TL 1790355881.903 369.0 3.0
TL 1790355882.003 429.1 2.4
TL 1790355882.103 161.6 2.6
TL 1790355882.203 155.0 2.2
TL 1790355882.303 149.9 2.1
TL 1790355882.403 126.5 2.4
TL 1790355882.504 234.0 3.2
TL 1790355882.604 365.2 2.1
TL 1790355882.704 294.1 4.3
TL 1790355882.804 188.1 2.3
TL 1790355882.905 356.3 2.7
TL 1790355883.005 283.5 2.2
TL 1790355883.105 230.6 2.8
TL 1790355883.205 292.6 2.6
TL 1790355883.305 207.7 3.1
TL 1790355883.405 275.2 1.8
TL 1790355883.506 202.8 2.8
TL 1790355883.606 182.4 2.6
TL 1790355883.706 112.7 2.2
TL 1790355883.806 166.6 2.5
TL 1790355883.906 166.9 2.2
TL 1790355884.007 618.2 2.3
TL 1790355884.107 369.0 2.6
TL 1790355884.207 212.7 2.6
TL 1790355884.307 138.0 2.1
TL 1790355884.408 350.9 3.1
TL 1790355884.508 537.9 3.0
TL 1790355884.609 165.9 2.4
TL 1790355884.709 229.6 3.3
TL 1790355884.809 305.4 1.8
TL 1790355884.910 310.2 3.0
TL 1790355885.010 152.6 1.9
TL 1790355885.110 256.9 3.9
TL 1790355885.210 462.2 3.0
TL 1790355885.310 152.5 2.1
TL 1790355885.410 240.6 3.0
TL 1790355885.510 364.8 3.5
TL 1790355885.610 230.5 3.1
TL 1790355885.711 211.1 2.7
TL 1790355885.811 296.0 3.4
TL 1790355885.911 270.3 3.0
TL 1790355886.011 164.8 3.3
TL 1790355886.111 172.1 2.6
TL 1790355886.211 310.9 2.6
TL 1790355886.312 380.5 2.3
TL 1790355886.412 211.3 3.1
TL 1790355886.512 409.8 2.6
TL 1790355886.612 248.7 3.6
TL 1790355886.712 218.9 2.4
TL 1790355886.812 171.9 2.1
TL 1790355886.913 163.7 2.1
TL 1790355887.013 545.4 3.0
TL 1790355887.113 457.3 2.4
TL 1790355887.213 354.0 2.4
TL 1790355887.313 411.9 2.5
TL 1790355887.413 109.9 2.3
TL 1790355887.513 114.4 2.0
TL 1790355887.614 108.3 2.0
TL 1790355887.714 108.1 2.0
TL 1790355887.814 117.0 2.1
TL 1790355887.914 196.5 2.7
TL 1790355888.014 103.3 2.0
TL 1790355888.114 430.1 2.3
TL 1790355888.214 107.0 2.1
TL 1790355888.314 245.1 2.0
TL 1790355888.414 234.9 3.2
TL 1790355888.515 127.7 2.5
TL 1790355888.615 191.4 2.8
TL 1790355888.715 145.5 2.7
TL 1790355888.815 256.2 2.6
TL 1790355888.915 103.4 1.8
TL 1790355889.015 147.0 2.4
TL 1790355889.116 146.1 2.6
TL 1790355889.216 222.8 2.8
TL 1790355889.316 149.3 2.4
TL 1790355889.416 100.2 1.9
TL 1790355889.516 234.9 2.3
TL 1790355889.616 108.3 1.9
TL 1790355889.716 109.8 2.5
TL 1790355889.817 269.1 3.2
TL 1790355889.917 134.0 4.0
TL 1790355890.017 304.4 2.9
TL 1790355890.117 106.1 2.2
TL 1790355890.217 324.5 1.6
TL 1790355890.317 168.6 3.3
TL 1790355890.417 114.8 2.3
TL 1790355890.518 509.1 2.6
TL 1790355890.618 172.5 2.5
TL 1790355890.718 152.0 2.5
TL 1790355890.818 293.3 2.6
TL 1790355890.918 122.7 1.9
TL 1790355891.018 282.2 3.3
TL 1790355891.118 312.4 2.8
TL 1790355891.219 201.6 3.1
TL 1790355891.319 194.4 2.0
TL 1790355891.419 83.0 1.7
TL 1790355891.519 167.7 2.6
TL 1790355891.620 544.5 2.3
TL 1790355891.720 202.7 2.1
TL 1790355891.820 248.1 3.0
TL 1790355891.920 161.4 2.0
TL 1790355892.020 148.1 2.7
TL 1790355892.120 245.2 2.3
TL 1790355892.221 288.2 2.6
TL 1790355892.321 562.9 2.1
TL 1790355892.421 286.8 2.1
TL 1790355892.521 314.1 2.8
TL 1790355892.621 162.6 2.0
TL 1790355892.722 141.4 2.0
TL 1790355892.822 172.0 2.4
TL 1790355892.922 244.9 1.8
TL 1790355893.022 197.2 2.2
TL 1790355893.122 442.3 2.4
TL 1790355893.222 358.6 3.4
TL 1790355893.322 191.3 2.8
TL 1790355893.423 150.4 1.9
TL 1790355893.523 413.2 3.2
TL 1790355893.623 154.2 2.2
TL 1790355893.723 156.5 1.3
TL 1790355893.823 190.5 2.6
TL 1790355893.923 145.4 2.3
TL 1790355894.024 453.6 2.6
TL 1790355894.123 206.2 3.3
TL 1790355894.224 230.2 2.7
TL 1790355894.324 433.8 2.6
TL 1790355894.424 204.8 3.4
TL 1790355894.524 420.9 3.0
TL 1790355894.624 290.0 2.1
TL 1790355894.725 184.5 1.9
TL 1790355894.825 280.9 2.6
TL 1790355894.926 157.6 2.3
TL 1790355895.026 209.0 3.4
TL 1790355895.126 187.7 3.0
TL 1790355895.226 210.2 2.3
TL 1790355895.326 461.5 3.0
TL 1790355895.426 130.8 1.9
TL 1790355895.527 440.8 2.4
TL 1790355895.627 200.8 2.4
TL 1790355895.727 99.3 0.7
TL 1790355895.827 146.8 1.9
TL 1790355895.927 168.1 2.2
TL 1790355896.027 217.8 2.3
TL 1790355896.127 235.8 2.3
TL 1790355896.227 256.8 2.1
TL 1790355896.328 222.7 2.7
TL 1790355896.428 102.3 1.9
TL 1790355896.528 236.4 2.4
TL 1790355896.628 194.1 2.5
TL 1790355896.728 118.0 0.8
TL 1790355896.828 172.0 2.4
TL 1790355896.929 185.4 2.4
TL 1790355897.029 372.4 3.5
TL 1790355897.130 297.4 2.5
TL 1790355897.230 275.5 4.0
TL 1790355897.330 190.1 2.4
TL 1790355897.433 3161.7 2.0
TL 1790355897.531 607.8 3.4
TL 1790355897.631 244.0 2.8
TL 1790355897.731 234.5 2.3
TL 1790355897.832 984.3 3.3
TL 1790355897.932 135.9 2.2
TL 1790355898.034 174.9 2.5
TL 1790355898.135 233.1 2.7
TL 1790355898.235 423.7 3.4
TL 1790355898.335 464.3 3.5
TL 1790355898.440 5075.1 2.6
TL 1790355898.536 359.6 2.7
TL 1790355898.636 330.2 2.3
TL 1790355898.736 166.0 3.0
TL 1790355898.836 213.5 3.2
TL 1790355898.936 520.1 2.3
TL 1790355899.036 216.1 2.8
TL 1790355899.137 407.3 2.5
TL 1790355899.237 226.0 2.4
TL 1790355899.337 264.2 2.8
TL 1790355899.438 271.3 1.6
TL 1790355899.538 325.7 3.3
TL 1790355899.639 290.4 2.6
TL 1790355899.739 365.7 2.4
TL 1790355899.839 217.1 2.7
TL 1790355899.939 179.6 2.2
TL 1790355900.039 223.3 2.3
TL 1790355900.139 320.9 2.1
TL 1790355900.239 315.7 2.5
TL 1790355900.340 799.7 2.4
TL 1790355900.440 218.4 2.5
TL 1790355900.541 317.5 2.9
TL 1790355900.641 441.7 3.1
TL 1790355900.741 297.5 2.3
TL 1790355900.841 203.3 2.8
TL 1790355900.942 477.7 2.5
TL 1790355901.042 209.6 2.4
TL 1790355901.142 432.7 3.5
TL 1790355901.242 175.8 4.2
TL 1790355901.342 178.1 2.2
TL 1790355901.442 204.1 3.4
TL 1790355901.542 322.6 3.3
TL 1790355901.643 184.2 2.8
TL 1790355901.743 174.0 2.6
TL 1790355901.843 301.4 3.5
TL 1790355901.943 166.7 3.1
TL 1790355902.044 546.6 2.6
TL 1790355902.144 332.5 3.1
TL 1790355902.244 472.9 2.1
TL 1790355902.344 279.8 3.1
TL 1790355902.444 172.6 2.8
TL 1790355902.544 407.8 3.0
TL 1790355902.644 244.2 3.1
TL 1790355902.744 155.3 2.0
TL 1790355902.844 195.2 3.1
TL 1790355902.944 141.1 2.1
TL 1790355903.045 178.2 2.7
TL 1790355903.145 214.0 2.4
TL 1790355903.245 361.4 1.9
TL 1790355903.346 474.0 2.4
TL 1790355903.446 374.0 2.6
TL 1790355903.546 191.7 3.2
TL 1790355903.646 363.7 2.4
TL 1790355903.746 347.0 3.8
TL 1790355903.846 254.0 2.3
TL 1790355903.946 538.3 2.7
TL 1790355904.046 175.3 2.7
TL 1790355904.146 336.5 5.5
TL 1790355904.246 127.8 2.2
TL 1790355904.347 615.7 2.9
TL 1790355904.447 211.1 3.0
TL 1790355904.547 298.3 2.6
TL 1790355904.647 424.1 3.1
TL 1790355904.748 455.5 1.8
TL 1790355904.848 180.3 2.8
TL 1790355904.948 201.6 2.1
TL 1790355905.048 208.0 2.8
TL 1790355905.149 846.8 3.7
TL 1790355905.248 228.3 3.5
TL 1790355905.348 321.1 3.4
TL 1790355905.448 254.1 2.3
TL 1790355905.549 444.8 2.8
TL 1790355905.649 263.6 2.2
TL 1790355905.749 548.9 2.8
TL 1790355905.849 179.1 2.7
TL 1790355905.949 183.0 2.4
TL 1790355906.049 167.2 2.1
TL 1790355906.150 336.5 1.9
TL 1790355906.250 479.6 2.8
TL 1790355906.350 639.0 3.1
TL 1790355906.450 197.0 2.4
TL 1790355906.550 302.7 48.8
TL 1790355906.651 296.5 3.1
TL 1790355906.751 323.1 2.2
TL 1790355906.851 254.3 2.3
TL 1790355906.951 181.1 3.0
TL 1790355907.051 144.6 2.2
TL 1790355907.152 479.5 2.7
TL 1790355907.252 309.0 1.9
TL 1790355907.352 344.2 2.8
TL 1790355907.452 507.3 2.1
TL 1790355907.552 255.4 3.0
TL 1790355907.652 192.0 3.0
TL 1790355907.752 242.1 2.0
TL 1790355907.852 186.0 3.6
TL 1790355907.953 188.4 2.6
TL 1790355908.053 504.5 3.0
TL 1790355908.153 329.4 2.6
TL 1790355908.253 194.4 2.6
TL 1790355908.353 399.0 3.0
TL 1790355908.453 336.5 2.7
TL 1790355908.553 188.6 2.1
TL 1790355908.654 249.6 2.8
TL 1790355908.754 538.9 2.4
TL 1790355908.855 771.8 2.6
TL 1790355908.954 222.8 3.0
TL 1790355909.055 155.7 3.9
TL 1790355909.155 501.8 2.3
TL 1790355909.255 255.7 3.0
TL 1790355909.355 225.8 3.2
TL 1790355909.455 314.4 2.2
TL 1790355909.555 149.7 2.3
TL 1790355909.656 404.6 3.1
TL 1790355909.756 283.2 1.9
TL 1790355909.856 156.9 2.2
TL 1790355909.956 558.5 3.4
TL 1790355910.056 168.6 2.8
TL 1790355910.156 293.9 2.6
TL 1790355910.257 320.8 2.3
TL 1790355910.357 512.7 2.5
TL 1790355910.457 390.6 2.5
TL 1790355910.557 194.4 2.6
TL 1790355910.657 356.7 2.7
TL 1790355910.757 221.1 3.3
TL 1790355910.857 173.4 2.7
TL 1790355910.957 155.6 1.9
TL 1790355911.057 144.7 3.1
TL 1790355911.158 222.8 2.6
TL 1790355911.258 209.5 2.8
TL 1790355911.358 474.9 2.0
TL 1790355911.458 197.3 2.8
TL 1790355911.559 148.2 2.3
TL 1790355911.659 172.6 2.3
TL 1790355911.759 226.2 2.9
TL 1790355911.859 168.3 2.4
TL 1790355911.960 337.0 2.0
TL 1790355912.060 770.5 2.0
TL 1790355912.160 170.2 2.7
TL 1790355912.260 120.2 1.8
TL 1790355912.360 396.5 4.5
TL 1790355912.460 354.8 2.9
TL 1790355912.561 311.9 2.6
TL 1790355912.661 423.8 3.7
TL 1790355912.761 339.0 3.1
TL 1790355912.861 193.9 2.1
TL 1790355912.961 569.7 2.6
TL 1790355913.061 524.5 2.4
TL 1790355913.161 384.3 2.8
TL 1790355913.261 360.7 2.9
TL 1790355913.362 242.9 2.9
TL 1790355913.462 610.8 2.8
TL 1790355913.564 272.7 2.2
TL 1790355913.664 415.2 2.9
TL 1790355913.765 981.2 2.3
TL 1790355913.864 195.5 1.8
TL 1790355913.965 142.8 1.9
TL 1790355914.067 1275.2 2.1
TL 1790355914.166 191.5 2.3
TL 1790355914.266 493.2 2.0
TL 1790355914.366 220.4 2.4
TL 1790355914.466 277.7 3.2
TL 1790355914.568 194.0 3.7
TL 1790355914.668 213.0 3.2
TL 1790355914.769 280.2 2.3
TL 1790355914.869 289.1 2.5
TL 1790355914.969 169.0 2.6
TL 1790355915.069 376.7 2.2
TL 1790355915.169 313.1 3.1
TL 1790355915.269 236.5 2.1
TL 1790355915.369 150.3 2.4
TL 1790355915.470 290.6 2.7
TL 1790355915.570 150.3 2.8
TL 1790355915.670 422.1 3.2
TL 1790355915.770 226.5 2.7
TL 1790355915.870 112.6 1.4
TL 1790355915.970 318.9 2.9
TL 1790355916.073 2494.2 2.1
TL 1790355916.171 210.4 3.7
TL 1790355916.271 214.4 3.0
TL 1790355916.371 462.4 2.3
TL 1790355916.471 237.2 2.1
TL 1790355916.572 313.3 2.7
TL 1790355916.672 319.2 2.6
TL 1790355916.773 684.2 3.1
TL 1790355916.872 108.9 1.1
TL 1790355916.973 397.0 3.5
TL 1790355917.075 2911.5 2.6
TL 1790355917.173 185.6 1.0
TL 1790355917.273 142.0 2.1
TL 1790355917.373 218.1 49.5
TL 1790355917.473 203.1 2.7
TL 1790355917.576 189.0 2.1
TL 1790355917.676 176.9 2.8
TL 1790355917.776 213.0 3.3
TL 1790355917.877 153.5 1.1
TL 1790355917.977 356.1 2.7
TL 1790355918.079 1132.8 2.0
TL 1790355918.178 210.5 2.9
TL 1790355918.279 645.7 2.4
TL 1790355918.378 250.8 2.5
TL 1790355918.478 180.5 2.7
TL 1790355918.579 529.3 2.1
TL 1790355918.679 206.9 2.9
TL 1790355918.779 196.4 3.1
TL 1790355918.880 137.7 0.9
TL 1790355918.980 360.7 3.1
TL 1790355919.080 415.8 3.4
TL 1790355919.180 224.8 2.8
TL 1790355919.280 203.6 3.5
TL 1790355919.380 277.6 3.3
TL 1790355919.481 165.8 2.6
TL 1790355919.583 2030.1 2.1
TL 1790355919.681 190.9 2.6
TL 1790355919.781 177.3 2.0
TL 1790355919.881 182.5 2.7
TL 1790355919.981 227.8 4.1
TL 1790355920.084 2760.1 2.5
TL 1790355920.182 195.7 3.3
TL 1790355920.282 247.4 2.3
TL 1790355920.382 204.7 3.2
TL 1790355920.482 278.5 2.8
TL 1790355920.582 221.1 3.5
TL 1790355920.682 138.6 2.2
TL 1790355920.783 280.4 2.1
TL 1790355920.883 159.0 2.0
TL 1790355920.983 220.0 3.3
TL 1790355921.084 397.5 2.0
TL 1790355921.184 593.2 2.6
TL 1790355921.285 397.2 2.7
TL 1790355921.385 294.1 1.9
TL 1790355921.485 215.8 2.6
TL 1790355921.585 158.2 1.9
TL 1790355921.686 366.9 2.1
TL 1790355921.786 238.2 3.2
TL 1790355921.886 235.7 3.6
TL 1790355921.986 482.0 3.1
TL 1790355922.088 204.4 2.0
TL 1790355922.188 327.8 3.3
TL 1790355922.288 199.2 2.7
TL 1790355922.388 240.7 2.2
TL 1790355922.489 492.6 2.6
TL 1790355922.592 3530.9 2.6
TL 1790355922.689 235.8 3.1
TL 1790355922.789 423.5 2.3
TL 1790355922.889 126.6 1.8
TL 1790355922.989 391.1 2.7
TL 1790355923.089 172.6 2.2
TL 1790355923.190 221.7 3.4
TL 1790355923.290 188.3 2.7
TL 1790355923.390 145.7 2.3
TL 1790355923.490 435.2 3.2
TL 1790355923.590 299.4 2.8
TL 1790355923.690 181.8 2.4
TL 1790355923.791 356.0 2.9
TL 1790355923.891 336.9 2.1
TL 1790355923.991 185.2 2.3
TL 1790355924.091 156.4 1.9
TL 1790355924.191 285.5 3.0
TL 1790355924.291 186.8 2.5
TL 1790355924.392 877.2 2.9
TL 1790355924.492 266.9 2.3
TL 1790355924.592 379.9 2.3
TL 1790355924.692 271.2 2.6
TL 1790355924.792 252.0 2.3
TL 1790355924.893 385.3 3.6
TL 1790355924.993 477.8 2.9
TL 1790355925.093 423.4 1.8
TL 1790355925.193 137.4 2.6
TL 1790355925.293 185.9 2.6
TL 1790355925.394 563.9 2.6
TL 1790355925.494 453.9 2.4
TL 1790355925.594 495.8 1.6
TL 1790355925.694 612.6 2.9
TL 1790355925.794 227.6 2.6
TL 1790355925.894 482.3 2.4
TL 1790355925.994 226.3 2.5
TL 1790355926.094 200.8 2.8
TL 1790355926.195 213.5 2.2
TL 1790355926.295 277.3 2.4
TL 1790355926.395 162.3 2.2
TL 1790355926.495 408.3 3.0
TL 1790355926.596 566.7 2.1
TL 1790355926.696 305.4 3.3
TL 1790355926.796 395.5 2.1
TL 1790355926.896 493.2 2.9
TL 1790355926.997 409.5 2.1
TL 1790355927.096 201.3 3.0
TL 1790355927.197 588.9 2.3
TL 1790355927.297 197.0 3.5
TL 1790355927.397 292.9 2.0
TL 1790355927.497 372.3 3.1
TL 1790355927.598 391.8 2.6
TL 1790355927.698 479.2 3.0
TL 1790355927.798 290.8 2.3
TL 1790355927.898 482.6 2.2
TL 1790355927.998 541.0 2.6
TL 1790355928.099 496.2 2.2
TL 1790355928.199 318.8 2.6
TL 1790355928.299 300.9 2.2
TL 1790355928.399 454.3 3.1
TL 1790355928.499 222.7 2.7
TL 1790355928.600 988.6 2.6
TL 1790355928.699 310.6 3.0
TL 1790355928.800 342.3 2.7
TL 1790355928.900 173.8 2.9
TL 1790355929.000 417.8 2.7
TL 1790355929.100 315.6 3.0
TL 1790355929.200 154.5 2.2
TL 1790355929.300 472.6 2.4
TL 1790355929.400 223.0 3.0
TL 1790355929.501 325.3 2.8
TL 1790355929.601 418.7 2.3
TL 1790355929.701 212.4 2.7
TL 1790355929.802 468.6 3.1
TL 1790355929.904 2569.4 1.7
TL 1790355930.002 190.1 2.4
TL 1790355930.102 273.8 2.4
TL 1790355930.202 287.0 3.0
TL 1790355930.302 325.4 3.6
TL 1790355930.402 166.1 1.9
TL 1790355930.503 314.2 3.0
TL 1790355930.603 541.9 2.6
TL 1790355930.703 308.5 2.5
TL 1790355930.803 140.3 2.6
TL 1790355930.904 531.5 3.5
TL 1790355931.004 336.1 2.2
TL 1790355931.104 273.8 2.8
TL 1790355931.204 228.3 3.0
TL 1790355931.304 225.6 3.0
TL 1790355931.404 270.6 3.5
TL 1790355931.504 363.4 2.8
TL 1790355931.605 347.8 2.9
TL 1790355931.705 565.2 2.7
TL 1790355931.805 127.0 1.8
TL 1790355931.905 445.1 2.7
TL 1790355932.005 419.7 2.4
TL 1790355932.105 272.1 2.8
TL 1790355932.206 461.0 2.7
TL 1790355932.306 199.0 2.2
TL 1790355932.406 377.2 2.6
TL 1790355932.506 378.6 2.7
TL 1790355932.606 336.3 3.2
TL 1790355932.706 200.2 2.9
TL 1790355932.807 283.0 2.5
TL 1790355932.907 211.1 2.3
TL 1790355933.007 170.6 2.6
TL 1790355933.107 191.6 2.7
TL 1790355933.207 160.5 2.3
TL 1790355933.308 521.2 2.8
TL 1790355933.408 872.6 2.7
TL 1790355933.508 169.5 1.8
TL 1790355933.608 285.7 2.8
TL 1790355933.708 206.1 2.8
TL 1790355933.808 213.0 8.4
TL 1790355933.909 206.6 3.5
TL 1790355934.009 284.9 6.3
TL 1790355934.109 286.0 2.7
TL 1790355934.209 158.2 2.8
TL 1790355934.309 256.9 3.8
TL 1790355934.410 242.4 2.9
TL 1790355934.510 471.6 2.9
TL 1790355934.610 205.7 4.1
TL 1790355934.710 375.2 2.8
TL 1790355934.810 180.2 3.2
TL 1790355934.911 202.4 2.7
TL 1790355935.011 362.4 2.8
TL 1790355935.111 259.3 3.0
TL 1790355935.211 512.1 2.9
TL 1790355935.311 381.6 2.3
TL 1790355935.411 184.2 2.7
TL 1790355935.511 207.1 2.6
TL 1790355935.612 256.6 3.1
TL 1790355935.712 140.8 2.0
TL 1790355935.812 259.4 2.4
TL 1790355935.912 497.6 2.3
TL 1790355936.012 131.2 2.6
TL 1790355936.113 506.1 3.1
TL 1790355936.212 172.9 3.2
TL 1790355936.313 201.1 2.5
TL 1790355936.413 145.1 2.1
TL 1790355936.513 320.7 2.1
TL 1790355936.613 181.4 2.6
TL 1790355936.713 225.4 2.9
TL 1790355936.813 177.2 2.3
TL 1790355936.914 577.6 2.9
TL 1790355937.014 179.6 2.7
TL 1790355937.114 557.9 2.4
TL 1790355937.214 345.9 3.8
TL 1790355937.314 148.2 2.5
TL 1790355937.414 423.7 2.3
TL 1790355937.514 358.8 3.0
TL 1790355937.614 185.9 4.0
TL 1790355937.715 311.7 2.7
TL 1790355937.815 436.7 3.4
TL 1790355937.915 357.7 2.7
TL 1790355938.015 191.9 2.3
TL 1790355938.116 514.2 3.0
TL 1790355938.216 517.4 2.7
TL 1790355938.316 166.1 2.9
TL 1790355938.416 171.5 2.7
TL 1790355938.516 427.6 2.9
TL 1790355938.616 312.3 2.3
TL 1790355938.716 465.6 3.0
TL 1790355938.816 169.1 2.3
TL 1790355938.916 148.8 2.5
TL 1790355939.016 138.0 1.3
TL 1790355939.117 181.3 2.3
TL 1790355939.217 488.4 46.0
TL 1790355939.317 357.1 2.7
TL 1790355939.417 272.6 2.5
TL 1790355939.518 625.7 4.3
TL 1790355939.617 119.4 1.9
TL 1790355939.718 397.7 2.4
TL 1790355939.818 384.0 2.6
TL 1790355939.918 416.2 2.5
TL 1790355940.018 129.2 1.4
TL 1790355940.118 177.7 2.7
TL 1790355940.218 244.7 2.8
TL 1790355940.319 315.6 2.8
TL 1790355940.419 361.9 3.0
TL 1790355940.519 409.2 1.3
TL 1790355940.619 175.1 2.1
TL 1790355940.719 168.7 2.6
TL 1790355940.819 269.2 2.1
TL 1790355940.919 329.4 2.7
TL 1790355941.019 93.9 1.3
TL 1790355941.119 150.0 2.2
TL 1790355941.220 163.2 2.3
TL 1790355941.320 235.4 2.3
TL 1790355941.420 83.6 1.9
TL 1790355941.520 439.5 2.4
TL 1790355941.620 309.6 2.6
TL 1790355941.720 275.3 3.2
TL 1790355941.820 164.3 2.1
TL 1790355941.921 517.9 2.8
TL 1790355942.021 102.7 0.7
TL 1790355942.121 199.3 3.0
TL 1790355942.222 937.5 3.5
TL 1790355942.322 508.3 2.3
TL 1790355942.422 160.3 2.2
TL 1790355942.522 382.0 2.2
TL 1790355942.622 378.2 2.6
TL 1790355942.722 170.9 2.3
TL 1790355942.822 355.0 2.6
TL 1790355942.923 273.0 2.4
TL 1790355943.023 570.6 1.0
TL 1790355943.123 158.5 2.2
TL 1790355943.223 130.9 2.2
TL 1790355943.323 415.0 3.1
TL 1790355943.423 309.3 2.9
TL 1790355943.524 692.2 1.5
TL 1790355943.624 669.8 2.4
TL 1790355943.724 164.5 1.9
TL 1790355943.824 190.2 2.2
TL 1790355943.924 198.6 2.6
TL 1790355944.025 165.9 2.2
TL 1790355944.125 479.0 2.8
TL 1790355944.225 154.8 2.4
TL 1790355944.325 414.3 2.6
TL 1790355944.426 621.3 2.6
TL 1790355944.526 364.3 3.0
TL 1790355944.626 197.2 3.1
TL 1790355944.726 212.7 3.2
TL 1790355944.826 177.4 2.3
TL 1790355944.926 217.3 2.8
TL 1790355945.027 513.7 3.9
TL 1790355945.127 240.2 3.1
TL 1790355945.227 173.2 2.3
TL 1790355945.327 375.0 5.5
TL 1790355945.428 267.7 3.2
TL 1790355945.528 145.0 2.1
TL 1790355945.628 240.5 2.2
TL 1790355945.728 206.1 3.1
TL 1790355945.828 400.4 2.6
TL 1790355945.928 432.8 2.7
TL 1790355946.029 508.9 2.3
TL 1790355946.129 255.8 2.6
TL 1790355946.229 533.3 3.0
TL 1790355946.329 104.5 2.0
TL 1790355946.429 113.0 2.3
TL 1790355946.529 412.3 3.2
TL 1790355946.629 238.6 3.1
TL 1790355946.730 580.8 2.6
TL 1790355946.830 196.4 3.1
TL 1790355946.930 211.6 2.9
TL 1790355947.030 568.2 2.9
TL 1790355947.130 258.4 3.4
TL 1790355947.230 545.0 2.5
TL 1790355947.330 176.9 2.2
TL 1790355947.431 387.4 3.2
TL 1790355947.531 243.0 2.9
TL 1790355947.631 222.7 63.6
TL 1790355947.731 167.8 2.6
TL 1790355947.831 425.1 2.2
TL 1790355947.931 249.4 2.7
TL 1790355948.032 325.0 2.5
TL 1790355948.132 213.1 2.3
TL 1790355948.233 729.3 1.8
TL 1790355948.332 198.8 2.4
TL 1790355948.432 190.6 3.0
TL 1790355948.533 190.9 2.6
TL 1790355948.633 330.1 2.3
TL 1790355948.733 406.5 1.8
TL 1790355948.833 270.5 2.6
TL 1790355948.933 446.4 2.5
TL 1790355949.034 386.8 2.3
TL 1790355949.134 317.9 2.4
TL 1790355949.234 735.6 2.1
TL 1790355949.334 186.4 2.3
TL 1790355949.434 412.9 2.4
TL 1790355949.534 607.9 2.7
TL 1790355949.634 384.2 2.4
TL 1790355949.734 262.0 2.0
TL 1790355949.834 166.8 2.6
TL 1790355949.935 472.5 2.6
TL 1790355950.035 628.3 2.2
TL 1790355950.135 198.4 3.0
TL 1790355950.235 279.4 3.9
TL 1790355950.335 264.1 2.4
TL 1790355950.436 549.9 1.8
TL 1790355950.536 613.3 2.3
TL 1790355950.636 224.0 2.6
TL 1790355950.736 516.7 2.9
TL 1790355950.836 167.5 2.7
TL 1790355950.937 846.6 3.5
TL 1790355951.036 229.3 3.0
TL 1790355951.137 296.7 2.3
TL 1790355951.237 178.4 2.4
TL 1790355951.337 328.3 3.2
TL 1790355951.438 1181.6 2.2
TL 1790355951.537 215.6 3.0
TL 1790355951.637 163.7 2.9
TL 1790355951.737 230.4 3.0
TL 1790355951.838 364.4 3.3
TL 1790355951.938 261.4 3.0
TL 1790355952.038 201.9 2.6
TL 1790355952.138 187.8 3.7
TL 1790355952.239 264.8 2.2
TL 1790355952.339 170.6 2.9
TL 1790355952.439 377.4 3.2
TL 1790355952.540 567.6 2.7
TL 1790355952.640 392.7 2.9
TL 1790355952.740 241.8 3.1
TL 1790355952.840 176.4 2.6
TL 1790355952.940 536.0 3.2
TL 1790355953.041 376.8 2.8
TL 1790355953.141 363.4 2.3
TL 1790355953.242 170.3 2.7
TL 1790355953.342 170.7 2.5
TL 1790355953.442 165.9 2.2
TL 1790355953.542 341.9 2.3
TL 1790355953.642 168.9 2.4
TL 1790355953.742 188.4 2.9
TL 1790355953.843 205.3 2.4
TL 1790355953.943 196.4 2.7
TL 1790355954.043 194.5 2.1
TL 1790355954.143 220.8 3.2
TL 1790355954.243 318.9 3.0
TL 1790355954.344 377.8 3.2
TL 1790355954.444 417.3 1.4
TL 1790355954.544 362.1 4.0
TL 1790355954.644 346.3 3.0
TL 1790355954.745 510.1 3.5
TL 1790355954.845 487.0 3.0
TL 1790355954.946 237.2 1.7
TL 1790355955.046 254.6 3.7
TL 1790355955.147 244.8 1.7
TL 1790355955.247 325.6 3.8
TL 1790355955.347 380.2 3.4
TL 1790355955.447 276.0 3.5
TL 1790355955.548 388.7 3.6
TL 1790355955.648 241.6 3.2
TL 1790355955.749 189.4 2.2
TL 1790355955.849 257.0 3.7
TL 1790355955.950 518.9 3.9
TL 1790355956.050 138.0 2.3
TL 1790355956.150 298.3 3.4
TL 1790355956.250 223.4 2.3
TL 1790355956.350 225.7 2.2
TL 1790355956.452 245.8 2.4
TL 1790355956.552 141.4 2.2
TL 1790355956.652 277.2 1.7
TL 1790355956.753 289.0 2.7
TL 1790355956.853 313.3 3.6
TL 1790355956.953 273.1 3.9
TL 1790355957.054 543.9 3.8
TL 1790355957.154 183.7 3.0
TL 1790355957.254 235.9 3.4
TL 1790355957.354 195.8 2.8
TL 1790355957.454 390.8 3.2
TL 1790355957.554 191.3 1.5
TL 1790355957.654 153.3 2.8
TL 1790355957.754 283.4 2.9
TL 1790355957.855 198.3 2.6
TL 1790355957.955 185.2 2.8
TL 1790355958.055 297.8 3.9
TL 1790355958.155 276.8 2.6
TL 1790355958.256 564.1 3.4
TL 1790355958.356 350.9 3.7
TL 1790355958.456 200.1 2.9
TL 1790355958.556 211.4 1.9
TL 1790355958.657 668.7 3.3
TL 1790355958.756 112.4 1.9
TL 1790355958.857 277.0 2.9
TL 1790355958.957 142.5 1.9
TL 1790355959.057 164.4 2.4
TL 1790355959.158 402.7 3.4
TL 1790355959.257 117.9 2.3
TL 1790355959.358 270.8 3.0
TL 1790355959.458 390.8 4.1
TL 1790355959.558 259.2 2.8
TL 1790355959.658 184.1 3.3
TL 1790355959.758 224.7 2.7
TL 1790355959.859 331.3 2.7
TL 1790355959.959 254.9 3.0
TL 1790355960.059 195.3 3.2
TL 1790355960.159 171.2 1.9
TL 1790355960.260 271.4 2.1
TL 1790355960.360 633.0 3.4
TL 1790355960.460 343.2 2.8
TL 1790355960.560 251.3 3.1
TL 1790355960.660 293.6 2.5
TL 1790355960.760 148.2 1.8
TL 1790355960.861 239.5 3.9
TL 1790355960.961 278.9 3.8
TL 1790355961.061 388.9 4.0
TL 1790355961.162 420.1 3.1
TL 1790355961.262 219.0 1.5
TL 1790355961.362 241.0 2.0
TL 1790355961.462 327.3 3.5
TL 1790355961.562 134.5 2.8
TL 1790355961.662 319.4 2.8
TL 1790355961.762 291.1 2.4
TL 1790355961.862 301.5 3.5
TL 1790355961.963 283.6 3.5
TL 1790355962.063 173.1 2.9
TL 1790355962.163 187.7 2.8
TL 1790355962.263 244.9 3.0
TL 1790355962.363 159.5 2.1
TL 1790355962.464 345.8 3.0
TL 1790355962.564 128.5 2.0
TL 1790355962.664 219.7 1.8
TL 1790355962.765 412.4 3.1
TL 1790355962.865 160.4 2.7
TL 1790355962.966 479.5 2.9
TL 1790355963.066 583.8 2.9
TL 1790355963.165 119.1 1.6
TL 1790355963.266 279.6 2.9
TL 1790355963.367 496.4 3.4
TL 1790355963.466 152.8 1.9
TL 1790355963.567 214.3 3.4
TL 1790355963.667 460.7 2.3
TL 1790355963.767 226.9 1.7
TL 1790355963.867 184.3 2.3
TL 1790355963.968 301.6 1.9
TL 1790355964.068 293.1 2.8
TL 1790355964.168 457.1 2.4
TL 1790355964.268 366.2 3.6
TL 1790355964.368 401.7 3.8
TL 1790355964.469 278.7 3.9
TL 1790355964.569 304.8 3.1
TL 1790355964.669 371.4 3.0
TL 1790355964.769 225.8 3.1
TL 1790355964.870 427.0 3.3
TL 1790355964.970 367.7 2.1
TL 1790355965.070 127.6 2.0
TL 1790355965.170 195.8 2.3
TL 1790355965.270 341.9 2.1
TL 1790355965.371 493.3 3.4
TL 1790355965.471 242.6 3.5
TL 1790355965.571 103.4 1.5
TL 1790355965.671 269.4 1.9
TL 1790355965.771 388.4 2.9
TL 1790355965.871 243.4 2.5
TL 1790355965.971 277.5 3.5
TL 1790355966.072 453.3 3.2
TL 1790355966.172 117.6 0.9
TL 1790355966.272 338.4 2.3
TL 1790355966.372 143.3 2.0
TL 1790355966.472 274.7 2.6
TL 1790355966.572 170.5 2.2
TL 1790355966.672 236.7 2.4
TL 1790355966.773 248.8 3.9
TL 1790355966.873 117.2 1.7
TL 1790355966.973 238.2 2.3
TL 1790355967.074 646.1 2.8
TL 1790355967.173 200.2 2.4
TL 1790355967.274 434.3 3.6
TL 1790355967.374 367.8 3.1
TL 1790355967.474 139.2 2.0
TL 1790355967.574 264.9 3.0
TL 1790355967.674 122.7 1.4
TL 1790355967.774 420.5 3.1
TL 1790355967.874 207.2 1.9
TL 1790355967.975 253.4 3.8
TL 1790355968.075 159.1 2.1
TL 1790355968.175 161.6 1.2
TL 1790355968.275 255.3 3.4
TL 1790355968.375 387.3 2.9
TL 1790355968.475 204.0 2.9
TL 1790355968.576 455.5 4.0
TL 1790355968.676 695.7 3.4
TL 1790355968.776 239.3 2.3
TL 1790355968.876 259.1 3.2
TL 1790355968.976 308.3 3.1
TL 1790355969.077 350.4 4.1
TL 1790355969.177 84.4 1.0
TL 1790355969.277 249.1 2.9
TL 1790355969.377 503.6 4.0
TL 1790355969.477 385.7 2.4
TL 1790355969.577 232.1 2.8
TL 1790355969.678 283.5 2.9
TL 1790355969.778 345.4 2.8
TL 1790355969.878 441.1 2.9
TL 1790355969.979 232.2 2.7
TL 1790355970.079 311.7 3.0
TL 1790355970.180 318.3 0.6
TL 1790355970.280 284.2 3.0
TL 1790355970.380 295.3 2.7
TL 1790355970.480 222.2 2.7
TL 1790355970.580 277.7 3.6
TL 1790355970.680 306.4 3.3
TL 1790355970.781 266.5 3.6
TL 1790355970.881 134.7 2.0
TL 1790355970.981 156.5 2.0
TL 1790355971.082 1440.6 1.9
TL 1790355971.181 87.9 0.8
TL 1790355971.282 653.3 2.9
TL 1790355971.382 258.1 2.1
TL 1790355971.482 193.9 2.6
TL 1790355971.582 86.3 1.5
TL 1790355971.682 456.5 3.2
TL 1790355971.782 368.1 3.5
TL 1790355971.882 314.1 3.3
TL 1790355971.983 296.6 1.5
TL 1790355972.083 239.6 2.8
TL 1790355972.183 189.6 1.4
TL 1790355972.283 155.5 3.2
TL 1790355972.383 264.5 1.7
TL 1790355972.483 380.5 2.8
TL 1790355972.583 236.2 3.3
TL 1790355972.684 537.3 2.3
TL 1790355972.784 329.4 3.3
TL 1790355972.885 981.5 3.2
TL 1790355972.984 382.2 2.6
TL 1790355973.085 642.9 4.2
TL 1790355973.185 252.9 3.3
TL 1790355973.285 759.9 3.5
TL 1790355973.385 414.5 2.0
TL 1790355973.485 548.5 2.7
TL 1790355973.586 370.3 2.9
TL 1790355973.686 490.7 3.4
TL 1790355973.786 347.9 2.4
TL 1790355973.886 283.4 1.7
TL 1790355973.986 305.8 2.9
TL 1790355974.086 533.0 2.3
TL 1790355974.186 284.4 3.1
TL 1790355974.286 165.5 2.1
TL 1790355974.387 550.7 3.1
TL 1790355974.487 258.8 2.7
TL 1790355974.587 487.6 2.8
TL 1790355974.687 355.3 2.9
TL 1790355974.787 339.4 2.3
TL 1790355974.888 498.3 3.2
TL 1790355974.988 449.5 2.6
TL 1790355975.088 117.6 1.5
TL 1790355975.188 294.4 2.4
TL 1790355975.288 523.8 2.6
TL 1790355975.388 282.3 2.8
TL 1790355975.489 543.1 2.8
TL 1790355975.588 89.4 1.6
TL 1790355975.689 513.9 3.1
TL 1790355975.789 259.5 2.8
TL 1790355975.890 987.9 2.9
TL 1790355975.989 399.3 3.5
TL 1790355976.089 281.2 2.0
TL 1790355976.190 479.0 3.2
TL 1790355976.290 318.3 3.0
TL 1790355976.390 262.6 3.0
TL 1790355976.490 278.4 3.3
TL 1790355976.590 184.3 2.1
TL 1790355976.691 395.7 2.3
TL 1790355976.791 323.8 2.8
TL 1790355976.891 215.9 2.2
TL 1790355976.991 256.4 2.6
TL 1790355977.091 267.1 2.8
TL 1790355977.191 477.8 3.3
TL 1790355977.291 537.2 3.4
TL 1790355977.393 1521.0 2.0
TL 1790355977.492 278.7 4.0
TL 1790355977.592 263.8 3.6
TL 1790355977.692 284.5 3.3
TL 1790355977.792 287.6 3.3
TL 1790355977.893 737.2 3.2
TL 1790355977.993 312.1 3.2
TL 1790355978.093 667.6 3.6
TL 1790355978.193 327.6 2.6
TL 1790355978.293 308.8 2.6
TL 1790355978.393 241.2 13.3
TL 1790355978.495 214.3 2.7
TL 1790355978.595 338.4 2.8
TL 1790355978.695 342.0 2.8
TL 1790355978.795 230.4 3.3
TL 1790355978.895 306.6 2.7
TL 1790355978.995 101.9 1.9
TL 1790355979.095 123.6 4.0
TL 1790355979.196 301.2 2.3
TL 1790355979.296 290.6 2.6
TL 1790355979.396 202.1 3.1
TL 1790355979.497 410.7 3.1
TL 1790355979.597 164.5 2.4
TL 1790355979.697 199.8 2.5
TL 1790355979.797 431.3 3.5
TL 1790355979.898 240.9 2.8
TL 1790355979.998 319.3 3.3
TL 1790355980.098 294.8 4.0
TL 1790355980.198 337.2 2.8
TL 1790355980.298 358.5 2.3
TL 1790355980.399 508.7 2.4
TL 1790355980.498 224.0 2.6
TL 1790355980.599 142.7 1.8
TL 1790355980.700 497.0 2.9
TL 1790355980.800 249.3 2.5
TL 1790355980.900 209.6 2.5
TL 1790355981.000 211.7 2.3
TL 1790355981.101 366.7 3.9
TL 1790355981.201 558.1 2.4
TL 1790355981.301 270.9 1.3
TL 1790355981.401 313.4 2.4
TL 1790355981.501 264.8 1.8
TL 1790355981.601 282.3 2.9
TL 1790355981.704 2362.4 3.2
TL 1790355981.802 232.2 3.4
TL 1790355981.902 326.2 4.0
TL 1790355982.002 383.4 2.6
TL 1790355982.102 518.4 1.9
TL 1790355982.202 221.4 2.5
TL 1790355982.302 268.4 2.4
TL 1790355982.402 160.3 2.6
TL 1790355982.503 550.6 2.8
TL 1790355982.603 126.5 1.8
TL 1790355982.704 393.3 3.4
TL 1790355982.804 173.8 2.6
TL 1790355982.905 328.2 4.1
TL 1790355983.005 245.3 3.2
TL 1790355983.105 278.8 2.9
TL 1790355983.205 282.8 3.7
TL 1790355983.305 239.0 2.6
TL 1790355983.405 240.9 3.1
TL 1790355983.506 245.9 2.8
TL 1790355983.606 344.5 3.7
TL 1790355983.706 779.5 3.1
TL 1790355983.806 295.4 3.3
TL 1790355983.906 339.1 3.3
TL 1790355984.007 262.0 3.5
TL 1790355984.107 295.8 2.7
TL 1790355984.207 298.9 3.2
TL 1790355984.307 203.7 2.9
TL 1790355984.407 292.7 3.1
TL 1790355984.507 259.4 2.3
TL 1790355984.608 255.7 2.5
TL 1790355984.708 319.9 2.8
TL 1790355984.808 202.7 2.5
TL 1790355984.908 177.6 2.7
TL 1790355985.009 315.9 2.5
TL 1790355985.109 221.5 3.1
TL 1790355985.209 289.1 2.8
TL 1790355985.309 338.0 4.1
TL 1790355985.410 305.5 2.3
TL 1790355985.509 161.5 2.1
TL 1790355985.610 382.5 3.4
TL 1790355985.710 356.1 2.9
TL 1790355985.810 328.8 3.1
TL 1790355985.911 278.3 3.5
TL 1790355986.011 325.9 3.3
TL 1790355986.111 373.9 3.4
TL 1790355986.211 245.7 3.6
TL 1790355986.311 135.5 2.0
TL 1790355986.412 404.8 2.0
TL 1790355986.512 402.2 2.5
TL 1790355986.612 213.3 2.8
TL 1790355986.712 331.7 3.6
TL 1790355986.812 168.2 3.3
TL 1790355986.913 495.4 3.5
TL 1790355987.013 204.5 2.6
TL 1790355987.113 320.3 2.6
TL 1790355987.213 345.1 3.7
TL 1790355987.314 265.1 2.7
TL 1790355987.414 519.0 2.8
TL 1790355987.514 207.8 2.4
TL 1790355987.614 285.9 2.7
TL 1790355987.715 226.7 2.9
TL 1790355987.816 254.5 2.9
TL 1790355987.916 323.7 1.7
TL 1790355988.017 771.1 1.8
TL 1790355988.117 424.4 3.1
TL 1790355988.217 345.7 3.5
TL 1790355988.317 218.2 2.4
TL 1790355988.417 344.0 3.6
TL 1790355988.518 599.2 3.3
TL 1790355988.618 379.7 2.8
TL 1790355988.718 669.4 3.0
TL 1790355988.818 432.2 2.8
TL 1790355988.918 277.8 3.4
TL 1790355989.018 314.6 3.0
TL 1790355989.118 308.6 2.7
TL 1790355989.219 258.8 2.8
TL 1790355989.319 208.6 2.2
TL 1790355989.419 393.8 2.8
TL 1790355989.519 446.4 2.6
TL 1790355989.619 182.1 3.0
TL 1790355989.719 144.1 1.9
TL 1790355989.820 233.3 2.1
TL 1790355989.920 552.7 2.4
TL 1790355990.020 232.2 2.6
TL 1790355990.120 303.7 2.7
TL 1790355990.220 284.8 2.6
TL 1790355990.320 293.5 3.4
TL 1790355990.421 199.8 2.6
TL 1790355990.521 324.5 3.3
TL 1790355990.621 275.2 3.8
TL 1790355990.721 276.2 3.4
TL 1790355990.821 268.3 3.8
TL 1790355990.922 223.0 2.9
TL 1790355991.022 362.9 2.6
TL 1790355991.122 203.5 3.1
TL 1790355991.222 222.6 2.4
TL 1790355991.322 175.6 2.3
TL 1790355991.422 277.3 2.6
TL 1790355991.523 290.6 3.0
TL 1790355991.623 201.2 2.5
TL 1790355991.723 400.6 2.6
TL 1790355991.823 255.8 3.0
TL 1790355991.923 376.2 2.8
TL 1790355992.023 233.7 2.3
TL 1790355992.124 495.4 3.1
TL 1790355992.224 345.7 2.5
TL 1790355992.324 167.0 1.8
TL 1790355992.424 260.8 3.5
TL 1790355992.526 509.4 1.9
TL 1790355992.625 226.9 3.3
TL 1790355992.726 347.0 3.7
TL 1790355992.826 230.8 3.6
TL 1790355992.926 202.3 2.9
TL 1790355993.026 265.2 3.1
TL 1790355993.127 282.7 3.1
TL 1790355993.227 378.1 2.3
TL 1790355993.327 273.6 1.6
TL 1790355993.427 296.2 2.6
TL 1790355993.528 343.2 3.0
TL 1790355993.628 206.5 3.2
TL 1790355993.728 248.2 1.8
TL 1790355993.828 292.2 2.4
TL 1790355993.928 231.7 2.6
TL 1790355994.028 396.3 3.4
TL 1790355994.129 400.3 3.6
TL 1790355994.229 278.5 3.3
TL 1790355994.329 118.8 0.9
TL 1790355994.429 287.8 2.9
TL 1790355994.529 506.3 4.3
TL 1790355994.629 402.4 3.3
TL 1790355994.730 617.4 1.9
TL 1790355994.830 236.8 3.2
TL 1790355994.930 478.3 3.2
TL 1790355995.031 586.5 97.2
TL 1790355995.130 304.4 2.7
TL 1790355995.231 536.5 2.9
TL 1790355995.331 161.8 1.0
TL 1790355995.432 369.5 3.7
TL 1790355995.532 259.5 2.6
TL 1790355995.632 194.7 2.0
TL 1790355995.732 432.8 3.3
TL 1790355995.833 273.3 3.2
TL 1790355995.933 244.9 2.9
TL 1790355996.033 365.7 3.0
TL 1790355996.133 313.0 3.7
TL 1790355996.233 358.3 2.3
TL 1790355996.334 279.2 1.8
TL 1790355996.434 227.0 2.6
TL 1790355996.534 362.6 3.1
TL 1790355996.634 343.4 3.2
TL 1790355996.734 359.2 2.5
TL 1790355996.835 806.7 2.8
TL 1790355996.935 278.0 2.6
TL 1790355997.035 327.8 2.4
TL 1790355997.135 293.6 3.1
TL 1790355997.235 485.5 2.6
TL 1790355997.336 263.3 3.1
TL 1790355997.436 195.7 2.3
TL 1790355997.536 274.1 1.5
TL 1790355997.636 214.1 2.1
TL 1790355997.736 193.5 2.2
TL 1790355997.837 848.6 3.4
TL 1790355997.937 379.4 3.4
TL 1790355998.037 317.9 2.9
TL 1790355998.137 202.8 3.2
TL 1790355998.237 521.5 4.0
TL 1790355998.337 265.1 2.7
TL 1790355998.438 639.1 2.9
TL 1790355998.538 220.9 2.9
TL 1790355998.638 474.2 2.8
TL 1790355998.738 348.2 3.1
TL 1790355998.838 247.0 3.5
TL 1790355998.938 355.8 2.6
TL 1790355999.038 183.8 2.9
TL 1790355999.138 244.6 3.2
TL 1790355999.239 432.3 2.4
TL 1790355999.339 369.4 3.0
TL 1790355999.439 431.9 2.1
TL 1790355999.540 864.5 1.9
TL 1790355999.640 294.4 2.4
TL 1790355999.740 250.0 3.4
TL 1790355999.840 249.7 2.7
TL 1790355999.941 318.7 2.4
TL 1790356000.041 346.8 3.1
TL 1790356000.141 334.7 2.4
TL 1790356000.241 754.0 2.8
TL 1790356000.342 475.9 3.7
TL 1790356000.442 442.1 4.3
TL 1790356000.542 214.1 2.9
TL 1790356000.642 361.7 2.2
TL 1790356000.742 301.7 2.6
TL 1790356000.842 310.4 2.6
TL 1790356000.942 314.5 3.5
TL 1790356001.043 265.3 3.0
TL 1790356001.143 290.4 2.9
TL 1790356001.243 144.9 2.2
TL 1790356001.343 257.2 3.5
TL 1790356001.443 390.3 2.8
TL 1790356001.544 392.4 2.8
TL 1790356001.644 665.5 2.0
TL 1790356001.745 914.7 4.6
TL 1790356001.845 542.1 3.1
TL 1790356001.944 328.2 2.1
TL 1790356002.045 363.2 3.2
TL 1790356002.145 761.0 2.0
TL 1790356002.245 169.6 2.4
TL 1790356002.345 356.8 2.2
TL 1790356002.445 252.2 3.7
TL 1790356002.545 325.0 2.2
TL 1790356002.645 114.8 1.7
TL 1790356002.745 177.8 2.2
TL 1790356002.846 389.4 3.2
TL 1790356002.946 293.4 3.7
TL 1790356003.046 300.7 3.7
TL 1790356003.148 1814.7 3.3
TL 1790356003.246 274.4 2.4
TL 1790356003.347 359.9 2.7
TL 1790356003.447 281.3 1.9
TL 1790356003.547 276.8 2.8
TL 1790356003.647 277.1 4.1
TL 1790356003.747 168.2 2.1
TL 1790356003.848 582.5 3.0
TL 1790356003.948 363.2 2.5
TL 1790356004.048 603.9 3.4
TL 1790356004.148 234.1 2.7
TL 1790356004.249 621.1 3.1
TL 1790356004.349 268.3 2.8
TL 1790356004.449 220.7 2.8
TL 1790356004.549 211.6 3.3
TL 1790356004.649 490.2 3.2
TL 1790356004.750 642.4 2.6
TL 1790356004.850 332.3 4.3
TL 1790356004.950 259.0 2.8
TL 1790356005.050 245.1 3.6
TL 1790356005.150 407.7 2.6
TL 1790356005.250 398.1 2.0
TL 1790356005.351 486.5 3.6
TL 1790356005.451 197.8 3.0
TL 1790356005.551 139.2 2.2
TL 1790356005.651 292.3 3.2
TL 1790356005.751 272.4 3.5
TL 1790356005.851 368.0 3.0
TL 1790356005.951 240.1 3.1
TL 1790356006.052 386.9 1.7
TL 1790356006.152 329.1 2.2
TL 1790356006.252 198.0 2.4
TL 1790356006.352 382.7 2.8
TL 1790356006.452 464.6 2.0
TL 1790356006.552 199.7 2.7
TL 1790356006.653 270.9 4.0
TL 1790356006.753 320.8 2.7
TL 1790356006.856 308.3 3.6
TL 1790356006.956 269.0 2.6
TL 1790356007.056 375.7 2.7
TL 1790356007.156 260.9 4.4
TL 1790356007.257 538.5 2.0
TL 1790356007.357 772.4 2.4
TL 1790356007.457 411.6 4.5
TL 1790356007.557 379.1 3.0
TL 1790356007.657 204.7 3.5
TL 1790356007.758 1283.9 4.6
TL 1790356007.858 317.4 2.6
TL 1790356007.958 387.2 2.8
TL 1790356008.058 279.7 3.4
TL 1790356008.158 378.4 3.6
TL 1790356008.259 354.4 3.0
TL 1790356008.359 279.4 3.9
TL 1790356008.459 277.6 3.0
TL 1790356008.560 260.1 3.2
TL 1790356008.660 250.5 3.4
TL 1790356008.761 269.8 2.7
TL 1790356008.861 504.9 3.4
TL 1790356008.961 412.6 3.1
TL 1790356009.062 413.1 2.9
TL 1790356009.162 295.2 2.3
TL 1790356009.262 484.0 2.7
TL 1790356009.362 367.7 3.3
TL 1790356009.462 219.9 1.7
TL 1790356009.563 547.2 3.3
TL 1790356009.663 132.4 2.4
TL 1790356009.763 144.4 1.9
TL 1790356009.863 433.3 3.2
TL 1790356009.963 175.3 1.9
TL 1790356010.064 338.9 2.8
TL 1790356010.164 321.3 2.4
TL 1790356010.264 218.8 2.3
TL 1790356010.364 198.6 2.2
TL 1790356010.464 188.8 1.9
TL 1790356010.565 590.7 3.9
TL 1790356010.665 352.0 2.0
TL 1790356010.765 215.1 2.6
TL 1790356010.865 418.0 3.4
TL 1790356010.965 335.8 2.9
TL 1790356011.065 349.7 3.2
TL 1790356011.166 515.8 3.0
TL 1790356011.266 235.8 3.0
TL 1790356011.367 523.6 3.2
TL 1790356011.466 301.6 2.9
TL 1790356011.567 380.8 3.0
TL 1790356011.667 214.2 2.6
TL 1790356011.767 262.9 3.9
TL 1790356011.867 178.0 1.7
TL 1790356011.967 315.3 4.1
TL 1790356012.067 336.5 3.0
TL 1790356012.168 321.1 2.9
TL 1790356012.268 356.1 1.8
TL 1790356012.368 306.4 2.1
TL 1790356012.468 155.5 2.2
TL 1790356012.568 302.1 3.2
TL 1790356012.668 319.0 4.2
TL 1790356012.769 381.5 3.3
TL 1790356012.868 242.8 4.3
TL 1790356012.969 545.8 3.2
TL 1790356013.070 528.2 1.7
TL 1790356013.170 373.8 3.0
TL 1790356013.272 2080.3 2.3
TL 1790356013.370 373.3 3.6
TL 1790356013.470 171.6 2.4
TL 1790356013.571 920.6 4.0
TL 1790356013.670 157.8 1.9
TL 1790356013.771 327.5 3.7
TL 1790356013.871 470.3 2.7
TL 1790356013.971 476.6 3.1
TL 1790356014.072 613.3 3.6
TL 1790356014.172 439.1 3.1
TL 1790356014.272 271.2 2.8
TL 1790356014.372 315.8 1.9
TL 1790356014.472 121.0 1.4
TL 1790356014.572 455.3 3.0
TL 1790356014.672 343.2 3.4
TL 1790356014.773 285.5 3.6
TL 1790356014.873 362.4 3.2
TL 1790356014.973 258.4 2.2
TL 1790356015.073 251.1 1.5
TL 1790356015.173 243.8 2.9
TL 1790356015.273 232.1 2.4
TL 1790356015.373 259.0 3.3
TL 1790356015.474 352.0 2.1
TL 1790356015.574 325.2 2.5
TL 1790356015.674 230.1 3.5
TL 1790356015.774 383.4 68.7
TL 1790356015.874 316.5 3.2
TL 1790356015.974 415.1 2.8
TL 1790356016.075 299.9 3.3
TL 1790356016.175 382.7 2.7
TL 1790356016.275 608.8 3.2
TL 1790356016.375 611.1 2.2
TL 1790356016.475 127.3 0.9
TL 1790356016.575 214.4 2.1
TL 1790356016.676 498.6 2.8
TL 1790356016.776 271.6 2.8
TL 1790356016.876 456.8 4.1
TL 1790356016.976 511.2 3.2
TL 1790356017.076 314.0 3.0
TL 1790356017.176 295.3 2.1
TL 1790356017.277 389.9 3.9
TL 1790356017.377 229.2 2.8
TL 1790356017.477 109.2 1.1
TL 1790356017.578 601.5 3.7
TL 1790356017.678 142.4 2.4
TL 1790356017.779 491.8 2.7
TL 1790356017.879 273.9 2.7
TL 1790356017.979 264.1 2.6
TL 1790356018.079 370.6 3.2
TL 1790356018.179 428.3 3.8
TL 1790356018.279 364.5 2.5
TL 1790356018.380 477.0 3.4
TL 1790356018.480 208.8 1.1
TL 1790356018.580 257.6 1.9
TL 1790356018.680 332.2 2.8
TL 1790356018.780 442.9 3.4
TL 1790356018.881 339.8 2.6
TL 1790356018.981 440.3 2.3
TL 1790356019.081 280.0 3.5
TL 1790356019.181 256.6 3.7
TL 1790356019.281 264.2 3.1
TL 1790356019.381 262.6 3.3
TL 1790356019.482 751.1 3.0
TL 1790356019.582 425.9 3.0
TL 1790356019.682 207.6 3.0
TL 1790356019.783 188.7 3.0
TL 1790356019.883 208.2 2.8
TL 1790356019.983 460.1 2.9
TL 1790356020.083 340.7 2.9
TL 1790356020.183 328.2 3.6
TL 1790356020.284 400.7 8.5
TL 1790356020.384 283.4 2.2
TL 1790356020.484 325.5 2.6
TL 1790356020.584 216.7 3.3
TL 1790356020.684 126.0 1.9
TL 1790356020.785 531.0 2.8
TL 1790356020.885 305.2 2.6
TL 1790356020.985 173.6 2.4
TL 1790356021.085 186.6 2.1
TL 1790356021.185 266.4 3.2
TL 1790356021.286 615.1 2.7
TL 1790356021.385 162.3 2.5
TL 1790356021.485 176.1 2.2
TL 1790356021.586 220.7 2.7
TL 1790356021.686 424.3 4.0
TL 1790356021.786 346.6 2.4
TL 1790356021.887 1117.7 3.1
TL 1790356021.986 222.6 3.5
TL 1790356022.086 194.1 2.9
TL 1790356022.187 573.6 3.1
TL 1790356022.287 524.0 2.7
TL 1790356022.387 169.2 2.0
TL 1790356022.487 337.3 3.1
TL 1790356022.587 274.8 2.4
TL 1790356022.687 335.9 2.8
TL 1790356022.787 184.4 3.6
TL 1790356022.888 230.1 2.9
TL 1790356022.988 281.5 2.9
TL 1790356023.088 197.5 2.1
TL 1790356023.188 404.3 2.4
TL 1790356023.288 269.9 4.2
TL 1790356023.389 388.2 2.9
TL 1790356023.489 431.7 3.2
TL 1790356023.589 477.4 3.5
TL 1790356023.689 231.3 3.1
TL 1790356023.790 637.4 2.8
TL 1790356023.890 391.4 2.1
TL 1790356023.990 203.7 2.3
TL 1790356024.090 271.0 2.6
TL 1790356024.190 350.9 1.9
TL 1790356024.290 336.4 3.4
TL 1790356024.390 425.4 3.0
TL 1790356024.490 209.4 2.5
TL 1790356024.592 258.1 3.0
TL 1790356024.693 719.6 3.7
TL 1790356024.793 244.3 4.3
TL 1790356024.893 239.5 3.0
TL 1790356024.994 346.0 3.0
TL 1790356025.094 121.6 1.6
TL 1790356025.194 110.8 2.2
TL 1790356025.294 250.1 2.9
TL 1790356025.395 257.2 3.8
TL 1790356025.495 240.7 3.9
TL 1790356025.595 270.2 3.2
TL 1790356025.696 663.1 3.4
TL 1790356025.795 274.7 2.0
TL 1790356025.895 280.6 2.6
TL 1790356025.996 413.5 3.3
TL 1790356026.096 381.3 2.8
TL 1790356026.196 389.3 3.0
TL 1790356026.296 166.1 2.2
TL 1790356026.396 660.5 3.3
TL 1790356026.496 221.5 3.2
TL 1790356026.597 307.2 2.2
TL 1790356026.697 481.7 3.4
TL 1790356026.797 699.9 3.4
TL 1790356026.897 312.6 2.2
TL 1790356026.997 298.9 2.1
TL 1790356027.098 565.6 2.7
TL 1790356027.198 799.9 3.8
TL 1790356027.298 319.8 2.8
TL 1790356027.398 393.8 2.9
TL 1790356027.498 187.3 2.4
TL 1790356027.598 447.6 2.9
TL 1790356027.699 591.5 2.3
TL 1790356027.799 248.2 3.5
TL 1790356027.899 283.3 2.6
TL 1790356027.999 419.6 1.9
TL 1790356028.099 328.3 2.9
TL 1790356028.199 377.5 3.3
TL 1790356028.300 385.8 3.3
TL 1790356028.400 621.2 2.2
TL 1790356028.500 338.0 3.0
TL 1790356028.600 316.7 3.8
TL 1790356028.700 321.8 2.9
TL 1790356028.802 694.1 3.2
TL 1790356028.902 247.8 3.1
TL 1790356029.002 283.2 3.4
TL 1790356029.102 239.3 3.2
TL 1790356029.203 286.6 2.4
TL 1790356029.303 476.1 2.8
TL 1790356029.403 275.7 3.4
TL 1790356029.503 257.5 3.4
TL 1790356029.604 274.3 3.9
TL 1790356029.704 181.8 2.4
TL 1790356029.804 463.9 2.7
TL 1790356029.904 245.3 3.0
TL 1790356030.006 1412.8 2.9
TL 1790356030.105 516.6 3.9
TL 1790356030.205 248.2 3.6
TL 1790356030.305 292.6 2.3
TL 1790356030.406 330.3 4.0
TL 1790356030.506 214.7 3.0
TL 1790356030.606 384.7 116.6
TL 1790356030.706 161.6 2.1
TL 1790356030.806 97.2 2.2
TL 1790356030.906 322.4 2.4
TL 1790356031.006 325.6 2.5
TL 1790356031.107 350.5 2.9
TL 1790356031.207 259.7 3.3
TL 1790356031.307 548.9 3.2
TL 1790356031.407 360.9 3.1
TL 1790356031.507 294.3 2.8
TL 1790356031.607 202.3 3.1
TL 1790356031.708 390.3 2.1
TL 1790356031.808 229.1 2.2
TL 1790356031.909 235.2 2.0
TL 1790356032.009 179.8 2.6
TL 1790356032.110 353.5 3.0
TL 1790356032.210 253.0 3.0
TL 1790356032.310 621.7 3.5
TL 1790356032.410 314.9 4.1
TL 1790356032.511 551.0 2.4
TL 1790356032.611 193.3 2.9
TL 1790356032.711 102.6 1.6
TL 1790356032.811 230.9 3.7
TL 1790356032.911 341.7 3.6
TL 1790356033.011 211.5 1.9
TL 1790356033.111 254.2 3.0
TL 1790356033.211 150.3 1.7
TL 1790356033.312 369.3 2.9
TL 1790356033.412 370.7 1.1
TL 1790356033.512 290.9 2.7
TL 1790356033.612 201.5 3.9
TL 1790356033.712 216.7 2.3
TL 1790356033.813 550.6 2.7
TL 1790356033.913 439.3 3.1
TL 1790356034.013 429.1 2.1
TL 1790356034.113 234.9 2.7
TL 1790356034.213 497.4 2.6
TL 1790356034.313 246.2 2.5
TL 1790356034.413 304.9 2.4
TL 1790356034.514 254.1 3.0
TL 1790356034.614 346.9 3.2
TL 1790356034.714 105.9 1.7
TL 1790356034.814 119.0 1.9
TL 1790356034.914 258.3 2.4
TL 1790356035.015 115.1 1.3
TL 1790356035.115 281.8 2.3
TL 1790356035.216 379.6 3.2
TL 1790356035.316 248.3 1.5
TL 1790356035.416 458.4 3.1
TL 1790356035.516 122.7 1.9
TL 1790356035.616 96.9 1.3
TL 1790356035.716 135.3 2.0
TL 1790356035.816 301.2 3.3
TL 1790356035.917 420.2 2.8
TL 1790356036.017 323.9 1.9
TL 1790356036.117 247.2 2.9
TL 1790356036.217 338.2 2.4
TL 1790356036.317 349.8 2.3
TL 1790356036.417 296.7 3.1
TL 1790356036.517 239.5 2.9
TL 1790356036.618 251.2 1.7
TL 1790356036.717 107.1 1.8
TL 1790356036.818 389.1 2.9
TL 1790356036.918 308.4 3.7
TL 1790356037.018 237.6 2.8
TL 1790356037.118 392.3 3.9
TL 1790356037.218 223.8 3.1
TL 1790356037.319 533.8 3.1
TL 1790356037.419 141.0 2.0
TL 1790356037.519 281.4 2.0
TL 1790356037.620 730.1 1.1
TL 1790356037.720 363.2 2.9
TL 1790356037.820 388.2 2.0
TL 1790356037.921 1167.6 3.2
TL 1790356038.020 156.2 2.0
TL 1790356038.121 262.2 3.4
TL 1790356038.222 245.9 2.6
TL 1790356038.323 282.4 2.0
TL 1790356038.423 137.9 2.2
TL 1790356038.523 413.1 2.4
TL 1790356038.623 133.9 1.6
TL 1790356038.723 161.3 2.7
TL 1790356038.824 290.4 2.8
TL 1790356038.924 381.8 2.0
TL 1790356039.024 173.3 2.2
TL 1790356039.124 341.2 2.4
TL 1790356039.224 297.6 2.9
TL 1790356039.324 315.1 3.1
TL 1790356039.424 271.7 1.8
TL 1790356039.524 278.2 2.4
TL 1790356039.624 176.5 2.2
TL 1790356039.725 231.5 3.1
TL 1790356039.825 439.8 3.3
TL 1790356039.925 221.5 2.5
TL 1790356040.025 390.4 3.3
TL 1790356040.125 498.0 2.9
TL 1790356040.225 259.2 3.1
TL 1790356040.326 451.2 3.5
TL 1790356040.426 347.0 3.2
TL 1790356040.526 303.2 2.3
TL 1790356040.626 124.8 1.2
TL 1790356040.726 97.0 1.9
TL 1790356040.826 137.4 2.2
TL 1790356040.927 658.2 3.2
TL 1790356041.027 349.0 4.0
TL 1790356041.127 385.3 3.0
TL 1790356041.227 209.6 2.8
TL 1790356041.327 232.2 3.1
TL 1790356041.428 383.5 2.2
TL 1790356041.528 380.2 3.4
TL 1790356041.628 69.9 0.6
TL 1790356041.728 109.6 0.5
