TL 1790360364.645 57.8 0.8
TL 1790360364.746 164.8 1.9
TL 1790360364.846 224.3 3.0
TL 1790360364.946 141.1 2.1
TL 1790360365.046 365.3 4.0
TL 1790360365.146 130.3 0.8
TL 1790360365.246 67.7 1.7
TL 1790360365.346 67.8 1.1
TL 1790360365.447 156.2 2.2
TL 1790360365.547 121.0 1.1
TL 1790360365.647 219.2 1.9
TL 1790360365.747 269.7 2.3
TL 1790360365.847 225.3 3.4
TL 1790360365.947 176.1 2.3
TL 1790360366.048 284.4 4.0
TL 1790360366.148 322.2 1.2
TL 1790360366.248 258.4 3.6
TL 1790360366.348 340.9 3.9
TL 1790360366.448 112.0 1.4
TL 1790360366.548 96.5 1.9
TL 1790360366.648 226.6 1.2
TL 1790360366.748 157.8 2.2
TL 1790360366.849 230.7 2.7
TL 1790360366.949 446.7 6.0
TL 1790360367.049 202.1 1.3
TL 1790360367.149 136.1 1.1
TL 1790360367.250 373.6 2.6
TL 1790360367.350 244.1 2.6
TL 1790360367.450 209.2 1.7
TL 1790360367.550 102.4 2.1
TL 1790360367.651 339.2 2.4
TL 1790360367.751 326.8 2.4
TL 1790360367.851 232.3 3.3
TL 1790360367.952 361.1 2.0
TL 1790360368.052 262.7 3.2
TL 1790360368.152 840.1 2.5
TL 1790360368.253 693.4 3.8
TL 1790360368.353 322.4 4.0
TL 1790360368.453 160.9 2.1
TL 1790360368.553 197.1 4.4
TL 1790360368.653 288.9 1.8
TL 1790360368.753 128.5 2.0
TL 1790360368.853 192.1 2.8
TL 1790360368.954 253.5 2.4
TL 1790360369.054 190.4 3.1
TL 1790360369.154 283.9 2.0
TL 1790360369.255 373.8 3.4
TL 1790360369.354 68.3 1.9
TL 1790360369.455 76.8 1.2
TL 1790360369.555 84.4 2.0
TL 1790360369.655 132.2 0.8
TL 1790360369.755 198.7 2.2
TL 1790360369.855 262.3 3.2
TL 1790360369.955 159.6 2.1
TL 1790360370.056 242.0 2.8
TL 1790360370.156 222.3 0.9
TL 1790360370.256 327.7 3.0
TL 1790360370.356 341.8 1.6
TL 1790360370.456 107.7 2.9
TL 1790360370.556 67.2 1.2
TL 1790360370.656 146.5 0.7
TL 1790360370.756 133.2 2.3
TL 1790360370.857 248.2 1.1
TL 1790360370.957 56.6 2.4
TL 1790360371.057 54.4 2.7
TL 1790360371.157 96.6 2.3
TL 1790360371.257 161.6 1.5
TL 1790360371.357 111.7 1.6
TL 1790360371.457 90.2 3.5
TL 1790360371.557 93.4 1.5
TL 1790360371.658 232.8 0.7
TL 1790360371.758 214.9 1.5
TL 1790360371.858 69.7 1.1
TL 1790360371.958 99.7 1.4
TL 1790360372.058 65.3 1.7
TL 1790360372.158 75.8 0.4
TL 1790360372.258 104.7 2.2
TL 1790360372.358 111.6 1.6
TL 1790360372.458 65.6 2.0
TL 1790360372.558 77.7 1.9
TL 1790360372.658 64.8 0.5
TL 1790360372.759 91.2 3.4
TL 1790360372.859 58.4 1.4
TL 1790360372.959 121.4 2.4
TL 1790360373.059 68.9 2.2
TL 1790360373.159 91.2 0.9
TL 1790360373.259 60.7 1.9
TL 1790360373.359 109.6 2.9
TL 1790360373.459 91.6 2.0
TL 1790360373.559 133.9 3.2
TL 1790360373.660 164.4 1.3
TL 1790360373.760 63.1 1.7
TL 1790360373.864 4634.0 2.1
TL 1790360373.960 52.5 1.6
TL 1790360374.060 54.8 1.3
TL 1790360374.160 51.5 1.0
TL 1790360374.260 135.9 2.2
TL 1790360374.360 329.6 2.9
TL 1790360374.460 62.0 2.2
TL 1790360374.563 2360.6 2.2
TL 1790360374.661 197.8 1.4
TL 1790360374.761 53.2 1.6
TL 1790360374.861 73.3 3.1
TL 1790360374.961 502.4 3.1
TL 1790360375.062 1093.6 3.3
TL 1790360375.161 83.2 0.6
TL 1790360375.262 452.0 1.7
TL 1790360375.362 810.4 3.0
TL 1790360375.462 65.3 3.2
TL 1790360375.562 198.2 2.1
TL 1790360375.662 113.6 1.4
TL 1790360375.762 121.2 1.6
TL 1790360375.862 96.8 3.6
TL 1790360375.962 98.2 2.0
TL 1790360376.064 325.8 4.1
TL 1790360376.164 347.3 2.4
TL 1790360376.265 454.3 4.1
TL 1790360376.365 88.9 2.3
TL 1790360376.465 62.3 1.8
TL 1790360376.565 286.1 3.2
TL 1790360376.665 248.5 1.0
TL 1790360376.766 326.2 3.3
TL 1790360376.866 344.2 3.6
TL 1790360376.966 412.4 2.4
TL 1790360377.066 205.7 1.3
TL 1790360377.166 102.5 1.0
TL 1790360377.266 187.1 4.2
TL 1790360377.367 515.3 2.3
TL 1790360377.467 402.1 4.3
TL 1790360377.567 342.9 3.5
TL 1790360377.668 303.4 2.7
TL 1790360377.768 236.4 1.8
TL 1790360377.868 104.0 4.4
TL 1790360377.968 102.7 2.2
TL 1790360378.068 82.2 1.7
TL 1790360378.169 297.8 1.4
TL 1790360378.269 388.1 2.1
TL 1790360378.369 241.8 3.0
TL 1790360378.469 502.4 3.1
TL 1790360378.569 105.5 1.5
TL 1790360378.669 164.8 1.6
TL 1790360378.769 117.0 0.9
TL 1790360378.869 96.4 2.8
TL 1790360378.970 287.8 4.0
TL 1790360379.070 449.7 3.3
TL 1790360379.170 272.6 1.4
TL 1790360379.271 381.0 4.3
TL 1790360379.371 437.3 5.3
TL 1790360379.472 191.9 1.7
TL 1790360379.573 312.7 4.0
TL 1790360379.673 87.1 0.7
TL 1790360379.773 344.8 2.7
TL 1790360379.873 301.0 2.7
TL 1790360379.974 1269.1 2.4
TL 1790360380.073 91.6 1.8
TL 1790360380.173 143.7 2.2
TL 1790360380.273 222.0 3.7
TL 1790360380.374 219.2 2.7
TL 1790360380.474 87.7 1.9
TL 1790360380.574 91.6 2.3
TL 1790360380.674 297.1 2.4
TL 1790360380.774 413.5 3.0
TL 1790360380.874 304.3 3.4
TL 1790360380.974 164.4 1.5
TL 1790360381.075 281.1 2.9
TL 1790360381.175 241.2 2.0
TL 1790360381.275 484.2 3.7
TL 1790360381.375 53.3 0.8
TL 1790360381.475 275.4 2.9
TL 1790360381.576 325.9 3.7
TL 1790360381.676 163.4 0.8
TL 1790360381.776 151.9 2.7
TL 1790360381.876 126.8 1.6
TL 1790360381.976 85.6 24.1
TL 1790360382.077 408.6 3.0
TL 1790360382.177 366.0 2.6
TL 1790360382.277 101.6 3.0
TL 1790360382.377 80.1 3.5
TL 1790360382.477 137.9 1.6
TL 1790360382.578 324.2 3.9
TL 1790360382.678 224.5 2.3
TL 1790360382.778 101.0 1.0
TL 1790360382.878 223.8 3.3
TL 1790360382.978 291.5 2.0
TL 1790360383.079 265.9 2.9
TL 1790360383.179 263.2 0.9
TL 1790360383.279 354.5 4.3
TL 1790360383.379 199.5 3.8
TL 1790360383.479 330.9 4.6
TL 1790360383.579 96.2 1.0
TL 1790360383.679 79.3 0.5
TL 1790360383.780 369.9 0.5
TL 1790360383.880 57.0 1.4
TL 1790360383.980 389.1 3.0
TL 1790360384.080 567.3 3.7
TL 1790360384.180 233.4 1.6
TL 1790360384.280 321.9 4.8
TL 1790360384.381 333.5 2.6
TL 1790360384.481 85.3 1.3
TL 1790360384.581 71.8 1.7
TL 1790360384.681 57.2 0.4
TL 1790360384.781 297.6 3.8
TL 1790360384.881 414.9 3.1
TL 1790360384.981 339.0 3.4
TL 1790360385.082 322.7 4.1
TL 1790360385.182 316.8 2.3
TL 1790360385.282 105.3 1.0
TL 1790360385.382 108.8 1.0
TL 1790360385.482 187.2 1.4
TL 1790360385.583 439.7 2.2
TL 1790360385.683 195.1 0.8
TL 1790360385.783 299.3 2.8
TL 1790360385.884 855.6 2.8
TL 1790360385.983 112.6 1.0
TL 1790360386.084 243.1 3.0
TL 1790360386.184 271.0 2.3
TL 1790360386.284 193.0 2.6
TL 1790360386.385 177.9 2.2
TL 1790360386.485 223.6 3.5
TL 1790360386.587 301.3 3.4
TL 1790360386.687 314.0 2.3
TL 1790360386.787 60.0 2.7
TL 1790360386.887 94.7 4.0
TL 1790360386.987 117.9 2.1
TL 1790360387.087 249.5 4.1
TL 1790360387.188 414.3 0.5
TL 1790360387.288 310.2 2.7
TL 1790360387.388 373.6 3.4
TL 1790360387.488 220.2 3.2
TL 1790360387.588 78.3 1.8
TL 1790360387.688 189.5 0.8
TL 1790360387.789 248.8 2.4
TL 1790360387.889 306.0 2.3
TL 1790360387.989 373.1 2.5
TL 1790360388.089 102.0 1.2
TL 1790360388.189 375.9 2.4
TL 1790360388.289 204.8 2.9
TL 1790360388.390 204.1 2.6
TL 1790360388.490 71.0 0.8
TL 1790360388.590 147.5 1.3
TL 1790360388.690 408.0 2.3
TL 1790360388.790 317.6 2.0
TL 1790360388.891 393.8 4.2
TL 1790360388.991 282.7 1.1
TL 1790360389.091 174.4 1.8
TL 1790360389.191 85.7 0.9
TL 1790360389.291 305.2 3.4
TL 1790360389.391 83.4 1.1
TL 1790360389.491 205.1 205.5
TL 1790360389.592 423.5 3.6
TL 1790360389.692 209.4 0.9
TL 1790360389.792 309.9 3.6
TL 1790360389.892 333.2 3.6
TL 1790360389.992 302.4 3.3
TL 1790360390.093 488.5 3.7
TL 1790360390.192 174.7 0.6
TL 1790360390.292 116.8 1.4
TL 1790360390.393 241.5 2.8
TL 1790360390.493 259.7 3.1
TL 1790360390.593 367.9 3.4
TL 1790360390.693 253.4 1.8
TL 1790360390.795 422.6 3.3
TL 1790360390.895 232.0 3.9
TL 1790360390.995 143.3 2.2
TL 1790360391.096 125.2 1.5
TL 1790360391.196 111.0 0.8
TL 1790360391.296 75.8 1.5
TL 1790360391.396 247.0 1.8
TL 1790360391.496 75.2 1.7
TL 1790360391.598 216.6 3.6
TL 1790360391.699 156.6 0.7
TL 1790360391.799 297.5 11.0
TL 1790360391.899 428.5 3.4
TL 1790360392.001 164.3 2.5
TL 1790360392.101 158.4 2.0
TL 1790360392.201 99.4 1.1
TL 1790360392.301 206.5 2.0
TL 1790360392.402 675.3 3.4
TL 1790360392.502 567.8 11.9
TL 1790360392.603 291.0 3.7
TL 1790360392.703 105.3 0.9
TL 1790360392.803 226.5 2.9
TL 1790360392.903 341.8 5.5
TL 1790360393.003 191.3 3.0
TL 1790360393.104 223.9 3.4
TL 1790360393.204 116.5 1.3
TL 1790360393.304 49.2 1.2
TL 1790360393.404 378.8 4.5
TL 1790360393.504 314.0 3.1
TL 1790360393.604 52.4 1.3
TL 1790360393.704 64.2 1.5
TL 1790360393.805 215.4 5.0
TL 1790360393.905 322.6 3.7
TL 1790360394.005 79.0 1.8
TL 1790360394.105 90.5 2.1
TL 1790360394.206 740.8 2.2
TL 1790360394.306 329.4 3.0
TL 1790360394.406 94.5 0.8
TL 1790360394.506 352.2 1.9
TL 1790360394.606 432.6 3.0
TL 1790360394.706 71.4 1.7
TL 1790360394.806 67.3 2.3
TL 1790360394.906 77.7 1.8
TL 1790360395.007 239.6 1.6
TL 1790360395.107 64.3 2.9
TL 1790360395.207 93.2 0.9
TL 1790360395.307 68.9 2.1
TL 1790360395.407 85.9 1.9
TL 1790360395.507 61.7 2.8
TL 1790360395.607 67.2 3.1
TL 1790360395.707 190.8 1.6
TL 1790360395.808 52.9 2.1
TL 1790360395.908 47.2 2.6
TL 1790360396.008 132.2 1.9
TL 1790360396.108 175.3 2.6
TL 1790360396.208 99.1 0.7
TL 1790360396.308 114.1 1.7
TL 1790360396.408 121.0 2.5
TL 1790360396.508 137.2 0.8
TL 1790360396.608 73.3 2.3
TL 1790360396.709 69.8 0.7
TL 1790360396.809 76.5 1.8
TL 1790360396.909 106.7 1.9
TL 1790360397.009 77.4 1.5
TL 1790360397.109 143.0 1.6
TL 1790360397.209 106.6 2.6
TL 1790360397.309 63.0 1.9
TL 1790360397.410 283.4 4.8
TL 1790360397.510 290.9 5.7
TL 1790360397.610 139.0 2.3
TL 1790360397.711 736.3 2.1
TL 1790360397.811 414.0 3.3
TL 1790360397.911 350.5 3.7
TL 1790360398.011 464.7 4.0
TL 1790360398.111 103.7 1.1
TL 1790360398.211 94.0 0.7
TL 1790360398.311 86.0 1.1
TL 1790360398.411 125.4 2.3
TL 1790360398.512 419.9 5.1
TL 1790360398.612 287.7 4.4
TL 1790360398.712 507.1 2.6
TL 1790360398.812 228.5 3.9
TL 1790360398.912 279.7 3.1
TL 1790360399.013 396.4 3.6
TL 1790360399.113 77.0 2.0
TL 1790360399.213 192.2 1.2
TL 1790360399.313 387.3 4.1
TL 1790360399.413 306.9 4.5
TL 1790360399.513 397.3 4.4
TL 1790360399.613 323.3 3.6
TL 1790360399.713 134.8 0.8
TL 1790360399.813 125.3 2.1
TL 1790360399.914 115.2 3.2
TL 1790360400.014 117.9 1.8
TL 1790360400.114 76.5 1.7
TL 1790360400.214 80.9 0.8
TL 1790360400.314 359.6 4.0
TL 1790360400.414 161.7 2.1
TL 1790360400.514 99.2 1.1
TL 1790360400.615 237.9 3.2
TL 1790360400.715 310.2 3.1
TL 1790360400.815 228.1 3.4
TL 1790360400.915 68.2 1.6
TL 1790360401.015 48.0 1.5
TL 1790360401.115 46.0 1.3
TL 1790360401.216 342.8 1.5
TL 1790360401.315 74.3 1.8
TL 1790360401.416 117.8 1.9
TL 1790360401.516 487.5 4.1
TL 1790360401.616 339.6 1.9
TL 1790360401.716 272.1 2.1
TL 1790360401.816 63.4 1.1
TL 1790360401.917 227.7 1.7
TL 1790360402.017 129.2 1.3
TL 1790360402.117 240.8 1.8
TL 1790360402.217 117.0 2.7
TL 1790360402.317 51.2 1.5
TL 1790360402.417 82.9 2.3
TL 1790360402.517 376.5 4.0
TL 1790360402.617 80.1 2.9
TL 1790360402.717 129.4 1.3
TL 1790360402.818 139.7 3.2
TL 1790360402.918 164.9 2.3
TL 1790360403.018 163.6 3.5
TL 1790360403.118 119.5 1.8
TL 1790360403.218 311.3 0.9
TL 1790360403.321 336.2 1.4
TL 1790360403.421 346.5 3.4
TL 1790360403.521 348.1 3.7
TL 1790360403.622 324.7 4.0
TL 1790360403.722 342.2 2.2
TL 1790360403.822 298.9 3.1
TL 1790360403.922 127.8 1.9
TL 1790360404.022 74.9 1.2
TL 1790360404.122 96.1 1.8
TL 1790360404.222 188.3 1.3
TL 1790360404.323 483.9 4.8
TL 1790360404.422 105.2 2.7
TL 1790360404.523 293.5 4.2
TL 1790360404.623 307.4 3.6
TL 1790360404.723 324.6 2.9
TL 1790360404.823 187.3 2.4
TL 1790360404.923 46.9 1.1
TL 1790360405.023 220.5 3.5
TL 1790360405.123 77.3 3.1
TL 1790360405.224 200.4 1.8
TL 1790360405.324 334.0 4.5
TL 1790360405.424 304.5 3.6
TL 1790360405.524 327.3 3.8
TL 1790360405.624 247.9 3.9
TL 1790360405.724 138.7 2.4
TL 1790360405.825 152.4 2.1
TL 1790360405.925 89.2 1.7
TL 1790360406.027 2308.9 61.8
TL 1790360406.125 148.4 1.2
TL 1790360406.225 341.3 1.6
TL 1790360406.325 331.0 5.7
TL 1790360406.425 265.7 4.0
TL 1790360406.526 286.7 4.2
TL 1790360406.626 86.7 2.7
TL 1790360406.726 335.4 2.3
TL 1790360406.826 185.6 2.3
TL 1790360406.926 64.8 3.2
TL 1790360407.026 46.4 1.7
TL 1790360407.126 150.4 2.3
TL 1790360407.228 2324.0 1.5
TL 1790360407.326 59.5 1.6
TL 1790360407.426 50.6 1.5
TL 1790360407.527 221.1 4.1
TL 1790360407.627 152.9 2.4
TL 1790360407.727 401.4 3.0
TL 1790360407.828 434.9 2.6
TL 1790360407.927 167.5 2.4
TL 1790360408.028 81.1 1.6
TL 1790360408.128 66.5 1.4
TL 1790360408.228 74.5 2.0
TL 1790360408.328 215.8 3.6
TL 1790360408.428 341.0 4.5
TL 1790360408.529 352.1 4.5
TL 1790360408.629 332.7 4.6
TL 1790360408.729 431.8 3.0
TL 1790360408.829 110.9 2.0
TL 1790360408.929 110.5 1.9
TL 1790360409.029 97.4 1.4
TL 1790360409.129 132.9 2.2
TL 1790360409.232 2869.1 1.9
TL 1790360409.330 410.8 3.7
TL 1790360409.431 388.4 4.7
TL 1790360409.531 141.7 2.3
TL 1790360409.631 273.5 2.3
TL 1790360409.731 59.0 1.9
TL 1790360409.831 160.5 5.1
TL 1790360409.931 88.2 1.3
TL 1790360410.031 125.3 2.7
TL 1790360410.131 71.7 1.7
TL 1790360410.231 68.4 1.9
TL 1790360410.332 140.4 2.0
TL 1790360410.432 308.4 2.4
TL 1790360410.532 395.9 5.4
TL 1790360410.632 217.7 3.3
TL 1790360410.732 192.0 0.9
TL 1790360410.832 102.1 1.8
TL 1790360410.932 144.1 2.2
TL 1790360411.033 147.2 1.7
TL 1790360411.133 372.9 1.7
TL 1790360411.233 139.7 2.0
TL 1790360411.333 143.8 1.6
TL 1790360411.433 63.6 4.5
TL 1790360411.533 520.3 2.3
TL 1790360411.633 84.7 2.6
TL 1790360411.734 385.8 3.1
TL 1790360411.833 74.5 3.0
TL 1790360411.933 65.9 1.6
TL 1790360412.034 58.0 2.1
TL 1790360412.134 218.4 3.1
TL 1790360412.234 107.0 1.1
TL 1790360412.334 141.5 1.8
TL 1790360412.434 130.1 1.6
TL 1790360412.534 95.0 1.6
TL 1790360412.634 52.0 2.1
TL 1790360412.735 275.4 1.8
TL 1790360412.835 423.9 3.3
TL 1790360412.935 57.4 1.8
TL 1790360413.036 278.9 3.9
TL 1790360413.137 1370.9 4.2
TL 1790360413.236 277.4 2.2
TL 1790360413.336 175.5 2.1
TL 1790360413.436 88.6 1.8
TL 1790360413.537 103.7 2.2
TL 1790360413.637 61.3 1.7
TL 1790360413.738 1341.5 1.7
TL 1790360413.837 416.5 4.3
TL 1790360413.937 414.8 5.4
TL 1790360414.037 252.1 3.1
TL 1790360414.137 72.9 3.1
TL 1790360414.238 104.9 2.6
TL 1790360414.338 106.5 2.0
TL 1790360414.438 89.1 2.7
TL 1790360414.538 124.8 2.1
TL 1790360414.638 121.3 1.6
TL 1790360414.738 143.5 2.0
TL 1790360414.838 272.9 2.5
TL 1790360414.943 4661.8 2.4
TL 1790360415.038 104.1 2.3
TL 1790360415.139 184.7 2.1
TL 1790360415.239 282.9 2.0
TL 1790360415.339 119.5 1.8
TL 1790360415.439 88.4 4.1
TL 1790360415.539 119.5 1.6
TL 1790360415.639 116.6 1.7
TL 1790360415.739 125.2 1.5
TL 1790360415.839 100.4 1.5
TL 1790360415.939 75.2 1.6
TL 1790360416.040 91.3 1.8
TL 1790360416.142 2445.7 1.9
TL 1790360416.241 482.7 2.0
TL 1790360416.341 706.0 2.4
TL 1790360416.441 67.4 1.6
TL 1790360416.541 122.6 2.8
TL 1790360416.641 136.0 1.5
TL 1790360416.741 123.2 1.4
TL 1790360416.841 90.9 1.8
TL 1790360416.941 158.4 2.1
TL 1790360417.041 113.8 1.6
TL 1790360417.141 261.5 1.6
TL 1790360417.241 166.0 1.9
TL 1790360417.341 147.7 1.9
TL 1790360417.442 236.0 2.2
TL 1790360417.542 435.5 5.5
TL 1790360417.642 215.0 2.3
TL 1790360417.742 143.6 1.3
TL 1790360417.842 155.8 2.4
TL 1790360417.942 68.8 1.5
TL 1790360418.043 160.8 2.0
TL 1790360418.143 113.0 1.6
TL 1790360418.243 132.9 0.9
TL 1790360418.343 125.2 1.6
TL 1790360418.443 73.3 4.4
TL 1790360418.545 1981.7 1.8
TL 1790360418.643 255.3 1.7
TL 1790360418.743 123.4 0.9
TL 1790360418.843 143.9 1.9
TL 1790360418.943 112.0 1.9
TL 1790360419.044 146.0 1.6
TL 1790360419.144 150.9 2.0
TL 1790360419.244 67.8 1.4
TL 1790360419.344 262.2 144.3
TL 1790360419.444 136.2 1.5
TL 1790360419.544 106.9 1.9
TL 1790360419.644 71.1 1.9
TL 1790360419.745 557.3 1.8
TL 1790360419.845 390.3 4.0
TL 1790360419.945 284.3 3.6
TL 1790360420.045 397.8 4.3
TL 1790360420.145 482.8 4.2
TL 1790360420.245 204.8 2.6
TL 1790360420.345 96.2 1.5
TL 1790360420.445 113.7 1.9
TL 1790360420.545 86.1 1.6
TL 1790360420.646 110.4 2.0
TL 1790360420.746 272.3 1.7
TL 1790360420.846 299.8 2.2
TL 1790360420.946 82.0 1.5
TL 1790360421.046 79.3 1.6
TL 1790360421.146 152.9 2.1
TL 1790360421.246 124.1 1.7
TL 1790360421.346 110.8 1.8
TL 1790360421.447 92.0 2.0
TL 1790360421.547 69.6 1.8
TL 1790360421.650 3676.8 1.7
TL 1790360421.747 90.3 1.6
TL 1790360421.847 362.1 4.0
TL 1790360421.947 297.1 4.1
TL 1790360422.048 264.0 3.7
TL 1790360422.148 203.9 1.7
TL 1790360422.248 138.1 1.9
TL 1790360422.348 113.7 2.0
TL 1790360422.448 120.8 1.7
TL 1790360422.548 108.4 1.6
TL 1790360422.648 298.5 2.2
TL 1790360422.749 334.9 1.5
TL 1790360422.848 93.8 2.7
TL 1790360422.949 54.0 1.4
TL 1790360423.049 164.0 2.3
TL 1790360423.149 84.8 1.6
TL 1790360423.249 48.1 1.6
TL 1790360423.349 143.2 2.8
TL 1790360423.449 92.5 1.9
TL 1790360423.549 97.8 1.5
TL 1790360423.649 71.9 1.8
TL 1790360423.751 1178.9 2.1
TL 1790360423.851 268.5 2.3
TL 1790360423.951 229.5 4.7
TL 1790360424.051 342.7 2.5
TL 1790360424.151 269.9 2.9
TL 1790360424.251 97.5 1.9
TL 1790360424.351 137.7 1.7
TL 1790360424.451 85.8 1.5
TL 1790360424.552 120.8 3.3
TL 1790360424.652 110.6 2.6
TL 1790360424.752 458.6 1.8
TL 1790360424.852 132.5 2.1
TL 1790360424.952 146.3 1.7
TL 1790360425.052 74.2 1.5
TL 1790360425.152 130.8 3.3
TL 1790360425.252 220.6 2.6
TL 1790360425.353 172.2 1.7
TL 1790360425.453 109.7 1.9
TL 1790360425.553 47.3 1.8
TL 1790360425.653 79.1 2.5
TL 1790360425.756 2433.2 1.0
TL 1790360425.854 247.3 3.6
TL 1790360425.954 373.0 5.6
TL 1790360426.054 267.0 2.2
TL 1790360426.154 131.5 1.8
TL 1790360426.254 122.6 1.5
TL 1790360426.354 97.0 1.6
TL 1790360426.454 102.7 1.8
TL 1790360426.555 120.4 1.8
TL 1790360426.655 192.7 3.6
TL 1790360426.756 1423.8 0.9
TL 1790360426.855 102.8 2.0
TL 1790360426.955 230.4 3.0
TL 1790360427.055 116.4 1.7
TL 1790360427.155 138.7 3.0
TL 1790360427.256 321.8 2.8
TL 1790360427.356 230.1 2.6
TL 1790360427.456 95.1 1.6
TL 1790360427.556 105.2 1.7
TL 1790360427.656 82.6 1.4
TL 1790360427.756 167.1 1.5
TL 1790360427.865 8331.9 3.1
TL 1790360427.957 354.9 5.1
TL 1790360428.057 490.5 4.0
TL 1790360428.157 393.5 4.6
TL 1790360428.257 93.4 3.5
TL 1790360428.358 115.0 2.3
TL 1790360428.458 100.1 1.5
TL 1790360428.558 124.3 1.7
TL 1790360428.658 123.2 2.1
TL 1790360428.758 138.8 1.5
TL 1790360428.858 92.1 4.2
TL 1790360428.958 187.1 2.3
TL 1790360429.058 61.9 2.2
TL 1790360429.158 216.1 1.7
TL 1790360429.259 335.4 2.7
TL 1790360429.359 109.5 1.9
TL 1790360429.459 161.9 2.9
TL 1790360429.559 309.5 2.7
TL 1790360429.659 84.3 1.6
TL 1790360429.759 99.9 1.7
TL 1790360429.859 91.5 1.5
TL 1790360429.961 1535.9 3.6
TL 1790360430.059 55.3 1.2
TL 1790360430.160 132.6 2.0
TL 1790360430.260 448.7 2.3
TL 1790360430.360 118.5 1.9
TL 1790360430.460 134.6 1.9
TL 1790360430.560 106.6 1.4
TL 1790360430.660 99.7 1.8
TL 1790360430.760 145.1 1.7
TL 1790360430.862 1338.6 1.8
TL 1790360430.961 165.9 2.0
TL 1790360431.061 127.8 1.9
TL 1790360431.161 163.1 2.5
TL 1790360431.261 264.5 1.8
TL 1790360431.361 282.4 3.9
TL 1790360431.461 174.9 1.6
TL 1790360431.561 82.9 1.8
TL 1790360431.661 69.5 3.7
TL 1790360431.762 122.7 1.4
TL 1790360431.862 801.2 1.9
TL 1790360431.962 93.8 2.6
TL 1790360432.063 325.2 4.3
TL 1790360432.163 162.8 2.2
TL 1790360432.263 92.9 2.2
TL 1790360432.363 53.5 2.4
TL 1790360432.463 81.0 1.2
TL 1790360432.563 132.4 18.4
TL 1790360432.663 83.5 1.6
TL 1790360432.763 74.3 1.4
TL 1790360432.863 129.8 2.8
TL 1790360432.963 213.4 1.2
TL 1790360433.063 62.2 1.4
TL 1790360433.164 137.9 1.8
TL 1790360433.264 384.7 2.1
TL 1790360433.364 298.1 3.5
TL 1790360433.464 115.3 1.7
TL 1790360433.564 89.6 1.9
TL 1790360433.664 147.6 2.0
TL 1790360433.764 110.6 1.5
TL 1790360433.864 92.8 1.8
TL 1790360433.964 96.0 1.9
TL 1790360434.065 561.9 1.6
TL 1790360434.165 357.8 3.9
TL 1790360434.266 262.6 2.8
TL 1790360434.366 366.9 3.4
TL 1790360434.466 63.7 1.6
TL 1790360434.566 136.9 1.7
TL 1790360434.666 49.6 2.3
TL 1790360434.766 93.6 2.0
TL 1790360434.866 119.1 3.1
TL 1790360434.966 106.4 1.4
TL 1790360435.066 129.5 1.4
TL 1790360435.166 185.8 1.3
TL 1790360435.267 300.7 2.3
TL 1790360435.367 269.1 4.0
TL 1790360435.467 129.5 2.4
TL 1790360435.567 94.2 1.7
TL 1790360435.667 69.3 1.2
TL 1790360435.767 179.9 1.8
TL 1790360435.867 112.6 1.7
TL 1790360435.967 104.6 2.6
TL 1790360436.068 658.3 1.5
TL 1790360436.168 806.7 1.9
TL 1790360436.268 387.4 2.8
TL 1790360436.368 307.7 4.1
TL 1790360436.469 351.1 4.8
TL 1790360436.569 155.6 2.3
TL 1790360436.669 274.9 3.4
TL 1790360436.769 98.9 1.4
TL 1790360436.869 51.3 1.0
TL 1790360436.969 97.0 1.5
TL 1790360437.069 121.1 1.4
TL 1790360437.169 83.3 2.8
TL 1790360437.269 77.6 1.4
TL 1790360437.370 1028.4 2.3
TL 1790360437.470 307.4 3.5
TL 1790360437.570 422.4 4.4
TL 1790360437.670 178.6 2.2
TL 1790360437.770 106.4 1.9
TL 1790360437.871 699.8 2.1
TL 1790360437.971 86.0 1.8
TL 1790360438.071 97.5 1.7
TL 1790360438.171 175.5 1.7
TL 1790360438.271 565.3 1.1
TL 1790360438.371 338.1 4.0
TL 1790360438.472 336.6 4.6
TL 1790360438.572 153.9 2.3
TL 1790360438.672 95.2 1.9
TL 1790360438.772 105.3 1.8
TL 1790360438.872 122.8 1.7
TL 1790360438.972 187.9 1.6
TL 1790360439.072 92.5 1.6
TL 1790360439.172 152.8 1.6
TL 1790360439.272 51.2 1.0
TL 1790360439.372 160.9 2.3
TL 1790360439.472 82.8 2.4
TL 1790360439.573 108.2 2.3
TL 1790360439.673 339.6 3.4
TL 1790360439.773 127.2 1.0
TL 1790360439.873 97.2 1.9
TL 1790360439.973 259.4 3.0
TL 1790360440.073 117.3 1.8
TL 1790360440.173 125.4 1.8
TL 1790360440.273 54.3 1.7
TL 1790360440.374 433.8 3.0
TL 1790360440.474 383.5 4.1
TL 1790360440.574 342.2 4.4
TL 1790360440.674 223.7 2.7
TL 1790360440.774 302.1 3.3
TL 1790360440.874 97.1 1.7
TL 1790360440.974 109.3 1.5
TL 1790360441.074 137.8 2.8
TL 1790360441.174 97.9 2.9
TL 1790360441.275 271.4 1.8
TL 1790360441.378 3016.3 1.5
TL 1790360441.476 866.1 1.7
TL 1790360441.575 340.6 1.8
TL 1790360441.675 319.0 4.0
TL 1790360441.776 344.4 2.8
TL 1790360441.875 154.0 2.8
TL 1790360441.976 70.1 0.7
TL 1790360442.076 147.2 1.9
TL 1790360442.176 171.8 1.3
TL 1790360442.276 70.3 2.6
TL 1790360442.378 1824.5 3.4
TL 1790360442.477 420.0 4.0
TL 1790360442.577 353.1 4.1
TL 1790360442.677 312.9 4.4
TL 1790360442.777 153.7 1.7
TL 1790360442.877 95.2 1.4
TL 1790360442.977 201.0 2.3
TL 1790360443.077 70.2 1.7
TL 1790360443.177 121.0 1.9
TL 1790360443.277 106.8 2.6
TL 1790360443.377 75.9 1.8
TL 1790360443.478 265.7 4.5
TL 1790360443.578 76.9 3.2
TL 1790360443.678 106.6 3.0
TL 1790360443.778 101.2 1.1
TL 1790360443.878 54.7 1.9
TL 1790360443.978 62.9 1.5
TL 1790360444.078 148.4 2.0
TL 1790360444.178 94.4 2.7
TL 1790360444.278 117.1 1.4
TL 1790360444.378 71.7 1.6
TL 1790360444.479 143.6 2.1
TL 1790360444.580 542.2 5.4
TL 1790360444.680 344.3 3.6
TL 1790360444.780 360.8 3.3
TL 1790360444.880 138.8 2.0
TL 1790360444.980 135.5 2.0
TL 1790360445.080 83.4 2.9
TL 1790360445.180 126.2 1.7
TL 1790360445.280 218.3 1.4
TL 1790360445.381 370.3 4.2
TL 1790360445.481 315.9 4.5
TL 1790360445.581 401.5 4.6
TL 1790360445.681 105.5 1.6
TL 1790360445.781 153.8 1.3
TL 1790360445.882 234.6 2.1
TL 1790360445.982 217.3 1.8
TL 1790360446.082 124.0 1.6
TL 1790360446.182 118.0 1.6
TL 1790360446.282 69.8 1.6
TL 1790360446.383 1198.4 1.8
TL 1790360446.482 128.0 2.3
TL 1790360446.582 244.3 3.6
TL 1790360446.682 136.9 2.1
TL 1790360446.782 143.5 1.4
TL 1790360446.882 67.8 1.5
TL 1790360446.983 153.9 2.0
TL 1790360447.083 168.0 1.9
TL 1790360447.183 102.8 1.4
TL 1790360447.283 126.4 1.5
TL 1790360447.383 154.9 1.7
TL 1790360447.483 269.2 3.0
TL 1790360447.583 200.4 3.5
TL 1790360447.684 538.6 2.6
TL 1790360447.784 452.9 2.9
TL 1790360447.884 549.0 3.4
TL 1790360447.984 359.7 3.3
TL 1790360448.084 208.0 2.4
TL 1790360448.184 113.3 1.6
TL 1790360448.284 115.2 1.2
TL 1790360448.384 95.2 1.5
TL 1790360448.484 71.6 1.5
TL 1790360448.585 105.8 1.9
TL 1790360448.688 3139.2 2.3
TL 1790360448.785 186.5 1.7
TL 1790360448.885 117.9 1.8
TL 1790360448.985 176.3 2.4
TL 1790360449.085 113.6 1.8
TL 1790360449.185 228.6 2.8
TL 1790360449.286 147.4 1.9
TL 1790360449.386 158.4 2.0
TL 1790360449.486 118.4 1.9
TL 1790360449.586 105.4 1.8
TL 1790360449.686 59.2 2.0
TL 1790360449.786 75.5 1.8
TL 1790360449.887 289.4 1.7
TL 1790360449.987 214.9 3.3
TL 1790360450.087 296.5 3.8
TL 1790360450.187 526.7 4.4
TL 1790360450.287 371.9 2.9
TL 1790360450.388 280.0 3.0
TL 1790360450.488 122.9 1.4
TL 1790360450.588 301.0 1.9
TL 1790360450.688 176.2 1.5
TL 1790360450.788 85.3 1.6
TL 1790360450.888 123.1 1.4
TL 1790360450.990 2493.9 1.9
TL 1790360451.088 115.6 2.3
TL 1790360451.188 253.0 4.0
TL 1790360451.289 275.4 2.4
TL 1790360451.389 265.1 3.3
TL 1790360451.489 272.4 2.2
TL 1790360451.589 120.1 2.1
TL 1790360451.689 74.7 1.6
TL 1790360451.789 122.6 1.4
TL 1790360451.889 88.5 1.8
TL 1790360451.989 99.7 3.0
TL 1790360452.090 90.5 3.1
TL 1790360452.190 320.4 4.4
TL 1790360452.290 464.4 4.7
TL 1790360452.390 283.0 3.4
TL 1790360452.490 346.1 3.4
TL 1790360452.590 103.3 1.7
TL 1790360452.690 74.5 1.8
TL 1790360452.790 54.1 1.7
TL 1790360452.894 3181.1 3.3
TL 1790360452.991 161.7 2.7
TL 1790360453.091 329.8 3.9
TL 1790360453.192 697.3 6.7
TL 1790360453.291 377.4 2.7
TL 1790360453.391 237.4 3.2
TL 1790360453.491 137.6 1.9
TL 1790360453.592 122.5 1.5
TL 1790360453.692 128.6 1.8
TL 1790360453.792 59.6 1.6
TL 1790360453.894 2142.7 3.5
TL 1790360453.992 310.7 3.6
TL 1790360454.092 289.7 4.0
TL 1790360454.192 66.8 1.8
TL 1790360454.293 433.1 3.0
TL 1790360454.393 269.2 3.9
TL 1790360454.493 122.8 2.1
TL 1790360454.593 125.2 1.8
TL 1790360454.693 84.3 1.2
TL 1790360454.793 80.4 1.0
TL 1790360454.893 107.0 1.6
TL 1790360454.993 69.2 1.6
TL 1790360455.094 134.4 1.7
TL 1790360455.197 3243.9 2.9
TL 1790360455.294 165.1 0.8
TL 1790360455.394 370.7 5.9
TL 1790360455.495 285.4 3.7
TL 1790360455.595 143.2 2.0
TL 1790360455.695 75.8 1.4
TL 1790360455.795 93.0 1.1
TL 1790360455.895 156.2 1.9
TL 1790360455.995 97.3 1.6
TL 1790360456.095 124.5 1.7
TL 1790360456.195 98.0 2.8
TL 1790360456.304 8693.9 1.8
TL 1790360456.396 365.4 4.0
TL 1790360456.496 511.4 4.0
TL 1790360456.596 286.2 1.8
TL 1790360456.696 160.1 2.0
TL 1790360456.796 114.3 1.6
TL 1790360456.896 77.3 1.4
TL 1790360456.996 143.8 2.1
TL 1790360457.096 115.7 1.8
TL 1790360457.196 130.6 4.3
TL 1790360457.296 50.3 1.5
TL 1790360457.399 2927.2 3.5
TL 1790360457.497 95.2 1.6
TL 1790360457.597 141.7 2.6
TL 1790360457.698 519.8 3.2
TL 1790360457.798 268.9 1.7
TL 1790360457.898 91.4 1.8
TL 1790360457.998 191.4 1.5
TL 1790360458.098 84.8 1.4
TL 1790360458.198 105.1 1.6
TL 1790360458.299 98.6 1.9
TL 1790360458.399 72.4 2.4
TL 1790360458.504 4536.2 2.5
TL 1790360458.600 710.6 3.9
TL 1790360458.700 323.6 2.8
TL 1790360458.800 223.8 2.5
TL 1790360458.900 323.4 3.9
TL 1790360459.000 190.7 2.4
TL 1790360459.100 111.0 1.9
TL 1790360459.200 85.2 1.9
TL 1790360459.301 90.7 1.4
TL 1790360459.401 113.6 2.0
TL 1790360459.501 86.2 1.8
TL 1790360459.601 337.1 2.2
TL 1790360459.715 13832.9 2.3
TL 1790360459.801 275.6 2.8
TL 1790360459.901 259.6 4.1
TL 1790360460.001 187.8 3.1
TL 1790360460.102 125.0 1.5
TL 1790360460.202 63.6 1.3
TL 1790360460.302 97.8 2.1
TL 1790360460.402 100.0 1.6
TL 1790360460.502 217.9 1.5
TL 1790360460.602 141.1 1.8
TL 1790360460.705 2671.9 2.5
TL 1790360460.803 364.1 3.2
TL 1790360460.903 363.9 5.3
TL 1790360461.004 522.7 3.8
TL 1790360461.104 215.6 2.2
TL 1790360461.205 373.3 3.4
TL 1790360461.304 131.2 1.7
TL 1790360461.405 125.4 1.7
TL 1790360461.505 89.6 1.9
TL 1790360461.605 62.4 3.2
TL 1790360461.705 76.9 1.7
TL 1790360461.805 578.7 2.4
TL 1790360461.905 150.4 1.8
TL 1790360462.005 94.5 3.1
TL 1790360462.106 431.4 3.9
TL 1790360462.205 148.3 1.9
TL 1790360462.306 90.3 1.9
TL 1790360462.406 214.6 3.5
TL 1790360462.506 112.4 1.8
TL 1790360462.606 87.0 2.8
TL 1790360462.706 95.5 1.6
TL 1790360462.806 154.7 1.5
TL 1790360462.906 50.8 1.4
TL 1790360463.007 196.2 2.4
TL 1790360463.107 95.3 1.8
TL 1790360463.207 60.9 1.6
TL 1790360463.308 326.5 2.6
TL 1790360463.408 152.2 1.9
TL 1790360463.508 133.5 2.0
TL 1790360463.608 103.0 1.9
TL 1790360463.708 119.5 1.5
TL 1790360463.808 157.8 1.4
TL 1790360463.908 66.9 1.4
TL 1790360464.011 2919.0 1.7
TL 1790360464.108 163.2 3.1
TL 1790360464.209 117.9 3.9
TL 1790360464.309 116.9 1.7
TL 1790360464.409 140.7 1.6
TL 1790360464.509 117.0 2.1
TL 1790360464.609 93.2 1.5
TL 1790360464.709 121.9 1.8
TL 1790360464.809 95.3 1.1
TL 1790360464.909 90.8 1.8
TL 1790360465.009 112.8 2.9
TL 1790360465.110 564.3 2.6
TL 1790360465.210 291.8 3.6
TL 1790360465.310 108.7 1.6
TL 1790360465.410 271.1 3.5
TL 1790360465.510 160.7 2.2
TL 1790360465.610 103.1 3.3
TL 1790360465.710 78.1 1.6
TL 1790360465.810 84.1 1.4
TL 1790360465.911 112.1 1.6
TL 1790360466.011 88.3 2.0
TL 1790360466.111 134.6 1.5
TL 1790360466.212 1565.8 3.0
TL 1790360466.311 327.2 2.3
TL 1790360466.411 132.3 3.0
TL 1790360466.512 98.2 3.1
TL 1790360466.612 313.1 2.6
TL 1790360466.712 84.1 1.7
TL 1790360466.812 69.6 1.0
TL 1790360466.912 119.8 2.2
TL 1790360467.012 128.4 1.9
TL 1790360467.112 166.6 2.9
TL 1790360467.212 67.8 1.4
TL 1790360467.315 2504.3 1.7
TL 1790360467.413 98.6 2.0
TL 1790360467.513 317.0 2.8
TL 1790360467.614 545.8 4.0
TL 1790360467.713 217.4 2.2
TL 1790360467.813 149.2 1.8
TL 1790360467.914 156.3 1.7
TL 1790360468.014 99.8 1.6
TL 1790360468.114 72.0 1.6
TL 1790360468.214 127.0 2.0
TL 1790360468.316 2641.6 1.5
TL 1790360468.415 327.8 3.5
TL 1790360468.515 345.6 4.3
TL 1790360468.615 66.1 1.9
TL 1790360468.715 188.1 1.7
TL 1790360468.815 169.7 1.6
TL 1790360468.915 97.1 1.4
TL 1790360469.015 69.3 1.6
TL 1790360469.115 129.4 3.1
TL 1790360469.215 129.4 1.6
TL 1790360469.315 84.5 1.8
TL 1790360469.415 51.3 1.9
TL 1790360469.516 358.6 1.9
TL 1790360469.616 710.8 4.8
TL 1790360469.716 306.7 3.8
TL 1790360469.816 333.1 2.8
TL 1790360469.916 112.8 1.7
TL 1790360470.016 91.9 1.6
TL 1790360470.116 116.1 1.6
TL 1790360470.217 125.5 1.6
TL 1790360470.317 113.4 1.4
TL 1790360470.417 184.2 7.8
TL 1790360470.517 246.1 3.6
TL 1790360470.617 267.0 3.6
TL 1790360470.718 350.5 4.8
TL 1790360470.818 155.7 2.1
TL 1790360470.918 66.7 1.5
TL 1790360471.018 352.6 1.7
TL 1790360471.118 120.1 1.3
TL 1790360471.218 156.6 4.0
TL 1790360471.318 84.6 1.4
TL 1790360471.420 2071.3 2.3
TL 1790360471.519 391.1 5.9
TL 1790360471.619 270.9 4.0
TL 1790360471.719 248.1 3.2
TL 1790360471.819 265.3 3.1
TL 1790360471.919 113.9 1.7
TL 1790360472.019 94.4 2.3
TL 1790360472.119 159.0 2.0
TL 1790360472.219 93.0 1.7
TL 1790360472.319 95.5 1.5
TL 1790360472.420 170.4 2.0
TL 1790360472.520 162.6 2.6
TL 1790360472.620 276.8 2.2
TL 1790360472.720 184.6 2.4
TL 1790360472.820 115.3 1.2
TL 1790360472.920 146.4 2.1
TL 1790360473.020 200.4 2.0
TL 1790360473.121 191.1 3.8
TL 1790360473.220 55.4 1.6
TL 1790360473.321 288.1 1.7
TL 1790360473.421 99.1 3.5
TL 1790360473.521 347.8 6.1
TL 1790360473.621 314.2 3.7
TL 1790360473.721 126.1 1.6
TL 1790360473.821 108.5 1.4
TL 1790360473.922 170.9 2.1
TL 1790360474.022 82.8 1.7
TL 1790360474.122 163.3 1.8
TL 1790360474.222 94.5 1.7
TL 1790360474.322 83.4 1.7
TL 1790360474.422 124.3 1.9
TL 1790360474.522 388.1 4.0
TL 1790360474.623 528.3 4.1
TL 1790360474.723 103.5 2.2
TL 1790360474.823 53.0 2.1
TL 1790360474.923 157.1 2.1
TL 1790360475.023 113.6 1.7
TL 1790360475.123 133.5 2.3
TL 1790360475.223 93.4 1.7
TL 1790360475.323 199.0 1.5
TL 1790360475.428 4888.9 1.8
TL 1790360475.524 135.4 1.8
TL 1790360475.624 108.7 2.2
TL 1790360475.724 144.2 3.3
TL 1790360475.824 65.7 1.5
TL 1790360475.924 245.5 3.0
TL 1790360476.024 90.8 2.8
TL 1790360476.124 90.3 1.6
TL 1790360476.224 157.0 2.1
TL 1790360476.326 1640.8 1.4
TL 1790360476.425 94.8 1.8
TL 1790360476.525 112.8 3.0
TL 1790360476.625 535.2 3.3
TL 1790360476.725 383.8 3.2
TL 1790360476.825 105.7 1.2
TL 1790360476.925 97.3 1.5
TL 1790360477.025 97.4 1.4
TL 1790360477.125 100.6 2.7
TL 1790360477.225 152.9 1.6
TL 1790360477.326 81.6 1.7
TL 1790360477.426 375.1 4.6
TL 1790360477.526 316.4 4.3
TL 1790360477.626 269.8 4.1
TL 1790360477.726 169.1 1.9
TL 1790360477.827 235.0 1.7
TL 1790360477.927 92.6 1.6
TL 1790360478.027 137.7 1.7
TL 1790360478.127 83.7 1.5
TL 1790360478.227 87.7 1.9
TL 1790360478.327 130.3 2.7
TL 1790360478.427 193.0 2.0
TL 1790360478.527 68.5 1.7
TL 1790360478.628 487.0 3.8
TL 1790360478.728 210.1 3.9
TL 1790360478.828 87.2 1.5
TL 1790360478.928 78.7 1.7
TL 1790360479.028 184.3 1.5
TL 1790360479.128 114.6 2.2
TL 1790360479.229 103.0 1.7
TL 1790360479.329 132.2 1.6
TL 1790360479.429 86.6 1.7
TL 1790360479.529 611.4 2.4
TL 1790360479.629 101.1 2.3
TL 1790360479.729 414.4 4.6
TL 1790360479.830 633.1 2.8
TL 1790360479.930 205.2 2.7
TL 1790360480.030 298.1 4.0
TL 1790360480.130 57.9 1.9
TL 1790360480.230 174.2 1.4
TL 1790360480.330 96.1 1.4
TL 1790360480.430 212.9 3.9
TL 1790360480.530 77.5 3.0
TL 1790360480.631 719.1 1.5
TL 1790360480.731 386.8 4.5
TL 1790360480.831 509.3 2.5
TL 1790360480.932 472.7 5.1
TL 1790360481.032 637.5 3.3
TL 1790360481.132 88.6 1.9
TL 1790360481.232 97.0 1.5
TL 1790360481.332 86.1 2.2
TL 1790360481.432 97.2 1.7
TL 1790360481.532 97.9 2.2
TL 1790360481.632 304.7 3.7
TL 1790360481.732 204.1 4.2
TL 1790360481.833 115.4 1.7
TL 1790360481.933 171.0 2.1
TL 1790360482.033 170.4 2.3
TL 1790360482.133 120.0 1.9
TL 1790360482.233 287.2 1.2
TL 1790360482.333 95.8 1.2
TL 1790360482.433 85.4 2.0
TL 1790360482.533 162.9 2.0
TL 1790360482.633 204.0 3.6
TL 1790360482.734 251.0 4.0
TL 1790360482.834 114.6 2.9
TL 1790360482.934 101.5 2.8
TL 1790360483.034 156.1 1.8
TL 1790360483.134 146.1 2.0
TL 1790360483.234 129.6 2.2
TL 1790360483.334 105.6 1.0
TL 1790360483.434 107.1 1.7
TL 1790360483.534 100.4 2.4
TL 1790360483.635 256.5 2.0
TL 1790360483.735 302.7 3.4
TL 1790360483.835 242.2 1.6
TL 1790360483.935 198.7 1.6
TL 1790360484.035 233.4 3.1
TL 1790360484.135 152.9 2.1
TL 1790360484.236 107.3 1.5
TL 1790360484.336 67.2 2.4
TL 1790360484.436 91.0 1.4
TL 1790360484.536 104.2 1.9
TL 1790360484.636 235.8 2.1
TL 1790360484.736 92.7 1.3
TL 1790360484.836 66.6 1.2
TL 1790360484.937 335.6 4.7
TL 1790360485.037 212.9 2.1
TL 1790360485.137 300.4 4.0
TL 1790360485.237 205.1 2.8
TL 1790360485.338 145.6 1.9
TL 1790360485.438 116.6 1.8
TL 1790360485.538 102.7 1.6
TL 1790360485.638 121.2 1.5
TL 1790360485.739 942.9 1.9
TL 1790360485.838 115.8 0.7
TL 1790360485.938 74.6 1.4
TL 1790360486.038 151.8 2.3
TL 1790360486.139 409.2 3.9
TL 1790360486.239 292.8 3.4
TL 1790360486.340 582.3 1.6
TL 1790360486.439 123.3 2.4
TL 1790360486.540 120.9 2.8
TL 1790360486.640 131.0 1.7
TL 1790360486.740 111.9 2.0
TL 1790360486.840 54.8 1.6
TL 1790360486.940 90.4 1.7
TL 1790360487.044 3718.0 1.5
TL 1790360487.141 499.7 4.2
TL 1790360487.240 161.7 1.9
TL 1790360487.341 404.6 2.3
TL 1790360487.441 58.9 1.8
TL 1790360487.541 255.7 3.4
TL 1790360487.641 137.7 1.9
TL 1790360487.741 119.1 1.5
TL 1790360487.841 85.1 1.5
TL 1790360487.942 285.1 1.9
TL 1790360488.042 309.8 1.8
TL 1790360488.142 248.9 2.0
TL 1790360488.242 91.6 2.6
TL 1790360488.342 484.8 2.4
TL 1790360488.442 200.5 2.9
TL 1790360488.542 78.6 3.0
TL 1790360488.642 123.7 2.0
TL 1790360488.742 133.6 1.7
TL 1790360488.842 55.4 1.4
TL 1790360488.943 67.0 1.7
TL 1790360489.043 313.0 1.7
TL 1790360489.143 88.9 2.0
TL 1790360489.243 107.5 1.8
TL 1790360489.343 278.0 2.5
TL 1790360489.443 208.6 2.1
TL 1790360489.543 256.3 3.2
TL 1790360489.643 85.8 1.7
TL 1790360489.743 131.9 2.1
TL 1790360489.843 68.0 1.5
TL 1790360489.944 97.1 1.5
TL 1790360490.049 5155.1 2.0
TL 1790360490.144 71.2 2.1
TL 1790360490.244 423.7 4.4
TL 1790360490.345 376.7 2.9
TL 1790360490.445 251.6 3.6
TL 1790360490.545 252.3 1.9
TL 1790360490.645 100.3 1.7
TL 1790360490.745 132.3 1.9
TL 1790360490.845 110.9 2.4
TL 1790360490.946 757.8 1.7
TL 1790360491.046 582.4 4.0
TL 1790360491.146 589.4 3.5
TL 1790360491.246 322.2 4.3
TL 1790360491.346 364.5 3.1
TL 1790360491.446 70.1 1.8
TL 1790360491.546 189.4 2.8
TL 1790360491.646 66.5 1.5
TL 1790360491.746 113.0 1.6
TL 1790360491.847 598.1 15.3
TL 1790360491.947 314.8 4.5
TL 1790360492.047 273.4 3.9
TL 1790360492.147 298.5 3.4
TL 1790360492.247 48.0 1.9
TL 1790360492.347 121.4 3.0
TL 1790360492.447 57.0 1.8
TL 1790360492.548 179.7 1.8
TL 1790360492.648 91.4 1.6
TL 1790360492.748 80.3 3.3
TL 1790360492.848 88.5 1.2
TL 1790360492.950 2451.9 3.5
TL 1790360493.049 409.9 3.8
TL 1790360493.149 181.5 2.4
TL 1790360493.249 621.0 3.6
TL 1790360493.349 328.8 2.5
TL 1790360493.450 294.5 3.4
TL 1790360493.550 131.9 2.0
TL 1790360493.650 68.7 1.6
TL 1790360493.750 247.6 1.2
TL 1790360493.850 198.3 45.0
TL 1790360493.950 87.6 1.8
TL 1790360494.050 49.8 1.9
TL 1790360494.151 662.0 2.2
TL 1790360494.250 336.0 3.9
TL 1790360494.351 402.8 3.4
TL 1790360494.451 251.2 2.0
TL 1790360494.551 223.5 3.4
TL 1790360494.651 135.1 2.0
TL 1790360494.751 107.2 1.6
TL 1790360494.851 98.9 1.1
TL 1790360494.951 114.8 1.7
TL 1790360495.051 61.8 1.9
TL 1790360495.152 540.2 2.3
TL 1790360495.252 195.4 2.4
TL 1790360495.352 285.9 2.8
TL 1790360495.452 96.1 1.8
TL 1790360495.552 302.7 3.4
TL 1790360495.652 130.1 1.8
TL 1790360495.752 104.7 1.7
TL 1790360495.852 122.7 1.5
TL 1790360495.952 57.0 2.1
TL 1790360496.052 62.1 1.8
TL 1790360496.152 123.0 2.0
TL 1790360496.254 1412.6 2.0
TL 1790360496.353 544.4 3.0
TL 1790360496.453 226.3 4.2
TL 1790360496.553 71.2 2.2
TL 1790360496.654 461.5 3.6
TL 1790360496.754 509.0 2.4
TL 1790360496.854 262.9 2.1
TL 1790360496.954 144.5 1.8
TL 1790360497.054 110.8 1.6
TL 1790360497.154 180.9 1.6
TL 1790360497.255 176.0 4.6
TL 1790360497.355 167.4 1.8
TL 1790360497.455 88.7 4.6
TL 1790360497.557 1514.4 3.4
TL 1790360497.656 244.9 4.0
TL 1790360497.756 487.1 4.2
TL 1790360497.856 78.0 1.8
TL 1790360497.956 327.8 4.0
TL 1790360498.056 159.1 2.3
TL 1790360498.156 113.3 1.6
TL 1790360498.257 156.5 1.6
TL 1790360498.357 158.2 1.7
TL 1790360498.457 178.3 1.4
TL 1790360498.557 261.4 1.6
TL 1790360498.657 361.3 4.2
TL 1790360498.757 326.7 3.2
TL 1790360498.858 337.5 4.0
TL 1790360498.958 105.2 1.7
TL 1790360499.058 274.9 3.2
TL 1790360499.158 82.4 1.5
TL 1790360499.258 106.8 1.5
TL 1790360499.358 87.5 1.5
TL 1790360499.458 85.5 1.9
TL 1790360499.559 609.2 3.2
TL 1790360499.658 230.7 3.5
TL 1790360499.760 295.3 3.7
TL 1790360499.860 331.5 2.3
TL 1790360499.960 225.4 3.5
TL 1790360500.060 322.6 3.7
TL 1790360500.160 164.2 2.6
TL 1790360500.260 131.2 1.8
TL 1790360500.360 118.8 1.8
TL 1790360500.460 192.7 1.7
TL 1790360500.561 655.1 2.3
TL 1790360500.661 224.1 2.4
TL 1790360500.761 214.5 3.4
TL 1790360500.862 310.9 3.5
TL 1790360500.962 143.7 2.4
TL 1790360501.062 336.5 2.7
TL 1790360501.162 135.8 1.9
TL 1790360501.262 745.5 1.5
TL 1790360501.362 139.4 2.0
TL 1790360501.462 471.5 3.2
TL 1790360501.562 269.1 3.6
TL 1790360501.663 367.7 4.0
TL 1790360501.763 405.7 6.4
TL 1790360501.863 102.5 1.2
TL 1790360501.963 97.7 1.8
TL 1790360502.063 104.8 1.7
TL 1790360502.163 92.1 1.5
TL 1790360502.263 52.1 1.4
TL 1790360502.363 93.2 2.4
TL 1790360502.463 101.6 1.8
TL 1790360502.563 91.0 1.5
TL 1790360502.666 2478.2 1.9
TL 1790360502.764 93.9 3.6
TL 1790360502.864 80.1 2.9
TL 1790360502.964 87.1 4.3
TL 1790360503.064 273.3 2.1
TL 1790360503.165 852.8 3.2
TL 1790360503.265 159.6 1.8
TL 1790360503.365 131.0 1.6
TL 1790360503.465 91.5 1.7
TL 1790360503.565 321.7 1.7
TL 1790360503.666 1335.1 2.4
TL 1790360503.766 448.5 5.8
TL 1790360503.866 444.4 2.2
TL 1790360503.966 245.3 4.5
TL 1790360504.066 198.3 2.9
TL 1790360504.166 114.1 1.7
TL 1790360504.266 110.9 1.6
TL 1790360504.366 116.9 3.3
TL 1790360504.466 124.3 2.0
TL 1790360504.566 198.4 1.3
TL 1790360504.667 157.1 2.3
TL 1790360504.767 279.7 3.4
TL 1790360504.867 270.8 3.9
TL 1790360504.967 76.1 1.4
TL 1790360505.067 52.8 1.6
TL 1790360505.167 71.3 2.0
TL 1790360505.267 93.1 1.6
TL 1790360505.367 140.5 1.0
TL 1790360505.467 86.5 1.3
TL 1790360505.568 82.7 1.3
TL 1790360505.670 2496.1 2.6
TL 1790360505.768 131.1 1.5
TL 1790360505.869 319.0 2.1
TL 1790360505.969 287.3 3.9
TL 1790360506.069 268.8 3.0
TL 1790360506.169 190.7 2.0
TL 1790360506.269 126.0 2.0
TL 1790360506.369 131.5 1.6
TL 1790360506.469 101.2 2.4
TL 1790360506.570 77.9 0.9
TL 1790360506.670 136.0 1.3
TL 1790360506.770 128.3 1.6
TL 1790360506.870 378.5 2.2
TL 1790360506.970 299.6 4.0
TL 1790360507.070 225.3 3.0
TL 1790360507.171 131.1 1.5
TL 1790360507.271 79.5 1.4
TL 1790360507.371 83.3 1.7
TL 1790360507.471 192.9 1.2
TL 1790360507.571 121.3 1.5
TL 1790360507.671 110.7 1.2
TL 1790360507.771 61.4 1.3
TL 1790360507.871 82.3 1.5
TL 1790360507.971 109.5 1.5
TL 1790360508.072 77.1 1.8
TL 1790360508.172 236.3 4.0
TL 1790360508.272 342.2 4.6
TL 1790360508.373 688.0 3.4
TL 1790360508.473 342.8 3.5
TL 1790360508.573 131.1 2.0
TL 1790360508.673 162.0 1.1
TL 1790360508.773 132.7 1.6
TL 1790360508.873 97.1 1.5
TL 1790360508.975 1532.4 3.1
TL 1790360509.074 481.2 4.9
TL 1790360509.174 135.7 2.0
TL 1790360509.274 213.0 2.8
TL 1790360509.375 406.1 2.7
TL 1790360509.475 652.2 3.5
TL 1790360509.575 91.7 1.6
TL 1790360509.675 180.4 1.5
TL 1790360509.775 106.5 1.6
TL 1790360509.875 56.1 1.6
TL 1790360509.975 71.4 3.1
TL 1790360510.075 136.3 4.5
TL 1790360510.176 329.8 3.9
TL 1790360510.276 66.0 2.0
TL 1790360510.376 218.7 3.5
TL 1790360510.476 234.0 1.7
TL 1790360510.576 71.0 1.6
TL 1790360510.676 218.1 3.6
TL 1790360510.776 118.2 1.7
TL 1790360510.876 112.0 1.4
TL 1790360510.976 97.1 1.5
TL 1790360511.077 104.8 1.8
TL 1790360511.177 104.2 3.0
TL 1790360511.277 418.4 1.7
TL 1790360511.377 232.0 2.0
TL 1790360511.477 247.1 2.3
TL 1790360511.577 126.0 2.4
TL 1790360511.678 474.5 6.4
TL 1790360511.778 162.8 2.3
TL 1790360511.878 136.8 1.5
TL 1790360511.978 86.5 1.7
TL 1790360512.078 47.8 1.4
TL 1790360512.178 50.0 1.5
TL 1790360512.278 108.4 1.6
TL 1790360512.378 60.1 1.7
TL 1790360512.480 1253.2 3.7
TL 1790360512.579 281.0 3.9
TL 1790360512.679 89.3 1.7
TL 1790360512.779 258.5 2.4
TL 1790360512.879 315.3 3.1
TL 1790360512.979 252.2 2.9
TL 1790360513.080 285.5 3.4
TL 1790360513.180 143.6 1.6
TL 1790360513.280 76.5 1.8
TL 1790360513.380 129.9 2.3
TL 1790360513.480 105.6 2.7
TL 1790360513.581 594.0 4.0
TL 1790360513.681 328.4 3.4
TL 1790360513.781 334.1 3.7
TL 1790360513.881 324.0 2.8
TL 1790360513.981 216.2 1.6
TL 1790360514.081 160.8 2.2
TL 1790360514.182 176.2 1.7
TL 1790360514.282 79.4 1.6
TL 1790360514.384 1868.6 1.4
TL 1790360514.482 129.3 2.8
TL 1790360514.582 425.6 5.0
TL 1790360514.682 284.8 4.0
TL 1790360514.783 296.0 3.9
TL 1790360514.883 238.2 3.3
TL 1790360514.983 279.4 4.1
TL 1790360515.083 121.8 1.8
TL 1790360515.183 161.7 4.7
TL 1790360515.283 134.6 2.0
TL 1790360515.384 259.3 1.4
TL 1790360515.484 283.4 2.2
TL 1790360515.584 194.4 3.6
TL 1790360515.684 525.4 3.8
TL 1790360515.784 250.9 3.8
TL 1790360515.885 350.7 3.6
TL 1790360515.984 80.8 1.5
TL 1790360516.084 51.3 1.6
TL 1790360516.185 71.2 1.6
TL 1790360516.285 91.3 2.0
TL 1790360516.386 1031.7 3.6
TL 1790360516.485 80.3 20.1
TL 1790360516.585 134.1 1.7
TL 1790360516.685 179.6 1.9
TL 1790360516.786 404.5 4.7
TL 1790360516.886 73.0 2.8
TL 1790360516.986 85.5 1.9
TL 1790360517.086 60.6 1.6
TL 1790360517.186 193.4 2.2
TL 1790360517.286 87.1 1.8
TL 1790360517.386 71.4 2.1
TL 1790360517.487 320.9 4.7
TL 1790360517.587 116.8 2.7
TL 1790360517.687 74.4 2.6
TL 1790360517.787 81.9 1.8
TL 1790360517.887 127.7 1.7
TL 1790360517.987 119.5 2.1
TL 1790360518.087 174.2 2.6
TL 1790360518.187 97.1 1.7
TL 1790360518.287 81.3 1.5
TL 1790360518.387 130.4 1.5
TL 1790360518.487 83.6 2.7
TL 1790360518.588 371.2 2.1
TL 1790360518.688 310.5 3.2
TL 1790360518.788 57.2 2.6
TL 1790360518.888 156.7 1.4
TL 1790360518.988 63.7 1.7
TL 1790360519.089 133.0 2.6
TL 1790360519.189 137.1 2.1
TL 1790360519.289 126.8 1.5
TL 1790360519.389 81.5 1.5
TL 1790360519.489 105.6 2.1
TL 1790360519.589 182.3 5.3
TL 1790360519.689 53.7 1.8
TL 1790360519.789 78.5 1.6
TL 1790360519.889 256.5 1.8
TL 1790360519.989 110.4 1.8
TL 1790360520.090 87.0 1.7
TL 1790360520.190 124.8 1.7
TL 1790360520.290 505.3 3.6
TL 1790360520.390 222.6 3.1
TL 1790360520.490 94.1 1.7
TL 1790360520.590 88.0 1.7
TL 1790360520.690 97.2 1.7
TL 1790360520.790 99.8 2.1
TL 1790360520.894 3704.3 1.8
TL 1790360520.991 100.7 1.9
TL 1790360521.091 112.6 1.6
TL 1790360521.191 62.0 1.9
TL 1790360521.291 258.6 4.1
TL 1790360521.391 66.5 1.5
TL 1790360521.492 380.7 6.1
TL 1790360521.592 368.2 3.6
TL 1790360521.692 77.3 1.6
TL 1790360521.792 109.4 1.7
TL 1790360521.892 80.1 1.6
TL 1790360521.992 71.6 1.6
TL 1790360522.092 64.4 1.4
TL 1790360522.192 99.7 2.1
TL 1790360522.293 486.8 2.1
TL 1790360522.393 270.8 3.7
TL 1790360522.493 363.1 3.7
TL 1790360522.593 143.2 2.9
TL 1790360522.693 73.8 0.9
TL 1790360522.793 125.8 2.3
TL 1790360522.893 111.7 1.9
TL 1790360522.993 121.9 2.0
TL 1790360523.093 66.7 1.9
TL 1790360523.194 62.9 1.7
TL 1790360523.294 126.0 3.2
TL 1790360523.394 97.2 2.1
TL 1790360523.494 178.1 1.8
TL 1790360523.596 571.8 4.5
TL 1790360523.696 285.0 2.1
TL 1790360523.797 306.1 3.3
TL 1790360523.897 166.6 1.7
TL 1790360523.997 388.3 3.1
TL 1790360524.097 59.3 1.5
TL 1790360524.197 147.9 2.0
TL 1790360524.297 290.9 1.3
TL 1790360524.397 244.9 1.7
TL 1790360524.497 438.2 3.8
TL 1790360524.597 369.0 4.4
TL 1790360524.697 249.0 4.5
TL 1790360524.798 288.8 3.6
TL 1790360524.898 88.7 1.7
TL 1790360524.998 128.8 1.7
TL 1790360525.098 130.5 1.9
TL 1790360525.198 62.2 1.6
TL 1790360525.298 165.1 1.8
TL 1790360525.399 559.3 2.6
TL 1790360525.499 361.9 4.4
TL 1790360525.599 436.0 3.8
TL 1790360525.699 67.6 3.3
TL 1790360525.799 196.7 1.5
TL 1790360525.899 81.0 1.1
TL 1790360525.999 120.2 2.1
TL 1790360526.099 105.1 1.9
TL 1790360526.199 92.9 1.7
TL 1790360526.300 135.5 2.0
TL 1790360526.405 5220.3 1.5
TL 1790360526.500 130.4 2.9
TL 1790360526.600 327.2 4.6
TL 1790360526.701 341.0 2.5
TL 1790360526.801 154.7 3.3
TL 1790360526.901 246.1 2.7
TL 1790360527.001 107.6 1.8
TL 1790360527.101 59.4 1.7
TL 1790360527.202 85.3 1.9
TL 1790360527.302 73.1 1.8
TL 1790360527.402 74.2 1.8
TL 1790360527.502 462.4 2.6
TL 1790360527.602 471.2 4.4
TL 1790360527.702 360.1 4.1
TL 1790360527.802 59.1 2.9
TL 1790360527.902 183.0 2.3
TL 1790360528.003 109.2 2.2
TL 1790360528.103 312.5 3.5
TL 1790360528.203 168.7 1.7
TL 1790360528.303 86.1 1.8
TL 1790360528.403 104.0 3.0
TL 1790360528.503 120.2 1.6
TL 1790360528.603 90.8 1.6
TL 1790360528.703 97.0 1.9
TL 1790360528.803 121.4 2.0
TL 1790360528.904 364.5 3.6
TL 1790360529.004 339.0 3.3
TL 1790360529.104 297.6 3.0
TL 1790360529.204 102.3 1.9
TL 1790360529.304 82.1 2.1
TL 1790360529.404 109.3 1.6
TL 1790360529.504 116.0 2.0
TL 1790360529.605 327.7 1.7
TL 1790360529.705 688.2 2.3
TL 1790360529.806 1234.3 5.4
TL 1790360529.905 349.3 3.6
TL 1790360530.005 213.7 2.9
TL 1790360530.105 62.2 2.2
TL 1790360530.205 128.7 1.7
TL 1790360530.305 99.2 1.7
TL 1790360530.405 82.8 1.5
TL 1790360530.506 102.4 1.8
TL 1790360530.606 386.9 2.8
TL 1790360530.706 362.6 4.1
TL 1790360530.806 92.4 2.2
TL 1790360530.906 80.6 1.9
TL 1790360531.007 115.2 1.5
TL 1790360531.107 163.7 2.2
TL 1790360531.207 86.9 1.9
TL 1790360531.307 114.8 1.8
TL 1790360531.407 119.3 1.5
TL 1790360531.507 119.3 1.5
TL 1790360531.607 105.7 1.7
TL 1790360531.711 3322.1 2.9
TL 1790360531.808 215.2 4.2
TL 1790360531.908 392.2 4.5
TL 1790360532.008 356.6 2.3
TL 1790360532.108 162.4 1.9
TL 1790360532.208 65.5 1.9
TL 1790360532.309 264.7 2.8
TL 1790360532.408 106.4 1.4
TL 1790360532.509 177.5 1.4
TL 1790360532.609 86.9 1.5
TL 1790360532.710 172.9 2.2
TL 1790360532.810 113.4 2.1
TL 1790360532.910 394.5 2.1
TL 1790360533.010 185.1 2.4
TL 1790360533.111 190.9 2.4
TL 1790360533.211 208.8 2.9
TL 1790360533.311 349.3 3.6
TL 1790360533.411 139.6 1.8
TL 1790360533.511 100.5 3.5
TL 1790360533.612 739.6 3.5
TL 1790360533.712 452.4 5.1
TL 1790360533.812 301.5 4.3
TL 1790360533.912 527.1 3.3
TL 1790360534.012 344.3 3.8
TL 1790360534.112 222.8 3.8
TL 1790360534.213 308.1 3.3
TL 1790360534.313 288.8 4.7
TL 1790360534.413 66.9 1.8
TL 1790360534.513 53.5 1.5
TL 1790360534.613 209.8 2.9
TL 1790360534.713 109.5 2.2
TL 1790360534.813 108.4 2.8
TL 1790360534.914 347.6 4.4
TL 1790360535.014 254.6 4.2
TL 1790360535.114 136.9 3.2
TL 1790360535.214 319.5 4.0
TL 1790360535.314 304.0 3.2
TL 1790360535.414 187.7 1.1
TL 1790360535.514 81.2 1.7
TL 1790360535.619 356.3 8.8
TL 1790360535.720 314.7 3.9
TL 1790360535.820 256.0 4.4
TL 1790360535.920 148.0 1.3
TL 1790360536.022 2267.9 1.9
TL 1790360536.120 519.8 3.5
TL 1790360536.220 334.4 3.6
TL 1790360536.321 732.2 3.9
TL 1790360536.421 354.9 1.9
TL 1790360536.521 280.3 4.0
TL 1790360536.621 240.3 2.7
TL 1790360536.721 72.8 2.1
TL 1790360536.822 949.8 1.8
TL 1790360536.921 125.1 2.0
TL 1790360537.021 62.3 1.8
TL 1790360537.121 92.1 2.1
TL 1790360537.222 215.0 4.3
TL 1790360537.322 425.1 4.7
TL 1790360537.422 249.1 2.4
TL 1790360537.522 326.4 3.2
TL 1790360537.623 268.0 2.5
TL 1790360537.723 99.1 2.6
TL 1790360537.823 254.8 4.4
TL 1790360537.923 182.1 1.0
TL 1790360538.023 87.2 2.3
TL 1790360538.123 295.2 3.0
TL 1790360538.224 1171.9 3.7
TL 1790360538.324 261.4 4.2
TL 1790360538.424 542.2 1.5
TL 1790360538.524 326.6 3.2
TL 1790360538.624 300.9 2.9
TL 1790360538.725 322.9 4.6
TL 1790360538.825 96.0 2.8
TL 1790360538.925 86.3 1.0
TL 1790360539.025 592.2 3.9
TL 1790360539.126 483.3 3.9
TL 1790360539.226 105.7 1.7
TL 1790360539.326 73.5 2.0
TL 1790360539.426 129.9 2.6
TL 1790360539.526 333.1 3.6
TL 1790360539.626 227.4 4.4
TL 1790360539.727 168.0 2.3
TL 1790360539.827 79.1 2.0
TL 1790360539.927 350.1 3.4
TL 1790360540.027 224.3 2.8
TL 1790360540.127 247.6 2.9
TL 1790360540.227 179.2 2.7
TL 1790360540.328 132.1 2.1
TL 1790360540.428 199.5 2.9
TL 1790360540.528 437.3 3.6
TL 1790360540.628 359.8 4.0
TL 1790360540.728 150.4 2.6
TL 1790360540.828 105.1 2.6
TL 1790360540.928 57.5 0.8
TL 1790360541.029 332.2 3.2
TL 1790360541.132 392.4 1.1
TL 1790360541.232 369.5 4.0
TL 1790360541.332 219.3 2.9
TL 1790360541.432 81.3 1.0
TL 1790360541.532 202.1 1.6
TL 1790360541.632 98.6 2.9
TL 1790360541.732 100.8 2.2
TL 1790360541.833 209.2 3.2
TL 1790360541.933 349.4 1.7
TL 1790360542.034 391.9 1.9
TL 1790360542.134 290.7 3.4
TL 1790360542.234 249.9 2.1
TL 1790360542.334 137.6 2.1
TL 1790360542.434 92.8 1.0
TL 1790360542.535 104.6 1.8
TL 1790360542.635 409.9 2.0
TL 1790360542.736 423.7 4.3
TL 1790360542.836 477.7 1.8
TL 1790360542.936 111.8 1.5
TL 1790360543.036 123.7 1.1
TL 1790360543.136 638.3 3.9
TL 1790360543.236 486.6 4.4
TL 1790360543.336 318.3 2.7
TL 1790360543.436 223.2 2.7
TL 1790360543.537 338.1 3.5
TL 1790360543.637 406.2 10.8
TL 1790360543.737 346.6 3.5
TL 1790360543.837 114.1 1.7
TL 1790360543.937 124.8 2.0
TL 1790360544.037 109.5 1.8
TL 1790360544.137 116.9 1.9
TL 1790360544.238 123.3 3.4
TL 1790360544.338 130.3 1.6
TL 1790360544.438 295.1 2.5
TL 1790360544.539 1525.1 1.9
TL 1790360544.638 64.3 1.2
TL 1790360544.738 292.4 3.5
TL 1790360544.839 256.4 2.8
TL 1790360544.939 314.3 2.4
TL 1790360545.039 244.6 3.0
TL 1790360545.139 221.2 3.1
TL 1790360545.239 148.6 1.8
TL 1790360545.339 79.8 2.0
TL 1790360545.439 195.1 2.5
TL 1790360545.540 318.7 1.2
TL 1790360545.640 636.5 3.3
TL 1790360545.740 237.2 2.1
TL 1790360545.840 174.1 2.6
TL 1790360545.940 296.3 3.2
TL 1790360546.040 129.7 1.4
TL 1790360546.141 166.6 3.4
TL 1790360546.241 51.4 2.3
TL 1790360546.341 69.3 1.5
TL 1790360546.441 284.8 2.9
TL 1790360546.541 289.5 2.2
TL 1790360546.642 752.4 3.0
TL 1790360546.741 214.0 3.2
TL 1790360546.842 245.9 3.1
TL 1790360546.942 144.3 2.7
TL 1790360547.042 61.7 2.5
TL 1790360547.142 443.3 2.3
TL 1790360547.242 131.7 1.9
TL 1790360547.342 72.5 3.4
TL 1790360547.442 112.8 1.8
TL 1790360547.542 78.5 1.4
TL 1790360547.642 68.9 1.8
TL 1790360547.743 142.2 1.8
TL 1790360547.843 60.1 3.0
TL 1790360547.943 46.0 1.5
TL 1790360548.043 94.5 1.6
TL 1790360548.143 72.7 2.3
TL 1790360548.243 256.6 1.7
TL 1790360548.343 57.6 1.5
TL 1790360548.443 62.4 2.9
TL 1790360548.543 80.7 3.0
TL 1790360548.643 43.6 2.1
TL 1790360548.744 50.4 1.4
TL 1790360548.844 207.2 1.5
TL 1790360548.944 386.8 2.1
TL 1790360549.044 73.9 1.6
TL 1790360549.144 120.5 2.0
TL 1790360549.244 139.8 2.1
TL 1790360549.344 123.5 3.2
TL 1790360549.444 67.5 2.2
TL 1790360549.545 145.8 0.6
TL 1790360549.645 239.6 2.3
TL 1790360549.745 277.6 4.7
TL 1790360549.845 310.5 3.7
TL 1790360549.945 244.0 2.8
TL 1790360550.046 206.2 3.2
TL 1790360550.146 50.5 1.6
TL 1790360550.246 277.7 1.2
TL 1790360550.346 351.8 4.4
TL 1790360550.446 157.7 1.2
TL 1790360550.546 145.9 2.2
TL 1790360550.646 111.8 1.8
TL 1790360550.746 111.5 2.0
TL 1790360550.847 95.8 3.1
TL 1790360550.947 64.6 2.2
TL 1790360551.047 54.5 2.7
TL 1790360551.147 85.1 0.9
TL 1790360551.247 64.0 3.1
TL 1790360551.347 69.3 2.3
TL 1790360551.448 76.8 3.2
TL 1790360551.548 624.9 3.2
TL 1790360551.648 100.2 2.7
TL 1790360551.748 68.0 1.7
TL 1790360551.848 55.5 2.4
TL 1790360551.948 96.1 1.4
TL 1790360552.048 83.1 1.8
TL 1790360552.149 255.3 2.8
TL 1790360552.249 60.0 1.6
TL 1790360552.349 85.9 1.9
TL 1790360552.449 139.1 2.1
TL 1790360552.549 87.0 2.4
TL 1790360552.649 60.6 3.2
TL 1790360552.749 77.9 3.0
TL 1790360552.849 73.6 1.5
TL 1790360552.949 80.8 1.4
TL 1790360553.050 59.9 1.8
TL 1790360553.150 78.6 3.9
TL 1790360553.250 62.1 1.6
TL 1790360553.350 325.7 4.7
TL 1790360553.450 87.2 0.9
TL 1790360553.551 424.3 2.9
TL 1790360553.651 190.6 2.1
TL 1790360553.751 331.1 3.5
TL 1790360553.851 166.3 2.3
TL 1790360553.951 91.3 0.8
TL 1790360554.052 433.6 3.2
TL 1790360554.152 309.9 2.8
TL 1790360554.252 163.0 3.7
TL 1790360554.352 209.8 2.6
TL 1790360554.452 388.4 1.9
TL 1790360554.552 309.5 3.5
TL 1790360554.653 301.8 4.0
TL 1790360554.753 715.4 2.7
TL 1790360554.853 278.4 2.7
TL 1790360554.953 81.3 1.5
TL 1790360555.053 119.7 1.7
TL 1790360555.153 143.3 2.3
TL 1790360555.253 191.7 3.1
TL 1790360555.354 181.5 1.9
TL 1790360555.454 205.3 2.9
TL 1790360555.555 367.0 3.2
TL 1790360555.655 259.1 3.4
TL 1790360555.755 341.8 3.5
TL 1790360555.855 179.1 2.9
TL 1790360555.955 327.2 2.4
TL 1790360556.055 106.4 1.6
TL 1790360556.155 123.5 2.0
TL 1790360556.255 287.1 3.3
TL 1790360556.355 112.8 1.6
TL 1790360556.456 484.4 1.9
TL 1790360556.556 404.6 2.0
TL 1790360556.656 238.3 3.0
TL 1790360556.756 211.5 1.4
TL 1790360556.856 47.6 0.6
TL 1790360556.956 200.1 2.9
TL 1790360557.056 59.1 1.2
TL 1790360557.157 283.2 3.0
TL 1790360557.257 228.6 2.7
TL 1790360557.357 222.3 2.3
TL 1790360557.457 267.0 3.0
TL 1790360557.557 227.9 1.9
TL 1790360557.657 224.4 3.5
TL 1790360557.757 303.3 3.1
TL 1790360557.857 93.0 1.6
TL 1790360557.957 185.9 2.8
TL 1790360558.057 71.9 0.7
TL 1790360558.158 309.1 3.0
TL 1790360558.258 270.9 3.4
TL 1790360558.358 350.2 2.9
TL 1790360558.458 71.0 1.4
TL 1790360558.558 155.6 3.0
TL 1790360558.658 146.5 1.7
TL 1790360558.758 132.7 1.2
TL 1790360558.859 93.9 1.4
TL 1790360558.959 70.7 0.5
TL 1790360559.059 228.1 2.1
TL 1790360559.159 130.4 1.3
TL 1790360559.259 321.6 5.7
TL 1790360559.360 396.1 2.6
TL 1790360559.460 382.9 3.1
TL 1790360559.560 106.3 1.7
TL 1790360559.660 200.7 1.9
TL 1790360559.760 123.2 1.6
TL 1790360559.861 225.7 1.9
TL 1790360559.961 320.3 2.4
TL 1790360560.061 320.6 2.8
TL 1790360560.161 291.9 4.0
TL 1790360560.262 317.1 2.8
TL 1790360560.362 193.2 2.2
TL 1790360560.462 292.3 3.3
TL 1790360560.562 69.3 1.5
TL 1790360560.662 79.6 2.2
TL 1790360560.762 529.8 2.9
TL 1790360560.863 513.2 2.7
TL 1790360560.962 247.7 1.6
TL 1790360561.063 273.4 2.5
TL 1790360561.163 267.3 4.1
TL 1790360561.263 337.7 4.2
TL 1790360561.363 349.0 4.7
TL 1790360561.463 197.4 2.7
TL 1790360561.563 96.1 1.3
TL 1790360561.663 62.9 1.5
TL 1790360561.764 365.9 1.3
TL 1790360561.864 254.8 2.5
TL 1790360561.964 289.7 2.2
TL 1790360562.065 605.3 3.1
TL 1790360562.165 340.4 3.5
TL 1790360562.266 323.3 3.5
TL 1790360562.366 381.0 3.3
TL 1790360562.466 148.3 0.8
TL 1790360562.566 52.4 1.0
TL 1790360562.666 192.6 1.7
TL 1790360562.766 309.5 3.7
TL 1790360562.867 247.6 2.9
TL 1790360562.967 237.6 0.8
TL 1790360563.067 77.2 1.2
TL 1790360563.167 80.1 1.7
TL 1790360563.267 79.6 2.5
TL 1790360563.368 214.4 2.2
TL 1790360563.467 53.6 0.5
TL 1790360563.568 224.9 2.7
TL 1790360563.668 316.4 3.1
TL 1790360563.768 245.1 4.0
TL 1790360563.868 277.1 3.1
TL 1790360563.969 138.4 1.2
TL 1790360564.069 415.2 2.9
TL 1790360564.169 124.5 1.7
TL 1790360564.269 71.0 3.5
TL 1790360564.369 238.4 3.5
TL 1790360564.470 380.9 1.9
TL 1790360564.570 254.3 3.9
TL 1790360564.670 355.3 3.2
TL 1790360564.770 67.7 2.1
TL 1790360564.870 202.9 3.5
TL 1790360564.970 108.9 1.1
TL 1790360565.070 239.9 3.6
TL 1790360565.170 91.9 1.7
TL 1790360565.270 81.4 1.8
TL 1790360565.370 83.1 1.9
TL 1790360565.471 384.0 3.4
TL 1790360565.571 280.7 2.4
TL 1790360565.671 244.0 3.7
TL 1790360565.771 237.3 3.5
TL 1790360565.872 116.4 1.5
TL 1790360565.972 264.5 2.3
TL 1790360566.072 77.8 1.4
TL 1790360566.172 278.6 3.4
TL 1790360566.272 343.3 3.7
TL 1790360566.372 144.5 2.1
TL 1790360566.473 290.5 3.9
TL 1790360566.573 296.6 3.5
TL 1790360566.673 309.2 3.5
TL 1790360566.773 184.9 3.5
TL 1790360566.873 124.5 1.7
TL 1790360566.973 118.5 1.6
TL 1790360567.073 109.2 1.8
TL 1790360567.174 325.3 3.7
TL 1790360567.274 353.6 3.8
TL 1790360567.374 357.3 4.3
TL 1790360567.474 189.2 2.6
TL 1790360567.574 330.5 5.5
TL 1790360567.675 194.8 4.0
TL 1790360567.775 167.7 3.3
TL 1790360567.875 94.2 1.4
TL 1790360567.975 99.2 2.3
TL 1790360568.075 195.2 2.5
TL 1790360568.175 134.7 2.3
TL 1790360568.275 119.9 2.0
TL 1790360568.377 408.3 4.1
TL 1790360568.476 94.8 1.1
TL 1790360568.577 175.4 2.9
TL 1790360568.677 267.1 2.9
TL 1790360568.778 241.9 3.4
TL 1790360568.878 256.3 4.0
TL 1790360568.978 60.1 1.4
TL 1790360569.079 362.2 3.3
TL 1790360569.179 120.5 2.1
TL 1790360569.279 305.9 3.9
TL 1790360569.380 412.7 3.9
TL 1790360569.480 260.7 1.8
TL 1790360569.580 66.3 1.7
TL 1790360569.680 303.0 2.7
TL 1790360569.780 314.3 2.6
TL 1790360569.880 274.1 3.6
TL 1790360569.981 345.5 2.8
TL 1790360570.081 358.2 3.1
TL 1790360570.181 230.9 3.6
TL 1790360570.281 212.7 3.6
TL 1790360570.381 249.8 3.6
TL 1790360570.481 153.3 1.5
TL 1790360570.582 79.0 0.9
TL 1790360570.682 174.0 3.6
TL 1790360570.782 349.6 5.5
TL 1790360570.882 274.6 4.4
TL 1790360570.982 235.4 2.0
TL 1790360571.082 55.4 1.8
TL 1790360571.183 268.8 3.5
TL 1790360571.283 424.1 3.8
TL 1790360571.383 328.2 3.1
TL 1790360571.483 220.8 1.6
TL 1790360571.583 81.7 0.9
TL 1790360571.684 398.7 2.5
TL 1790360571.784 881.2 4.7
TL 1790360571.884 350.1 3.2
TL 1790360571.985 349.1 3.2
TL 1790360572.085 177.1 3.0
TL 1790360572.185 327.4 4.4
TL 1790360572.285 250.2 4.1
TL 1790360572.385 99.9 1.5
TL 1790360572.485 75.8 0.9
TL 1790360572.586 653.1 2.0
TL 1790360572.686 282.0 4.2
TL 1790360572.786 345.2 2.9
TL 1790360572.886 255.1 2.1
TL 1790360572.986 288.3 1.8
TL 1790360573.086 322.9 56.3
TL 1790360573.187 583.4 1.1
TL 1790360573.286 76.8 1.0
TL 1790360573.387 306.0 3.4
TL 1790360573.487 289.3 3.4
TL 1790360573.587 318.4 2.9
TL 1790360573.687 234.5 2.6
TL 1790360573.787 166.1 2.4
TL 1790360573.888 315.1 3.4
TL 1790360573.988 254.7 3.3
TL 1790360574.088 176.8 2.9
TL 1790360574.188 352.8 3.3
TL 1790360574.288 111.1 1.2
TL 1790360574.389 683.7 2.2
TL 1790360574.488 237.0 3.5
TL 1790360574.589 325.1 2.3
TL 1790360574.689 256.6 3.5
TL 1790360574.789 310.5 3.8
TL 1790360574.889 104.9 1.6
TL 1790360574.990 271.0 2.3
TL 1790360575.090 309.8 3.5
TL 1790360575.190 104.7 2.2
TL 1790360575.290 53.2 2.3
TL 1790360575.391 238.7 3.0
TL 1790360575.491 183.3 3.0
TL 1790360575.592 394.4 2.7
TL 1790360575.692 397.2 1.4
TL 1790360575.792 289.1 3.4
TL 1790360575.892 198.8 3.4
TL 1790360575.992 301.4 2.1
TL 1790360576.092 75.1 1.5
TL 1790360576.192 67.3 1.3
TL 1790360576.292 87.4 2.3
TL 1790360576.393 241.8 3.0
TL 1790360576.493 491.7 2.8
TL 1790360576.593 254.9 2.9
TL 1790360576.693 266.0 2.8
TL 1790360576.793 267.2 2.9
TL 1790360576.893 205.8 3.1
TL 1790360576.993 198.9 1.7
TL 1790360577.094 164.9 2.5
TL 1790360577.194 167.4 2.9
TL 1790360577.294 267.0 2.7
TL 1790360577.394 49.1 1.4
TL 1790360577.494 448.0 2.6
TL 1790360577.594 265.4 2.1
TL 1790360577.694 287.7 3.1
TL 1790360577.795 227.2 3.7
TL 1790360577.895 311.5 4.1
TL 1790360577.995 123.1 1.5
TL 1790360578.095 64.6 0.8
TL 1790360578.195 323.4 3.4
TL 1790360578.296 227.4 2.3
TL 1790360578.396 197.0 2.9
TL 1790360578.496 292.0 4.2
TL 1790360578.597 352.2 3.2
TL 1790360578.697 195.5 1.3
TL 1790360578.797 81.9 2.7
TL 1790360578.897 210.3 2.1
TL 1790360578.997 336.8 2.9
TL 1790360579.097 249.4 2.7
TL 1790360579.198 197.3 2.6
TL 1790360579.298 238.9 3.4
TL 1790360579.398 258.0 3.3
TL 1790360579.498 95.8 2.1
TL 1790360579.598 202.0 3.1
TL 1790360579.698 239.2 1.9
TL 1790360579.798 116.8 1.4
TL 1790360579.899 281.9 2.9
TL 1790360579.999 430.1 2.1
TL 1790360580.099 400.7 4.8
TL 1790360580.200 334.5 3.5
TL 1790360580.300 299.8 1.6
TL 1790360580.400 343.8 3.0
TL 1790360580.500 218.0 3.5
TL 1790360580.600 178.5 2.6
TL 1790360580.701 93.3 1.6
TL 1790360580.801 262.9 3.4
TL 1790360580.901 110.1 1.3
TL 1790360581.002 416.8 3.1
TL 1790360581.102 324.9 3.6
TL 1790360581.202 112.2 1.2
TL 1790360581.302 233.4 3.4
TL 1790360581.402 116.2 1.4
TL 1790360581.502 199.2 2.4
TL 1790360581.602 47.9 1.4
TL 1790360581.702 145.9 1.7
TL 1790360581.803 257.2 2.3
TL 1790360581.903 273.1 3.0
TL 1790360582.003 294.9 2.7
TL 1790360582.103 229.0 3.0
TL 1790360582.203 333.8 2.9
TL 1790360582.303 327.9 4.2
TL 1790360582.404 291.6 3.0
TL 1790360582.504 298.2 3.3
TL 1790360582.604 110.4 1.8
TL 1790360582.704 315.9 3.9
TL 1790360582.804 184.1 3.5
TL 1790360582.905 255.2 2.8
TL 1790360583.005 218.2 2.4
TL 1790360583.105 286.6 3.1
TL 1790360583.205 216.7 3.2
TL 1790360583.305 227.3 3.0
TL 1790360583.405 63.1 0.6
TL 1790360583.506 415.3 3.0
TL 1790360583.606 297.1 3.7
TL 1790360583.705 57.8 2.1
TL 1790360583.806 157.1 2.1
TL 1790360583.906 329.1 3.0
TL 1790360584.006 133.9 1.9
TL 1790360584.106 342.9 3.7
TL 1790360584.206 163.7 2.0
TL 1790360584.307 192.9 2.1
TL 1790360584.407 619.3 3.9
TL 1790360584.507 272.9 3.3
TL 1790360584.609 445.4 3.6
TL 1790360584.709 318.9 4.1
TL 1790360584.809 316.9 3.9
TL 1790360584.910 301.5 3.8
TL 1790360585.010 235.6 2.3
TL 1790360585.110 100.4 1.5
TL 1790360585.210 90.8 1.0
TL 1790360585.310 299.9 4.9
TL 1790360585.410 248.0 2.9
TL 1790360585.510 343.3 4.7
TL 1790360585.611 267.2 3.6
TL 1790360585.711 261.7 3.9
TL 1790360585.811 90.4 0.9
TL 1790360585.911 339.5 4.5
TL 1790360586.011 199.2 3.2
TL 1790360586.111 214.7 3.2
TL 1790360586.211 80.7 2.2
TL 1790360586.312 872.1 2.7
TL 1790360586.412 317.3 2.4
TL 1790360586.513 738.0 2.4
TL 1790360586.613 188.6 3.1
TL 1790360586.713 342.0 5.4
TL 1790360586.813 184.1 0.8
TL 1790360586.913 320.6 4.5
TL 1790360587.013 111.4 1.6
TL 1790360587.113 74.6 1.7
TL 1790360587.214 356.2 3.8
TL 1790360587.314 661.2 3.4
TL 1790360587.415 754.0 5.0
TL 1790360587.516 1627.3 1.6
TL 1790360587.615 474.4 3.6
TL 1790360587.715 309.2 3.9
TL 1790360587.815 81.9 1.8
TL 1790360587.915 48.7 1.6
TL 1790360588.015 59.1 2.8
TL 1790360588.115 76.2 1.5
TL 1790360588.215 80.6 1.8
TL 1790360588.315 188.9 2.1
TL 1790360588.415 53.0 1.2
TL 1790360588.516 132.9 1.6
TL 1790360588.616 107.9 1.3
TL 1790360588.716 57.5 1.8
TL 1790360588.816 78.7 1.5
TL 1790360588.916 54.3 1.2
TL 1790360589.016 119.9 2.4
TL 1790360589.116 120.7 3.0
TL 1790360589.216 61.6 1.2
TL 1790360589.316 76.7 2.3
TL 1790360589.417 145.4 1.6
TL 1790360589.517 61.6 1.3
TL 1790360589.617 320.7 3.2
TL 1790360589.717 338.4 4.2
TL 1790360589.818 260.4 2.6
TL 1790360589.918 158.3 2.3
TL 1790360590.018 104.9 0.5
TL 1790360590.118 112.2 1.8
TL 1790360590.218 186.1 1.5
TL 1790360590.318 89.6 1.4
TL 1790360590.419 377.9 2.6
TL 1790360590.519 274.7 1.9
TL 1790360590.619 157.6 0.7
TL 1790360590.719 115.9 1.0
TL 1790360590.819 76.6 1.1
TL 1790360590.919 148.6 2.0
TL 1790360591.019 239.7 1.4
TL 1790360591.119 82.4 2.0
TL 1790360591.219 80.3 2.6
TL 1790360591.319 76.1 1.9
TL 1790360591.419 52.0 1.2
