TL 1790361146.239 222.9 1.5
TL 1790361146.339 161.4 1.1
TL 1790361146.439 142.2 1.5
TL 1790361146.539 64.3 1.3
TL 1790361146.640 436.0 3.1
TL 1790361146.740 151.1 1.6
TL 1790361146.840 219.7 2.8
TL 1790361146.941 338.1 3.9
TL 1790361147.040 62.7 1.5
TL 1790361147.141 237.0 2.4
TL 1790361147.241 248.0 1.4
TL 1790361147.341 329.7 2.1
TL 1790361147.441 575.7 2.8
TL 1790361147.541 283.2 2.0
TL 1790361147.642 253.0 5.0
TL 1790361147.742 293.4 1.5
TL 1790361147.842 218.8 4.0
TL 1790361147.942 69.5 0.7
TL 1790361148.042 344.1 3.5
TL 1790361148.143 444.5 4.4
TL 1790361148.243 339.9 2.9
TL 1790361148.343 201.2 3.3
TL 1790361148.443 71.4 1.0
TL 1790361148.543 309.3 1.8
TL 1790361148.643 108.6 1.4
TL 1790361148.744 204.6 1.9
TL 1790361148.844 385.8 2.9
TL 1790361148.944 197.6 2.6
TL 1790361149.044 268.9 3.1
TL 1790361149.144 89.5 1.1
TL 1790361149.244 148.5 1.4
TL 1790361149.344 113.8 1.7
TL 1790361149.444 153.6 2.2
TL 1790361149.545 111.5 2.6
TL 1790361149.645 200.2 2.3
TL 1790361149.745 313.7 1.4
TL 1790361149.845 284.6 3.3
TL 1790361149.945 336.6 3.3
TL 1790361150.046 437.5 2.6
TL 1790361150.146 208.5 2.9
TL 1790361150.246 307.9 4.1
TL 1790361150.346 365.1 4.0
TL 1790361150.446 189.6 2.9
TL 1790361150.546 73.8 0.8
TL 1790361150.646 220.4 3.2
TL 1790361150.746 74.7 1.0
TL 1790361150.847 339.1 4.9
TL 1790361150.947 251.0 3.5
TL 1790361151.048 252.3 3.4
TL 1790361151.148 259.5 2.1
TL 1790361151.248 179.7 0.7
TL 1790361151.348 183.1 2.2
TL 1790361151.448 89.3 3.3
TL 1790361151.548 164.9 1.4
TL 1790361151.648 223.5 2.2
TL 1790361151.748 284.7 1.6
TL 1790361151.849 310.8 2.7
TL 1790361151.949 113.0 1.4
TL 1790361152.049 366.8 2.7
TL 1790361152.149 277.7 3.0
TL 1790361152.249 261.9 2.8
TL 1790361152.349 309.9 1.1
TL 1790361152.450 152.7 3.9
TL 1790361152.550 133.8 1.2
TL 1790361152.650 66.5 1.1
TL 1790361152.750 78.4 1.5
TL 1790361152.850 40.4 1.7
TL 1790361152.950 205.4 2.0
TL 1790361153.050 84.2 2.7
TL 1790361153.150 103.4 4.2
TL 1790361153.251 77.4 0.8
TL 1790361153.351 93.8 1.3
TL 1790361153.451 99.8 2.2
TL 1790361153.552 746.5 3.9
TL 1790361153.651 86.9 2.2
TL 1790361153.751 76.7 2.2
TL 1790361153.852 120.2 3.5
TL 1790361153.952 69.4 2.7
TL 1790361154.052 118.9 2.1
TL 1790361154.152 72.1 2.0
TL 1790361154.254 1700.6 1.7
TL 1790361154.352 115.9 1.7
TL 1790361154.452 112.9 1.9
TL 1790361154.552 73.8 3.1
TL 1790361154.653 69.2 3.3
TL 1790361154.753 76.1 1.5
TL 1790361154.853 219.0 1.3
TL 1790361154.953 72.4 2.1
TL 1790361155.053 67.4 1.6
TL 1790361155.153 80.2 3.1
TL 1790361155.253 99.9 2.1
TL 1790361155.356 2385.8 1.0
TL 1790361155.454 770.2 1.8
TL 1790361155.561 7373.4 1.7
TL 1790361155.654 109.4 1.4
TL 1790361155.754 100.9 0.7
TL 1790361155.854 140.8 1.6
TL 1790361155.954 61.1 1.1
TL 1790361156.054 111.5 3.3
TL 1790361156.155 117.8 1.4
TL 1790361156.256 1156.1 0.9
TL 1790361156.355 209.2 1.8
TL 1790361156.455 157.9 3.4
TL 1790361156.555 60.2 1.5
TL 1790361156.664 8916.4 2.1
TL 1790361156.755 166.3 1.0
TL 1790361156.856 371.5 3.0
TL 1790361156.956 103.8 1.8
TL 1790361157.056 88.9 1.8
TL 1790361157.156 432.6 2.0
TL 1790361157.256 321.9 2.9
TL 1790361157.357 472.3 2.6
TL 1790361157.456 116.9 1.8
TL 1790361157.556 95.3 2.8
TL 1790361157.657 151.5 2.0
TL 1790361157.757 327.8 3.4
TL 1790361157.857 104.3 1.9
TL 1790361157.957 278.0 2.3
TL 1790361158.057 140.8 1.9
TL 1790361158.157 163.6 2.0
TL 1790361158.258 628.9 3.4
TL 1790361158.358 174.1 1.7
TL 1790361158.458 521.2 3.9
TL 1790361158.559 831.4 3.4
TL 1790361158.658 167.6 2.2
TL 1790361158.758 180.9 1.9
TL 1790361158.859 154.4 1.9
TL 1790361158.959 399.3 7.7
TL 1790361159.059 316.6 3.2
TL 1790361159.159 130.2 2.1
TL 1790361159.259 230.1 2.6
TL 1790361159.360 212.3 2.4
TL 1790361159.460 110.3 0.9
TL 1790361159.560 221.9 2.3
TL 1790361159.660 106.0 3.3
TL 1790361159.760 231.3 2.6
TL 1790361159.860 100.5 2.2
TL 1790361159.961 388.6 3.7
TL 1790361160.061 254.2 4.4
TL 1790361160.161 391.9 4.3
TL 1790361160.261 130.7 1.2
TL 1790361160.361 75.3 1.2
TL 1790361160.463 1874.4 4.3
TL 1790361160.562 329.7 4.2
TL 1790361160.662 581.3 3.2
TL 1790361160.762 83.7 0.7
TL 1790361160.862 132.2 2.4
TL 1790361160.962 254.4 4.4
TL 1790361161.063 329.1 3.5
TL 1790361161.163 218.6 3.2
TL 1790361161.263 218.6 0.9
TL 1790361161.363 86.8 2.3
TL 1790361161.464 371.6 3.1
TL 1790361161.564 190.0 2.3
TL 1790361161.664 185.3 2.8
TL 1790361161.764 428.8 1.6
TL 1790361161.864 102.8 1.9
TL 1790361161.964 134.7 4.0
TL 1790361162.064 78.6 2.7
TL 1790361162.165 232.1 1.6
TL 1790361162.265 116.2 0.6
TL 1790361162.365 156.7 2.2
TL 1790361162.465 248.2 2.7
TL 1790361162.566 318.8 2.7
TL 1790361162.666 193.3 2.5
TL 1790361162.766 402.6 2.7
TL 1790361162.866 259.1 2.8
TL 1790361162.967 329.8 5.3
TL 1790361163.067 179.7 1.9
TL 1790361163.167 78.6 1.4
TL 1790361163.267 299.5 2.3
TL 1790361163.367 346.8 4.1
TL 1790361163.467 78.1 1.3
TL 1790361163.567 81.4 1.4
TL 1790361163.668 343.6 4.0
TL 1790361163.769 867.5 2.0
TL 1790361163.868 281.3 3.2
TL 1790361163.969 364.0 2.6
TL 1790361164.069 397.4 3.4
TL 1790361164.169 67.0 2.4
TL 1790361164.269 168.5 1.4
TL 1790361164.369 110.2 2.3
TL 1790361164.469 119.2 2.7
TL 1790361164.570 377.2 5.1
TL 1790361164.670 459.5 4.3
TL 1790361164.770 315.9 2.5
TL 1790361164.871 443.9 4.2
TL 1790361164.971 512.6 2.6
TL 1790361165.071 262.3 4.2
TL 1790361165.171 272.9 3.4
TL 1790361165.271 142.6 0.7
TL 1790361165.371 141.3 1.1
TL 1790361165.472 511.3 3.0
TL 1790361165.571 135.9 1.5
TL 1790361165.672 268.3 3.1
TL 1790361165.772 259.2 1.6
TL 1790361165.872 385.1 2.6
TL 1790361165.972 372.3 3.1
TL 1790361166.073 406.7 3.0
TL 1790361166.172 115.3 1.8
TL 1790361166.273 463.6 2.2
TL 1790361166.373 298.0 2.2
TL 1790361166.473 83.2 2.8
TL 1790361166.573 87.3 3.2
TL 1790361166.673 103.3 1.5
TL 1790361166.774 322.7 3.4
TL 1790361166.874 252.2 4.4
TL 1790361166.974 238.1 3.2
TL 1790361167.074 111.2 1.4
TL 1790361167.174 65.1 1.9
TL 1790361167.274 350.1 1.8
TL 1790361167.375 331.6 2.5
TL 1790361167.475 372.7 2.3
TL 1790361167.575 399.7 2.1
TL 1790361167.675 327.2 4.2
TL 1790361167.775 364.7 3.8
TL 1790361167.875 351.9 5.4
TL 1790361167.976 543.2 3.1
TL 1790361168.075 132.6 2.0
TL 1790361168.175 89.4 0.7
TL 1790361168.276 401.5 1.7
TL 1790361168.376 282.8 3.5
TL 1790361168.476 393.4 3.3
TL 1790361168.576 181.4 0.9
TL 1790361168.676 84.0 3.1
TL 1790361168.776 58.3 1.7
TL 1790361168.876 86.1 3.7
TL 1790361168.977 216.2 2.9
TL 1790361169.077 365.7 3.2
TL 1790361169.177 283.3 5.0
TL 1790361169.277 54.6 0.6
TL 1790361169.377 82.8 1.8
TL 1790361169.478 378.4 3.0
TL 1790361169.578 507.1 2.4
TL 1790361169.678 276.3 3.6
TL 1790361169.778 356.8 2.9
TL 1790361169.878 352.8 3.5
TL 1790361169.979 339.0 3.7
TL 1790361170.079 336.4 5.7
TL 1790361170.180 733.2 4.8
TL 1790361170.279 87.2 0.5
TL 1790361170.379 99.1 1.8
TL 1790361170.480 371.0 3.4
TL 1790361170.580 282.9 1.7
TL 1790361170.680 417.2 4.1
TL 1790361170.781 399.8 1.8
TL 1790361170.881 136.3 1.2
TL 1790361170.982 1872.6 3.0
TL 1790361171.081 194.5 2.1
TL 1790361171.181 86.6 1.5
TL 1790361171.281 140.9 16.8
TL 1790361171.381 73.4 0.7
TL 1790361171.482 291.6 2.0
TL 1790361171.582 418.4 1.9
TL 1790361171.682 304.4 2.0
TL 1790361171.783 379.3 2.2
TL 1790361171.883 345.6 3.7
TL 1790361171.983 304.3 4.1
TL 1790361172.084 360.6 1.8
TL 1790361172.184 148.3 1.7
TL 1790361172.284 101.8 1.4
TL 1790361172.384 454.6 4.9
TL 1790361172.485 342.4 4.6
TL 1790361172.585 206.7 3.7
TL 1790361172.685 265.8 4.0
TL 1790361172.785 125.4 0.9
TL 1790361172.885 160.3 2.6
TL 1790361172.985 50.3 1.9
TL 1790361173.085 245.6 3.4
TL 1790361173.185 277.3 3.5
TL 1790361173.285 62.5 2.2
TL 1790361173.386 104.8 3.0
TL 1790361173.486 107.8 1.8
TL 1790361173.587 272.2 4.1
TL 1790361173.687 337.6 4.9
TL 1790361173.787 361.1 1.2
TL 1790361173.887 263.9 3.1
TL 1790361173.987 169.3 1.8
TL 1790361174.088 340.2 3.1
TL 1790361174.188 454.4 3.9
TL 1790361174.288 285.1 2.1
TL 1790361174.388 416.8 3.2
TL 1790361174.488 304.2 3.1
TL 1790361174.589 245.8 3.6
TL 1790361174.690 901.6 4.9
TL 1790361174.789 282.3 1.9
TL 1790361174.889 136.1 1.8
TL 1790361174.989 62.0 0.7
TL 1790361175.089 55.1 1.2
TL 1790361175.190 375.6 3.9
TL 1790361175.290 294.6 3.4
TL 1790361175.390 255.9 4.2
TL 1790361175.491 363.1 1.6
TL 1790361175.590 98.0 1.9
TL 1790361175.691 109.9 1.4
TL 1790361175.791 248.7 3.2
TL 1790361175.891 284.6 5.4
TL 1790361175.991 375.8 3.4
TL 1790361176.092 333.9 5.1
TL 1790361176.192 347.6 4.2
TL 1790361176.292 329.5 3.2
TL 1790361176.392 298.0 3.5
TL 1790361176.493 182.1 2.7
TL 1790361176.593 156.1 1.3
TL 1790361176.693 114.7 3.7
TL 1790361176.793 111.8 0.9
TL 1790361176.893 72.8 1.4
TL 1790361176.993 59.7 1.7
TL 1790361177.093 75.4 3.0
TL 1790361177.194 91.5 3.2
TL 1790361177.294 69.9 1.9
TL 1790361177.394 72.3 1.2
TL 1790361177.494 79.9 1.8
TL 1790361177.594 154.1 2.9
TL 1790361177.694 102.9 3.3
TL 1790361177.795 80.3 1.6
TL 1790361177.895 165.9 2.3
TL 1790361177.995 151.1 2.8
TL 1790361178.095 115.2 1.9
TL 1790361178.195 57.9 1.8
TL 1790361178.295 101.2 0.8
TL 1790361178.395 70.9 1.3
TL 1790361178.496 153.6 1.9
TL 1790361178.596 110.9 1.8
TL 1790361178.696 56.7 1.3
TL 1790361178.797 761.6 1.0
TL 1790361178.896 220.7 1.5
TL 1790361178.996 92.8 3.3
TL 1790361179.096 77.3 1.7
TL 1790361179.197 152.3 2.4
TL 1790361179.297 186.3 2.2
TL 1790361179.397 338.5 4.2
TL 1790361179.498 294.2 4.3
TL 1790361179.598 473.1 4.4
TL 1790361179.698 253.9 4.4
TL 1790361179.798 144.8 1.2
TL 1790361179.898 188.6 3.9
TL 1790361179.999 402.0 4.8
TL 1790361180.099 77.3 2.6
TL 1790361180.199 79.7 2.3
TL 1790361180.299 116.5 1.2
TL 1790361180.399 44.6 2.4
TL 1790361180.499 302.9 5.2
TL 1790361180.600 483.0 4.3
TL 1790361180.700 199.4 2.2
TL 1790361180.800 91.7 1.1
TL 1790361180.901 920.5 3.3
TL 1790361181.000 320.4 4.4
TL 1790361181.100 235.6 4.0
TL 1790361181.200 153.2 1.6
TL 1790361181.301 286.5 2.6
TL 1790361181.401 101.0 10.7
TL 1790361181.501 94.6 2.1
TL 1790361181.601 82.4 2.2
TL 1790361181.701 319.8 5.1
TL 1790361181.801 320.8 1.7
TL 1790361181.902 392.6 4.3
TL 1790361182.002 255.2 3.6
TL 1790361182.102 256.9 4.0
TL 1790361182.202 384.8 6.3
TL 1790361182.304 1248.2 3.0
TL 1790361182.403 51.9 1.7
TL 1790361182.503 77.4 2.1
TL 1790361182.603 67.4 2.6
TL 1790361182.703 332.7 3.7
TL 1790361182.803 206.5 2.0
TL 1790361182.904 376.4 3.5
TL 1790361183.004 410.4 2.2
TL 1790361183.104 614.1 5.6
TL 1790361183.205 1218.2 4.7
TL 1790361183.305 410.2 3.9
TL 1790361183.405 101.5 1.6
TL 1790361183.505 120.5 2.0
TL 1790361183.605 231.1 1.6
TL 1790361183.705 81.7 1.5
TL 1790361183.807 1195.8 1.8
TL 1790361183.906 86.5 4.4
TL 1790361184.006 64.9 3.4
TL 1790361184.106 170.7 1.9
TL 1790361184.206 85.2 2.3
TL 1790361184.306 150.7 1.6
TL 1790361184.407 164.5 3.0
TL 1790361184.507 107.7 2.4
TL 1790361184.607 93.8 2.1
TL 1790361184.707 111.4 2.2
TL 1790361184.807 84.4 1.3
TL 1790361184.907 77.9 2.0
TL 1790361185.007 84.4 2.1
TL 1790361185.108 558.9 3.6
TL 1790361185.209 821.3 4.6
TL 1790361185.308 526.1 2.9
TL 1790361185.408 272.9 3.6
TL 1790361185.509 326.1 4.7
TL 1790361185.609 242.0 4.9
TL 1790361185.709 283.8 3.5
TL 1790361185.809 100.6 1.5
TL 1790361185.909 230.3 1.9
TL 1790361186.009 88.1 2.1
TL 1790361186.109 68.4 1.8
TL 1790361186.210 175.8 2.3
TL 1790361186.310 509.7 2.6
TL 1790361186.410 346.1 4.2
TL 1790361186.511 322.7 3.7
TL 1790361186.611 253.7 3.4
TL 1790361186.711 65.8 2.1
TL 1790361186.811 157.2 2.5
TL 1790361186.911 54.5 1.5
TL 1790361187.011 88.8 2.8
TL 1790361187.111 61.8 1.7
TL 1790361187.211 74.0 1.6
TL 1790361187.312 563.6 3.2
TL 1790361187.412 266.8 2.3
TL 1790361187.512 377.7 4.6
TL 1790361187.612 416.4 3.7
TL 1790361187.712 146.3 2.5
TL 1790361187.813 283.6 3.5
TL 1790361187.913 207.0 3.0
TL 1790361188.013 343.7 4.2
TL 1790361188.113 94.4 1.4
TL 1790361188.213 502.2 4.2
TL 1790361188.313 193.5 1.4
TL 1790361188.413 103.1 1.3
TL 1790361188.514 358.9 4.5
TL 1790361188.614 371.2 6.0
TL 1790361188.715 298.3 3.5
TL 1790361188.815 87.4 1.4
TL 1790361188.916 145.6 2.6
TL 1790361189.016 119.6 1.8
TL 1790361189.116 143.2 1.8
TL 1790361189.216 406.9 2.2
TL 1790361189.316 147.1 1.7
TL 1790361189.416 115.9 1.8
TL 1790361189.516 443.3 4.9
TL 1790361189.616 85.7 2.1
TL 1790361189.717 427.7 4.3
TL 1790361189.817 539.3 3.1
TL 1790361189.918 407.1 4.3
TL 1790361190.018 303.1 6.3
TL 1790361190.118 122.6 2.0
TL 1790361190.218 98.5 1.5
TL 1790361190.318 184.8 1.2
TL 1790361190.418 120.8 1.9
TL 1790361190.519 329.0 3.1
TL 1790361190.619 185.7 2.7
TL 1790361190.719 107.7 1.5
TL 1790361190.819 305.0 2.3
TL 1790361190.919 116.2 1.5
TL 1790361191.019 104.9 1.9
TL 1790361191.120 97.6 1.8
TL 1790361191.220 106.6 1.8
TL 1790361191.320 84.4 1.4
TL 1790361191.420 328.2 4.6
TL 1790361191.520 84.8 3.0
TL 1790361191.620 101.7 2.8
TL 1790361191.720 118.1 1.9
TL 1790361191.821 241.1 3.5
TL 1790361191.921 291.2 3.6
TL 1790361192.021 79.8 1.8
TL 1790361192.121 239.1 3.0
TL 1790361192.221 119.7 1.7
TL 1790361192.321 55.9 1.6
TL 1790361192.422 382.7 2.8
TL 1790361192.522 185.5 2.7
TL 1790361192.622 365.6 3.7
TL 1790361192.722 302.9 5.6
TL 1790361192.822 311.3 1.9
TL 1790361192.923 534.2 4.1
TL 1790361193.023 304.0 5.3
TL 1790361193.124 273.3 3.6
TL 1790361193.224 330.8 4.0
TL 1790361193.324 110.2 1.6
TL 1790361193.424 83.4 1.9
TL 1790361193.524 107.3 2.0
TL 1790361193.628 3805.9 1.8
TL 1790361193.725 448.9 4.7
TL 1790361193.825 89.3 1.1
TL 1790361193.925 69.3 1.8
TL 1790361194.025 284.4 3.9
TL 1790361194.125 153.6 2.6
TL 1790361194.225 208.7 3.0
TL 1790361194.326 271.8 3.7
TL 1790361194.426 153.3 3.1
TL 1790361194.526 95.3 3.0
TL 1790361194.627 1355.5 1.5
TL 1790361194.726 368.0 3.9
TL 1790361194.826 365.3 4.5
TL 1790361194.926 124.3 1.8
TL 1790361195.027 161.7 2.2
TL 1790361195.128 899.5 4.4
TL 1790361195.228 155.5 2.1
TL 1790361195.328 263.6 0.8
TL 1790361195.428 171.7 2.2
TL 1790361195.528 96.9 2.9
TL 1790361195.631 2355.8 2.2
TL 1790361195.729 285.1 3.5
TL 1790361195.829 108.4 1.1
TL 1790361195.929 400.4 4.6
TL 1790361196.031 1780.0 3.8
TL 1790361196.129 156.5 1.4
TL 1790361196.229 82.6 3.0
TL 1790361196.330 279.1 3.1
TL 1790361196.430 238.2 16.5
TL 1790361196.530 58.9 1.4
TL 1790361196.631 546.7 3.3
TL 1790361196.731 78.9 1.9
TL 1790361196.832 359.5 1.8
TL 1790361196.932 83.4 1.9
TL 1790361197.032 475.6 4.4
TL 1790361197.132 169.0 1.7
TL 1790361197.232 268.6 2.3
TL 1790361197.332 105.9 1.5
TL 1790361197.432 156.2 2.7
TL 1790361197.533 372.2 4.3
TL 1790361197.633 253.4 1.8
TL 1790361197.733 148.0 2.0
TL 1790361197.837 4174.4 1.5
TL 1790361197.933 386.4 5.0
TL 1790361198.033 208.8 3.1
TL 1790361198.134 462.1 4.5
TL 1790361198.234 252.5 4.0
TL 1790361198.334 61.9 2.0
TL 1790361198.434 208.0 1.9
TL 1790361198.534 108.4 1.6
TL 1790361198.634 68.1 2.0
TL 1790361198.734 167.0 2.5
TL 1790361198.836 1915.5 1.6
TL 1790361198.934 147.4 2.0
TL 1790361199.035 161.2 2.2
TL 1790361199.135 470.2 3.4
TL 1790361199.235 331.6 3.2
TL 1790361199.336 371.8 3.2
TL 1790361199.436 302.1 3.6
TL 1790361199.536 356.2 4.2
TL 1790361199.636 244.3 3.0
TL 1790361199.736 92.6 2.1
TL 1790361199.836 119.9 1.6
TL 1790361199.937 233.2 2.0
TL 1790361200.037 469.3 4.4
TL 1790361200.137 731.4 4.5
TL 1790361200.237 271.5 4.3
TL 1790361200.337 321.5 4.1
TL 1790361200.438 196.5 2.9
TL 1790361200.538 190.5 2.3
TL 1790361200.638 43.7 1.8
TL 1790361200.738 55.9 1.9
TL 1790361200.838 309.8 1.8
TL 1790361200.938 151.3 2.2
TL 1790361201.038 324.2 4.0
TL 1790361201.139 958.9 4.0
TL 1790361201.239 319.1 3.9
TL 1790361201.339 327.4 2.1
TL 1790361201.439 375.4 6.3
TL 1790361201.539 158.6 1.6
TL 1790361201.640 550.8 2.6
TL 1790361201.739 68.4 1.6
TL 1790361201.840 94.1 2.2
TL 1790361201.940 57.9 1.6
TL 1790361202.043 3265.7 3.3
TL 1790361202.140 180.8 1.7
TL 1790361202.240 249.8 3.1
TL 1790361202.341 305.5 2.0
TL 1790361202.441 433.6 3.3
TL 1790361202.541 274.1 4.2
TL 1790361202.641 430.6 4.3
TL 1790361202.742 457.1 3.5
TL 1790361202.842 53.1 1.3
TL 1790361202.942 58.6 1.4
TL 1790361203.042 130.0 1.9
TL 1790361203.143 105.3 2.2
TL 1790361203.243 139.4 2.2
TL 1790361203.343 174.3 2.4
TL 1790361203.443 456.9 4.6
TL 1790361203.543 147.7 2.0
TL 1790361203.643 206.5 1.5
TL 1790361203.744 524.2 4.0
TL 1790361203.843 163.5 1.5
TL 1790361203.944 395.3 5.2
TL 1790361204.044 321.2 3.0
TL 1790361204.144 166.6 1.3
TL 1790361204.244 90.6 1.6
TL 1790361204.346 2207.0 1.3
TL 1790361204.446 1859.7 3.1
TL 1790361204.545 294.6 3.4
TL 1790361204.645 198.9 2.1
TL 1790361204.745 252.2 3.9
TL 1790361204.845 425.5 3.1
TL 1790361204.945 212.6 3.3
TL 1790361205.046 361.9 1.7
TL 1790361205.146 190.0 1.7
TL 1790361205.246 55.2 1.8
TL 1790361205.346 559.0 1.4
TL 1790361205.446 112.4 3.5
TL 1790361205.547 453.9 4.2
TL 1790361205.647 303.5 2.6
TL 1790361205.747 384.4 2.9
TL 1790361205.847 660.1 3.4
TL 1790361205.947 96.9 2.0
TL 1790361206.047 70.1 1.7
TL 1790361206.147 205.2 2.5
TL 1790361206.247 302.6 4.6
TL 1790361206.347 57.7 1.7
TL 1790361206.451 3701.5 1.9
TL 1790361206.548 355.8 4.4
TL 1790361206.648 363.3 4.8
TL 1790361206.748 281.0 5.0
TL 1790361206.848 170.6 1.9
TL 1790361206.948 176.4 2.2
TL 1790361207.049 122.0 2.1
TL 1790361207.149 115.3 1.6
TL 1790361207.250 289.8 2.0
TL 1790361207.349 61.3 2.1
TL 1790361207.450 71.5 1.3
TL 1790361207.550 47.4 1.8
TL 1790361207.650 272.6 2.6
TL 1790361207.751 455.8 4.1
TL 1790361207.850 157.9 0.7
TL 1790361207.951 218.2 6.8
TL 1790361208.051 120.3 2.2
TL 1790361208.151 125.1 1.6
TL 1790361208.252 200.8 2.6
TL 1790361208.352 137.6 1.8
TL 1790361208.452 141.5 4.6
TL 1790361208.553 1268.0 1.8
TL 1790361208.652 532.7 4.3
TL 1790361208.752 349.8 3.9
TL 1790361208.853 201.5 1.6
TL 1790361208.953 78.0 1.2
TL 1790361209.053 235.8 4.0
TL 1790361209.153 101.2 1.6
TL 1790361209.254 638.4 3.0
TL 1790361209.353 209.9 2.6
TL 1790361209.454 233.9 2.8
TL 1790361209.554 62.7 3.6
TL 1790361209.655 1463.7 3.7
TL 1790361209.754 115.3 3.4
TL 1790361209.854 134.6 1.4
TL 1790361209.954 339.0 4.0
TL 1790361210.054 163.7 2.4
TL 1790361210.154 79.8 1.7
TL 1790361210.255 466.6 3.8
TL 1790361210.356 1146.2 2.9
TL 1790361210.456 231.8 2.6
TL 1790361210.556 216.5 3.4
TL 1790361210.656 76.4 1.8
TL 1790361210.759 3565.4 1.9
TL 1790361210.856 297.6 3.0
TL 1790361210.956 132.3 2.0
TL 1790361211.056 107.5 1.6
TL 1790361211.156 100.3 2.4
TL 1790361211.257 135.2 2.1
TL 1790361211.357 245.1 1.0
TL 1790361211.457 303.2 5.8
TL 1790361211.557 99.2 1.9
TL 1790361211.657 303.6 3.6
TL 1790361211.758 142.4 2.4
TL 1790361211.860 2408.5 2.3
TL 1790361211.958 138.4 2.5
TL 1790361212.058 181.4 1.9
TL 1790361212.159 611.8 3.6
TL 1790361212.258 97.8 2.0
TL 1790361212.358 82.6 1.2
TL 1790361212.459 322.2 3.6
TL 1790361212.559 276.3 3.9
TL 1790361212.659 127.0 2.2
TL 1790361212.759 96.1 2.1
TL 1790361212.866 6442.9 1.5
TL 1790361212.959 165.4 2.5
TL 1790361213.060 488.2 3.2
TL 1790361213.160 68.0 1.7
TL 1790361213.260 283.3 2.7
TL 1790361213.360 91.6 0.7
TL 1790361213.461 280.4 4.3
TL 1790361213.560 112.8 2.1
TL 1790361213.661 96.4 1.7
TL 1790361213.761 59.6 1.6
TL 1790361213.863 1954.6 1.6
TL 1790361213.961 497.8 4.7
TL 1790361214.061 421.9 5.1
TL 1790361214.161 68.5 1.6
TL 1790361214.261 213.5 1.9
TL 1790361214.361 116.0 1.4
TL 1790361214.462 308.9 5.9
TL 1790361214.562 91.8 1.5
TL 1790361214.662 104.9 2.1
TL 1790361214.762 121.0 1.6
TL 1790361214.863 213.9 2.2
TL 1790361214.964 1172.6 4.3
TL 1790361215.063 641.7 3.3
TL 1790361215.163 495.9 4.5
TL 1790361215.263 64.9 1.9
TL 1790361215.363 157.4 1.1
TL 1790361215.463 160.2 2.3
TL 1790361215.564 297.2 3.2
TL 1790361215.664 295.6 3.0
TL 1790361215.764 225.3 2.1
TL 1790361215.868 3420.7 1.7
TL 1790361215.965 303.7 3.6
TL 1790361216.065 372.0 5.3
TL 1790361216.165 275.1 4.2
TL 1790361216.266 408.6 4.5
TL 1790361216.366 345.1 3.2
TL 1790361216.466 82.1 3.2
TL 1790361216.566 103.0 3.1
TL 1790361216.666 143.4 1.5
TL 1790361216.766 171.6 2.1
TL 1790361216.866 58.0 2.3
TL 1790361216.966 74.6 2.1
TL 1790361217.067 397.4 5.1
TL 1790361217.167 418.3 4.0
TL 1790361217.267 437.6 4.4
TL 1790361217.367 91.2 0.9
TL 1790361217.467 113.2 1.8
TL 1790361217.567 92.4 2.0
TL 1790361217.667 121.0 2.0
TL 1790361217.767 152.8 1.6
TL 1790361217.870 2216.4 1.6
TL 1790361217.968 431.8 4.4
TL 1790361218.068 374.3 3.8
TL 1790361218.169 431.6 4.2
TL 1790361218.268 140.5 1.9
TL 1790361218.369 121.7 1.5
TL 1790361218.469 350.5 4.2
TL 1790361218.569 379.4 3.2
TL 1790361218.669 96.4 1.6
TL 1790361218.769 248.9 3.5
TL 1790361218.869 163.6 3.3
TL 1790361218.969 64.6 1.6
TL 1790361219.070 315.9 3.9
TL 1790361219.170 237.7 3.9
TL 1790361219.271 1292.6 4.7
TL 1790361219.371 469.1 2.2
TL 1790361219.470 98.9 2.0
TL 1790361219.571 141.8 2.9
TL 1790361219.671 57.4 1.8
TL 1790361219.771 60.9 1.9
TL 1790361219.872 1480.6 1.2
TL 1790361219.971 295.6 5.4
TL 1790361220.071 330.8 4.3
TL 1790361220.171 316.5 4.9
TL 1790361220.271 210.3 2.8
TL 1790361220.372 785.7 1.8
TL 1790361220.472 254.3 3.5
TL 1790361220.572 293.3 1.7
TL 1790361220.672 72.1 2.0
TL 1790361220.773 1399.6 1.6
TL 1790361220.872 212.3 1.2
TL 1790361220.972 129.3 2.9
TL 1790361221.072 79.2 1.2
TL 1790361221.172 124.3 1.9
TL 1790361221.273 107.7 3.9
TL 1790361221.373 247.9 2.7
TL 1790361221.473 132.2 2.1
TL 1790361221.573 294.1 3.9
TL 1790361221.673 215.0 3.5
TL 1790361221.773 97.3 1.7
TL 1790361221.876 2530.1 1.1
TL 1790361221.974 468.3 4.9
TL 1790361222.075 385.3 4.8
TL 1790361222.175 416.1 6.9
TL 1790361222.275 380.5 6.2
TL 1790361222.375 245.8 0.7
TL 1790361222.475 95.2 2.2
TL 1790361222.575 80.8 1.8
TL 1790361222.676 152.8 1.9
TL 1790361222.776 59.6 3.4
TL 1790361222.878 2741.3 1.7
TL 1790361222.976 124.8 1.9
TL 1790361223.077 988.6 5.5
TL 1790361223.176 83.1 2.1
TL 1790361223.277 411.4 5.0
TL 1790361223.377 77.6 1.3
TL 1790361223.477 79.3 1.5
TL 1790361223.577 72.4 1.8
TL 1790361223.677 73.0 1.4
TL 1790361223.777 111.9 1.7
TL 1790361223.878 408.5 1.6
TL 1790361223.978 205.1 2.0
TL 1790361224.078 99.7 2.1
TL 1790361224.179 594.5 3.9
TL 1790361224.278 143.6 2.7
TL 1790361224.379 249.7 2.3
TL 1790361224.479 160.7 1.7
TL 1790361224.579 95.6 2.0
TL 1790361224.679 85.6 1.6
TL 1790361224.783 3782.3 1.9
TL 1790361224.879 130.8 2.0
TL 1790361224.979 329.6 1.7
TL 1790361225.080 382.4 4.4
TL 1790361225.180 292.8 2.3
TL 1790361225.280 407.2 5.4
TL 1790361225.381 276.9 3.1
TL 1790361225.481 462.5 3.7
TL 1790361225.581 199.9 2.1
TL 1790361225.681 60.7 1.4
TL 1790361225.781 121.2 2.7
TL 1790361225.881 128.5 1.9
TL 1790361225.981 54.7 2.0
TL 1790361226.082 843.5 2.7
TL 1790361226.182 356.8 4.0
TL 1790361226.282 436.5 4.7
TL 1790361226.382 104.3 1.2
TL 1790361226.482 286.9 3.9
TL 1790361226.583 365.2 3.5
TL 1790361226.683 393.0 4.3
TL 1790361226.783 241.0 2.1
TL 1790361226.883 79.0 2.4
TL 1790361226.983 57.4 2.0
TL 1790361227.083 172.9 3.9
TL 1790361227.184 400.6 4.4
TL 1790361227.284 392.3 2.6
TL 1790361227.384 289.1 3.5
TL 1790361227.484 572.9 4.3
TL 1790361227.584 174.9 2.1
TL 1790361227.684 70.4 1.9
TL 1790361227.784 162.4 1.9
TL 1790361227.884 73.1 2.6
TL 1790361227.985 125.9 3.3
TL 1790361228.089 4058.3 1.7
TL 1790361228.185 334.4 4.7
TL 1790361228.286 508.8 6.8
TL 1790361228.386 619.3 3.9
TL 1790361228.486 95.3 2.3
TL 1790361228.586 126.9 2.3
TL 1790361228.686 131.4 1.3
TL 1790361228.786 391.9 4.7
TL 1790361228.887 185.9 1.4
TL 1790361228.987 97.4 4.0
TL 1790361229.089 2623.5 1.9
TL 1790361229.187 484.5 3.5
TL 1790361229.288 351.1 3.8
TL 1790361229.389 369.9 2.4
TL 1790361229.489 375.7 4.0
TL 1790361229.589 405.7 4.5
TL 1790361229.689 154.2 3.1
TL 1790361229.789 305.4 3.6
TL 1790361229.889 178.8 2.6
TL 1790361229.989 115.3 1.6
TL 1790361230.090 108.6 3.6
TL 1790361230.190 319.8 3.2
TL 1790361230.290 142.0 2.4
TL 1790361230.391 995.5 1.0
TL 1790361230.491 320.9 3.3
TL 1790361230.592 293.7 1.9
TL 1790361230.692 110.1 1.1
TL 1790361230.793 352.9 3.6
TL 1790361230.893 174.7 1.8
TL 1790361230.993 337.9 4.4
TL 1790361231.093 266.4 2.9
TL 1790361231.193 108.4 1.5
TL 1790361231.294 693.2 1.3
TL 1790361231.394 265.8 2.5
TL 1790361231.494 278.8 2.2
TL 1790361231.594 110.3 2.6
TL 1790361231.694 135.3 3.1
TL 1790361231.795 405.0 4.5
TL 1790361231.895 312.7 4.5
TL 1790361231.995 149.2 2.1
TL 1790361232.095 338.4 3.6
TL 1790361232.195 90.7 2.1
TL 1790361232.296 92.0 1.8
TL 1790361232.396 106.3 1.4
TL 1790361232.496 104.4 3.0
TL 1790361232.599 2881.1 3.6
TL 1790361232.696 213.5 3.3
TL 1790361232.797 355.8 2.6
TL 1790361232.897 263.9 3.4
TL 1790361232.997 414.2 3.3
TL 1790361233.098 753.6 2.7
TL 1790361233.198 240.5 3.3
TL 1790361233.298 97.6 1.9
TL 1790361233.398 57.4 2.1
TL 1790361233.498 112.8 2.3
TL 1790361233.598 274.4 3.7
TL 1790361233.698 303.1 5.5
TL 1790361233.798 96.6 3.5
TL 1790361233.899 391.5 4.3
TL 1790361234.000 774.4 4.3
TL 1790361234.101 584.5 4.2
TL 1790361234.200 259.6 3.5
TL 1790361234.300 53.1 1.1
TL 1790361234.400 105.0 1.3
TL 1790361234.501 71.5 2.3
TL 1790361234.603 1978.4 1.4
TL 1790361234.701 100.5 2.9
TL 1790361234.801 153.1 3.1
TL 1790361234.901 90.8 2.6
TL 1790361235.001 143.0 3.1
TL 1790361235.102 719.4 3.4
TL 1790361235.202 391.4 4.2
TL 1790361235.302 343.5 3.9
TL 1790361235.403 513.2 6.0
TL 1790361235.503 59.8 1.7
TL 1790361235.606 3215.3 2.0
TL 1790361235.704 213.1 2.9
TL 1790361235.804 108.9 2.0
TL 1790361235.904 62.1 1.1
TL 1790361236.004 413.1 3.5
TL 1790361236.105 1075.2 6.6
TL 1790361236.205 425.8 2.9
TL 1790361236.305 220.7 1.6
TL 1790361236.406 1118.8 2.4
TL 1790361236.505 396.8 2.4
TL 1790361236.605 376.3 6.4
TL 1790361236.705 307.6 5.7
TL 1790361236.805 102.9 3.2
TL 1790361236.906 329.0 4.2
TL 1790361237.006 76.7 2.4
TL 1790361237.106 72.7 1.7
TL 1790361237.206 52.6 2.6
TL 1790361237.306 158.0 2.7
TL 1790361237.407 166.0 2.8
TL 1790361237.507 84.5 1.7
TL 1790361237.607 482.1 2.4
TL 1790361237.708 363.3 6.8
TL 1790361237.808 194.2 4.0
TL 1790361237.908 162.8 0.8
TL 1790361238.008 489.2 2.0
TL 1790361238.108 427.3 5.7
TL 1790361238.208 306.5 4.8
TL 1790361238.309 372.0 4.5
TL 1790361238.409 203.0 3.5
TL 1790361238.509 170.4 2.0
TL 1790361238.609 57.0 2.7
TL 1790361238.709 151.7 4.3
TL 1790361238.809 91.0 2.0
TL 1790361238.910 293.9 2.0
TL 1790361239.010 359.7 3.8
TL 1790361239.110 168.6 2.9
TL 1790361239.210 245.2 3.3
TL 1790361239.310 65.5 2.4
TL 1790361239.410 94.5 2.6
TL 1790361239.510 104.6 2.7
TL 1790361239.610 57.3 1.6
TL 1790361239.715 65.5 2.6
TL 1790361239.815 182.3 2.0
TL 1790361239.915 227.0 2.8
TL 1790361240.015 149.7 1.6
TL 1790361240.115 106.9 2.9
TL 1790361240.216 420.0 4.2
TL 1790361240.316 310.1 4.4
TL 1790361240.416 316.6 3.1
TL 1790361240.516 93.3 1.5
TL 1790361240.616 64.0 1.9
TL 1790361240.717 967.4 2.3
TL 1790361240.818 1187.0 4.4
TL 1790361240.917 309.4 2.9
TL 1790361241.019 1788.3 3.9
TL 1790361241.117 147.4 2.0
TL 1790361241.218 350.4 2.8
TL 1790361241.318 91.4 1.9
TL 1790361241.418 122.1 1.5
TL 1790361241.518 584.4 1.4
TL 1790361241.623 4967.8 1.7
TL 1790361241.718 182.6 3.3
TL 1790361241.819 257.5 4.4
TL 1790361241.919 393.7 4.0
TL 1790361242.019 125.2 1.9
TL 1790361242.119 164.2 2.5
TL 1790361242.219 326.1 4.0
TL 1790361242.319 219.2 3.7
TL 1790361242.419 164.9 1.6
TL 1790361242.520 103.8 2.0
TL 1790361242.622 1828.1 5.7
TL 1790361242.721 281.8 2.2
TL 1790361242.821 80.0 2.0
TL 1790361242.921 515.4 1.8
TL 1790361243.021 402.0 3.0
TL 1790361243.122 390.5 4.6
TL 1790361243.222 282.5 5.1
TL 1790361243.322 65.4 1.5
TL 1790361243.422 90.1 1.2
TL 1790361243.523 1632.2 1.8
TL 1790361243.622 341.2 4.9
TL 1790361243.725 2816.4 3.3
TL 1790361243.822 65.0 3.8
TL 1790361243.922 60.6 1.4
TL 1790361244.023 91.0 2.6
TL 1790361244.123 283.7 3.6
TL 1790361244.224 646.7 2.8
TL 1790361244.324 258.5 3.1
TL 1790361244.424 83.9 1.8
TL 1790361244.524 638.2 1.5
TL 1790361244.624 313.6 4.2
TL 1790361244.725 706.4 3.7
TL 1790361244.825 318.2 3.5
TL 1790361244.925 64.6 1.7
TL 1790361245.025 219.7 3.1
TL 1790361245.126 772.2 1.9
TL 1790361245.226 341.4 14.3
TL 1790361245.326 220.5 3.1
TL 1790361245.426 138.9 1.7
TL 1790361245.526 108.4 1.2
TL 1790361245.627 426.5 1.8
TL 1790361245.727 370.3 3.5
TL 1790361245.827 220.2 3.0
TL 1790361245.927 299.4 1.9
TL 1790361246.027 165.4 2.1
TL 1790361246.127 57.2 1.5
TL 1790361246.227 72.2 1.8
TL 1790361246.327 107.7 1.6
TL 1790361246.427 78.4 1.8
TL 1790361246.528 205.6 3.7
TL 1790361246.628 349.6 3.0
TL 1790361246.728 58.4 1.8
TL 1790361246.828 362.6 1.6
TL 1790361246.928 292.1 0.9
TL 1790361247.028 89.3 2.3
TL 1790361247.129 237.0 4.1
TL 1790361247.229 387.2 5.1
TL 1790361247.329 352.3 6.9
TL 1790361247.430 249.4 2.2
TL 1790361247.529 66.8 1.6
TL 1790361247.630 315.2 4.1
TL 1790361247.730 94.0 1.7
TL 1790361247.830 156.2 1.6
TL 1790361247.931 386.2 2.2
TL 1790361248.031 311.7 5.1
TL 1790361248.131 396.1 4.4
TL 1790361248.232 621.0 4.1
TL 1790361248.332 344.5 2.3
TL 1790361248.432 55.4 1.5
TL 1790361248.532 61.5 1.7
TL 1790361248.632 124.4 1.8
TL 1790361248.732 111.8 1.8
TL 1790361248.833 627.1 1.5
TL 1790361248.932 117.1 1.9
TL 1790361249.033 508.8 4.6
TL 1790361249.133 288.0 1.6
TL 1790361249.233 689.0 3.8
TL 1790361249.334 415.1 4.6
TL 1790361249.434 207.5 2.1
TL 1790361249.534 327.0 3.1
TL 1790361249.634 117.2 1.4
TL 1790361249.734 102.6 1.6
TL 1790361249.834 66.0 1.6
TL 1790361249.934 159.8 1.1
TL 1790361250.034 148.3 1.6
TL 1790361250.137 900.4 3.2
TL 1790361250.237 373.7 4.1
TL 1790361250.337 267.7 4.2
TL 1790361250.437 373.3 4.4
TL 1790361250.537 313.2 3.6
TL 1790361250.637 63.2 2.6
TL 1790361250.737 66.4 2.2
TL 1790361250.837 53.7 1.9
TL 1790361250.939 1254.6 1.7
TL 1790361251.038 342.5 3.5
TL 1790361251.138 550.7 4.8
TL 1790361251.238 104.4 2.6
TL 1790361251.338 172.2 2.8
TL 1790361251.438 139.7 1.8
TL 1790361251.539 452.5 3.5
TL 1790361251.638 222.8 2.4
TL 1790361251.739 234.9 3.6
TL 1790361251.839 120.1 1.6
TL 1790361251.943 4452.7 1.3
TL 1790361252.039 201.8 2.9
TL 1790361252.139 492.9 4.1
TL 1790361252.240 527.1 4.2
TL 1790361252.340 373.4 4.7
TL 1790361252.440 251.8 4.1
TL 1790361252.541 488.8 4.7
TL 1790361252.641 134.0 1.6
TL 1790361252.741 112.6 1.6
TL 1790361252.844 3096.5 1.5
TL 1790361252.941 324.6 1.2
TL 1790361253.041 123.7 1.3
TL 1790361253.141 381.4 4.2
TL 1790361253.241 116.5 2.0
TL 1790361253.342 242.0 3.9
TL 1790361253.442 386.1 4.2
TL 1790361253.542 442.0 4.1
TL 1790361253.642 167.3 2.0
TL 1790361253.742 91.7 2.0
TL 1790361253.842 138.9 1.7
TL 1790361253.943 227.8 1.2
TL 1790361254.043 170.1 2.0
TL 1790361254.143 174.6 2.4
TL 1790361254.243 172.0 2.5
TL 1790361254.344 513.5 4.4
TL 1790361254.444 329.5 4.1
TL 1790361254.546 275.0 3.2
TL 1790361254.646 307.4 3.9
TL 1790361254.746 98.1 1.6
TL 1790361254.846 94.2 1.6
TL 1790361254.946 216.2 2.3
TL 1790361255.047 353.8 4.3
TL 1790361255.147 129.7 1.8
TL 1790361255.247 113.4 2.0
TL 1790361255.347 92.1 3.8
TL 1790361255.447 93.9 3.0
TL 1790361255.547 67.0 1.2
TL 1790361255.647 82.3 1.6
TL 1790361255.748 55.3 1.4
TL 1790361255.848 105.1 1.8
TL 1790361255.948 133.3 0.9
TL 1790361256.048 136.3 2.1
TL 1790361256.149 514.3 3.7
TL 1790361256.249 167.1 2.1
TL 1790361256.349 381.4 4.1
TL 1790361256.449 468.2 3.0
TL 1790361256.549 59.5 1.8
TL 1790361256.649 118.8 1.7
TL 1790361256.749 140.3 1.5
TL 1790361256.850 262.7 1.4
TL 1790361256.950 467.7 2.5
TL 1790361257.050 138.6 2.1
TL 1790361257.150 414.1 5.4
TL 1790361257.250 263.9 4.0
TL 1790361257.351 275.8 4.3
TL 1790361257.451 308.3 3.3
TL 1790361257.551 121.0 1.9
TL 1790361257.651 57.9 1.1
TL 1790361257.752 1013.3 1.9
TL 1790361257.851 193.9 2.0
TL 1790361257.951 257.7 3.9
TL 1790361258.051 129.0 1.4
TL 1790361258.151 53.0 1.5
TL 1790361258.252 530.4 4.1
TL 1790361258.352 323.0 3.3
TL 1790361258.452 64.6 1.6
TL 1790361258.552 186.9 3.7
TL 1790361258.652 166.5 1.6
TL 1790361258.756 3763.6 1.4
TL 1790361258.853 306.0 2.8
TL 1790361258.953 369.5 1.7
TL 1790361259.053 96.3 1.0
TL 1790361259.153 534.8 2.9
TL 1790361259.253 252.4 2.1
TL 1790361259.353 205.5 2.8
TL 1790361259.454 306.5 1.5
TL 1790361259.554 260.9 4.0
TL 1790361259.654 227.2 1.7
TL 1790361259.755 555.5 1.7
TL 1790361259.855 83.7 2.8
TL 1790361259.955 131.0 1.2
TL 1790361260.055 132.5 2.4
TL 1790361260.156 282.2 1.5
TL 1790361260.256 301.3 5.8
TL 1790361260.358 1981.4 4.0
TL 1790361260.457 773.6 4.0
TL 1790361260.556 169.2 2.6
TL 1790361260.656 128.5 1.8
TL 1790361260.756 61.4 1.6
TL 1790361260.857 61.3 1.4
TL 1790361260.957 486.9 2.3
TL 1790361261.057 295.8 3.2
TL 1790361261.157 318.9 3.9
TL 1790361261.257 162.9 2.3
TL 1790361261.358 336.8 3.6
TL 1790361261.458 88.0 1.4
TL 1790361261.558 54.2 1.4
TL 1790361261.658 86.4 1.4
TL 1790361261.759 936.7 2.2
TL 1790361261.858 71.8 1.8
TL 1790361261.959 430.3 2.1
TL 1790361262.059 322.1 4.2
TL 1790361262.159 196.6 59.2
TL 1790361262.259 80.5 3.4
TL 1790361262.359 172.9 2.2
TL 1790361262.459 229.4 2.8
TL 1790361262.560 273.2 3.6
TL 1790361262.660 157.3 1.7
TL 1790361262.760 71.2 1.7
TL 1790361262.864 279.4 2.3
TL 1790361262.964 242.1 2.8
TL 1790361263.065 433.4 4.6
TL 1790361263.165 456.6 3.9
TL 1790361263.265 344.5 3.8
TL 1790361263.365 336.2 5.9
TL 1790361263.465 161.1 2.1
TL 1790361263.566 239.7 3.9
TL 1790361263.666 106.8 1.6
TL 1790361263.766 70.7 1.7
TL 1790361263.866 64.1 1.4
TL 1790361263.967 1615.1 2.0
TL 1790361264.066 272.5 2.7
TL 1790361264.166 96.8 2.2
TL 1790361264.267 417.3 3.5
TL 1790361264.367 282.3 1.6
TL 1790361264.467 107.5 1.3
TL 1790361264.567 81.6 2.2
TL 1790361264.667 219.3 3.3
TL 1790361264.767 152.2 2.6
TL 1790361264.867 90.5 3.6
TL 1790361264.967 62.2 1.4
TL 1790361265.068 413.0 1.4
TL 1790361265.168 533.1 3.6
TL 1790361265.268 337.7 4.6
TL 1790361265.369 591.4 4.4
TL 1790361265.469 469.3 2.0
TL 1790361265.569 133.2 1.9
TL 1790361265.669 285.2 2.7
TL 1790361265.769 115.9 2.0
TL 1790361265.869 63.3 1.9
TL 1790361265.970 591.9 1.9
TL 1790361266.070 267.0 3.5
TL 1790361266.170 337.7 3.9
TL 1790361266.270 420.6 4.3
TL 1790361266.370 331.4 3.4
TL 1790361266.471 919.5 4.2
TL 1790361266.571 498.1 5.7
TL 1790361266.671 119.8 3.4
TL 1790361266.771 152.9 2.4
TL 1790361266.871 95.1 3.2
TL 1790361266.971 62.3 1.1
TL 1790361267.071 128.2 1.6
TL 1790361267.171 78.3 2.2
TL 1790361267.272 313.6 3.8
TL 1790361267.372 347.0 4.6
TL 1790361267.472 102.7 1.2
TL 1790361267.573 320.9 4.2
TL 1790361267.673 309.9 2.1
TL 1790361267.773 101.5 218.5
TL 1790361267.873 250.8 1.6
TL 1790361267.974 243.2 2.8
TL 1790361268.074 130.4 1.6
TL 1790361268.177 3410.1 1.5
TL 1790361268.275 353.1 6.2
TL 1790361268.375 381.2 7.7
TL 1790361268.475 249.6 3.7
TL 1790361268.575 249.4 3.8
TL 1790361268.675 311.3 2.6
TL 1790361268.775 105.4 1.8
TL 1790361268.875 78.5 1.2
TL 1790361268.976 64.8 1.5
TL 1790361269.076 61.8 2.3
TL 1790361269.176 61.5 1.6
TL 1790361269.276 93.2 2.9
TL 1790361269.376 295.6 3.3
TL 1790361269.477 601.5 2.9
TL 1790361269.577 301.8 5.6
TL 1790361269.677 751.2 3.7
TL 1790361269.777 217.7 2.2
TL 1790361269.877 222.3 3.4
TL 1790361269.977 300.6 3.3
TL 1790361270.077 96.6 1.3
TL 1790361270.177 67.4 2.6
TL 1790361270.278 305.2 1.7
TL 1790361270.378 400.8 5.1
TL 1790361270.478 311.8 3.7
TL 1790361270.579 385.9 5.7
TL 1790361270.679 268.7 2.7
TL 1790361270.779 84.8 1.6
TL 1790361270.879 62.9 1.0
TL 1790361270.980 381.1 2.7
TL 1790361271.080 159.2 2.0
TL 1790361271.180 78.7 1.9
TL 1790361271.280 225.9 3.1
TL 1790361271.380 673.1 2.4
TL 1790361271.480 380.3 4.2
TL 1790361271.581 351.2 4.9
TL 1790361271.681 320.3 4.1
TL 1790361271.781 163.8 2.2
TL 1790361271.881 92.2 1.9
TL 1790361271.981 270.9 3.5
TL 1790361272.081 311.7 25.6
TL 1790361272.181 249.4 3.3
TL 1790361272.283 1352.2 1.8
TL 1790361272.382 397.5 4.2
TL 1790361272.482 195.5 3.1
TL 1790361272.582 340.6 3.9
TL 1790361272.682 445.9 5.0
TL 1790361272.782 245.8 2.6
TL 1790361272.882 109.7 2.1
TL 1790361272.982 63.9 1.1
TL 1790361273.082 68.7 1.7
TL 1790361273.184 1141.8 1.9
TL 1790361273.284 608.1 4.0
TL 1790361273.383 250.9 3.6
TL 1790361273.483 52.3 1.5
TL 1790361273.584 135.3 1.6
TL 1790361273.684 190.0 3.2
TL 1790361273.784 305.8 5.2
TL 1790361273.884 285.2 3.3
TL 1790361273.984 88.2 1.5
TL 1790361274.085 456.7 4.3
TL 1790361274.184 114.3 1.5
TL 1790361274.284 46.0 0.7
TL 1790361274.387 1014.2 4.8
TL 1790361274.486 384.4 2.2
TL 1790361274.586 171.7 2.8
TL 1790361274.686 398.6 4.5
TL 1790361274.787 324.2 4.5
TL 1790361274.887 243.7 4.1
TL 1790361274.987 180.2 2.3
TL 1790361275.087 96.4 2.6
TL 1790361275.187 61.1 0.9
TL 1790361275.292 4758.6 2.2
TL 1790361275.388 463.4 2.1
TL 1790361275.488 359.4 2.4
TL 1790361275.588 315.4 3.9
TL 1790361275.688 697.0 5.7
TL 1790361275.788 310.4 1.8
TL 1790361275.888 80.8 1.7
TL 1790361275.988 107.7 1.8
TL 1790361276.088 215.6 3.9
TL 1790361276.189 274.8 3.4
TL 1790361276.289 77.4 1.6
TL 1790361276.390 1310.7 1.9
TL 1790361276.489 239.7 2.2
TL 1790361276.589 342.2 5.4
TL 1790361276.689 103.5 1.9
TL 1790361276.790 543.1 5.3
TL 1790361276.890 242.0 4.9
TL 1790361276.991 198.6 1.1
TL 1790361277.091 94.7 1.4
TL 1790361277.191 244.3 3.6
TL 1790361277.291 266.0 2.0
TL 1790361277.391 69.1 2.1
TL 1790361277.495 3719.4 2.4
TL 1790361277.592 324.5 4.1
TL 1790361277.693 321.7 4.0
TL 1790361277.793 267.9 3.9
TL 1790361277.893 270.1 4.0
TL 1790361277.993 398.7 3.5
TL 1790361278.093 42.6 1.8
TL 1790361278.193 49.6 1.4
TL 1790361278.293 85.4 1.6
TL 1790361278.394 186.9 1.8
TL 1790361278.494 196.8 1.4
TL 1790361278.594 338.0 3.7
TL 1790361278.694 339.1 3.7
TL 1790361278.794 95.3 2.2
TL 1790361278.894 155.6 2.6
TL 1790361278.995 429.6 3.7
TL 1790361279.095 273.8 7.3
TL 1790361279.195 122.7 2.0
TL 1790361279.295 88.1 1.1
TL 1790361279.395 292.1 2.7
TL 1790361279.495 133.6 1.2
TL 1790361279.596 329.7 3.0
TL 1790361279.696 315.4 4.2
TL 1790361279.796 389.2 4.4
TL 1790361279.896 300.7 4.8
TL 1790361279.997 382.7 4.0
TL 1790361280.097 348.5 4.4
TL 1790361280.197 244.2 3.9
TL 1790361280.297 89.1 1.7
TL 1790361280.397 226.9 1.6
TL 1790361280.497 124.7 1.7
TL 1790361280.598 725.0 4.2
TL 1790361280.698 320.5 4.6
TL 1790361280.798 378.1 4.0
TL 1790361280.898 65.8 3.0
TL 1790361280.998 328.9 3.6
TL 1790361281.099 342.4 3.5
TL 1790361281.199 360.7 3.6
TL 1790361281.299 60.5 1.6
TL 1790361281.399 75.2 2.0
TL 1790361281.500 336.2 2.0
TL 1790361281.600 317.7 3.6
TL 1790361281.700 206.5 2.4
TL 1790361281.800 349.4 7.1
TL 1790361281.901 355.3 5.6
TL 1790361282.001 252.2 2.3
TL 1790361282.101 283.8 1.6
TL 1790361282.201 61.8 1.1
TL 1790361282.306 236.9 2.2
TL 1790361282.406 268.5 3.3
TL 1790361282.506 294.7 2.6
TL 1790361282.606 224.9 1.9
TL 1790361282.706 112.6 3.6
TL 1790361282.807 333.5 3.7
TL 1790361282.907 138.6 5.5
TL 1790361283.007 140.7 1.1
TL 1790361283.107 118.0 1.9
TL 1790361283.207 104.1 1.6
TL 1790361283.307 266.6 2.2
TL 1790361283.408 357.0 3.4
TL 1790361283.507 63.0 2.2
TL 1790361283.608 399.5 7.4
TL 1790361283.708 362.9 2.6
TL 1790361283.808 81.6 2.0
TL 1790361283.908 160.7 2.0
TL 1790361284.008 317.4 4.1
TL 1790361284.108 138.7 1.9
TL 1790361284.209 242.4 3.7
TL 1790361284.309 166.3 1.5
TL 1790361284.409 391.3 1.8
TL 1790361284.509 564.1 2.1
TL 1790361284.609 208.4 3.7
TL 1790361284.710 444.6 4.0
TL 1790361284.810 117.9 2.2
TL 1790361284.910 130.1 1.6
TL 1790361285.010 59.8 1.8
TL 1790361285.110 95.5 1.7
TL 1790361285.210 72.3 1.4
TL 1790361285.310 80.1 1.0
TL 1790361285.410 159.1 1.5
TL 1790361285.511 314.7 2.0
TL 1790361285.611 349.9 2.8
TL 1790361285.711 346.9 6.6
TL 1790361285.811 297.7 4.0
TL 1790361285.911 150.8 1.9
TL 1790361286.011 85.2 2.1
TL 1790361286.112 273.3 4.1
TL 1790361286.212 85.3 1.9
TL 1790361286.312 90.3 1.7
TL 1790361286.412 102.9 1.9
TL 1790361286.512 260.3 1.4
TL 1790361286.612 373.1 3.1
TL 1790361286.712 112.6 2.1
TL 1790361286.813 391.0 4.3
TL 1790361286.913 374.7 4.7
TL 1790361287.013 191.7 3.1
TL 1790361287.113 111.9 2.7
TL 1790361287.214 518.1 1.6
TL 1790361287.313 105.4 1.2
TL 1790361287.414 304.6 3.6
TL 1790361287.514 106.0 1.6
TL 1790361287.614 488.0 2.6
TL 1790361287.714 323.3 3.7
TL 1790361287.815 303.0 5.9
TL 1790361287.914 135.5 2.5
TL 1790361288.015 89.8 1.2
TL 1790361288.115 422.3 4.5
TL 1790361288.215 304.6 2.7
TL 1790361288.315 361.7 38.6
TL 1790361288.415 218.3 3.4
TL 1790361288.515 161.9 2.7
TL 1790361288.615 91.6 2.0
TL 1790361288.717 1511.6 1.6
TL 1790361288.816 64.0 1.8
TL 1790361288.916 589.8 5.1
TL 1790361289.016 293.4 3.0
TL 1790361289.117 529.9 3.8
TL 1790361289.217 321.5 3.5
TL 1790361289.317 394.5 3.6
TL 1790361289.417 54.1 1.5
TL 1790361289.517 155.3 2.6
TL 1790361289.617 52.6 1.4
TL 1790361289.717 223.7 1.7
TL 1790361289.817 98.6 1.9
TL 1790361289.917 78.0 2.6
TL 1790361290.018 657.9 1.8
TL 1790361290.118 363.5 3.5
TL 1790361290.218 337.2 4.4
TL 1790361290.318 493.5 4.3
TL 1790361290.419 553.7 4.1
TL 1790361290.519 341.0 3.0
TL 1790361290.619 288.9 4.3
TL 1790361290.719 224.2 2.8
TL 1790361290.819 90.2 1.7
TL 1790361290.919 72.0 1.5
TL 1790361291.019 69.8 1.7
TL 1790361291.123 3538.8 1.6
TL 1790361291.220 420.6 3.7
TL 1790361291.320 300.6 3.1
TL 1790361291.421 349.5 5.1
TL 1790361291.521 235.2 3.8
TL 1790361291.621 230.3 3.3
TL 1790361291.721 436.0 4.7
TL 1790361291.821 41.9 1.1
TL 1790361291.921 73.9 1.4
TL 1790361292.021 52.7 1.2
TL 1790361292.121 114.7 2.3
TL 1790361292.222 445.6 1.9
TL 1790361292.322 477.0 3.9
TL 1790361292.422 328.7 4.6
TL 1790361292.522 90.2 1.0
TL 1790361292.622 108.1 1.9
TL 1790361292.723 221.3 4.0
TL 1790361292.823 195.7 2.6
TL 1790361292.924 752.0 3.6
TL 1790361293.024 340.7 3.4
TL 1790361293.125 290.2 3.4
TL 1790361293.225 107.3 1.8
TL 1790361293.326 121.9 1.6
TL 1790361293.426 584.9 3.9
TL 1790361293.526 97.8 0.8
TL 1790361293.626 93.0 2.0
TL 1790361293.726 346.9 3.9
TL 1790361293.827 316.4 3.2
TL 1790361293.926 82.7 1.8
TL 1790361294.027 98.0 2.6
TL 1790361294.127 103.7 2.3
TL 1790361294.227 46.6 1.6
TL 1790361294.327 253.5 2.3
TL 1790361294.427 48.0 0.7
TL 1790361294.527 53.6 1.2
TL 1790361294.628 778.8 2.0
TL 1790361294.728 175.6 3.0
TL 1790361294.828 70.1 1.6
TL 1790361294.928 394.5 4.3
TL 1790361295.029 521.9 3.4
TL 1790361295.129 286.3 4.1
TL 1790361295.230 1227.8 6.1
TL 1790361295.329 199.4 2.5
TL 1790361295.430 375.8 3.4
TL 1790361295.530 128.3 1.5
TL 1790361295.630 146.8 1.8
TL 1790361295.730 131.6 2.3
TL 1790361295.831 713.3 4.7
TL 1790361295.931 447.5 4.3
TL 1790361296.031 352.0 3.2
TL 1790361296.132 988.9 4.3
TL 1790361296.231 160.1 4.7
TL 1790361296.331 64.2 1.8
TL 1790361296.431 54.4 1.5
TL 1790361296.532 210.5 3.6
TL 1790361296.633 172.9 7.6
TL 1790361296.733 249.1 2.5
TL 1790361296.834 356.7 5.0
TL 1790361296.934 386.6 5.1
TL 1790361297.034 279.7 3.3
TL 1790361297.134 335.0 3.5
TL 1790361297.234 277.9 4.0
TL 1790361297.334 88.6 2.0
TL 1790361297.434 105.6 2.3
TL 1790361297.534 52.4 1.2
TL 1790361297.635 328.6 3.4
TL 1790361297.735 306.0 2.9
TL 1790361297.835 137.2 1.9
TL 1790361297.935 291.2 3.0
TL 1790361298.036 330.3 3.6
TL 1790361298.136 369.6 4.8
TL 1790361298.236 115.6 2.1
TL 1790361298.336 63.9 1.5
TL 1790361298.436 60.1 1.7
TL 1790361298.541 4385.8 1.5
TL 1790361298.637 139.5 2.0
TL 1790361298.737 145.8 2.8
TL 1790361298.837 69.2 1.3
TL 1790361298.937 92.7 1.8
TL 1790361299.037 94.5 2.0
TL 1790361299.138 145.7 2.5
TL 1790361299.238 143.4 1.9
TL 1790361299.338 74.6 1.4
TL 1790361299.438 73.5 1.2
TL 1790361299.538 240.9 2.8
TL 1790361299.638 224.6 1.9
TL 1790361299.740 1672.4 1.7
TL 1790361299.838 135.4 2.1
TL 1790361299.938 118.8 2.3
TL 1790361300.039 566.1 3.4
TL 1790361300.139 509.5 3.1
TL 1790361300.239 490.2 3.4
TL 1790361300.339 345.8 3.4
TL 1790361300.439 109.1 1.8
TL 1790361300.540 440.1 3.0
TL 1790361300.639 164.7 1.9
TL 1790361300.740 209.4 5.1
TL 1790361300.842 2293.3 2.4
TL 1790361300.940 151.4 1.9
TL 1790361301.040 102.9 2.3
TL 1790361301.140 348.3 4.3
TL 1790361301.240 186.7 2.3
TL 1790361301.341 251.5 2.0
TL 1790361301.441 155.9 1.8
TL 1790361301.541 237.1 4.3
TL 1790361301.641 121.1 1.7
TL 1790361301.741 99.3 1.7
TL 1790361301.846 4868.0 1.8
TL 1790361301.941 314.1 3.2
TL 1790361302.041 109.8 1.9
TL 1790361302.142 410.3 4.7
TL 1790361302.242 325.8 4.2
TL 1790361302.342 203.9 3.0
TL 1790361302.442 147.4 2.5
TL 1790361302.542 67.7 1.1
TL 1790361302.642 80.7 1.5
TL 1790361302.742 70.1 1.9
TL 1790361302.842 62.6 1.8
TL 1790361302.943 504.8 3.7
TL 1790361303.043 57.6 2.1
TL 1790361303.143 158.1 1.4
TL 1790361303.243 363.6 1.9
TL 1790361303.344 345.5 6.4
TL 1790361303.444 262.5 2.6
TL 1790361303.544 203.1 3.6
TL 1790361303.644 114.6 1.6
TL 1790361303.750 2665.9 1.6
TL 1790361303.848 498.0 4.3
TL 1790361303.948 351.7 3.7
TL 1790361304.049 369.6 3.6
TL 1790361304.148 82.1 1.6
TL 1790361304.249 136.4 1.5
TL 1790361304.349 114.8 1.9
TL 1790361304.449 281.9 1.1
TL 1790361304.549 144.4 1.7
TL 1790361304.649 61.9 1.8
TL 1790361304.751 2185.3 3.1
TL 1790361304.850 407.7 3.5
TL 1790361304.950 282.2 3.2
TL 1790361305.050 296.9 3.2
TL 1790361305.150 243.1 3.7
TL 1790361305.250 242.8 3.0
TL 1790361305.350 56.7 1.8
TL 1790361305.450 64.6 3.7
TL 1790361305.550 71.6 1.5
TL 1790361305.651 288.5 2.4
TL 1790361305.751 445.9 2.3
TL 1790361305.851 228.9 3.4
TL 1790361305.951 319.4 2.7
TL 1790361306.052 675.7 2.7
TL 1790361306.151 203.1 3.6
TL 1790361306.251 105.4 2.3
TL 1790361306.352 673.8 4.8
TL 1790361306.452 514.5 7.3
TL 1790361306.552 259.9 2.9
TL 1790361306.652 163.5 2.0
TL 1790361306.754 1620.2 1.8
TL 1790361306.852 167.5 2.2
TL 1790361306.953 450.4 3.6
TL 1790361307.053 230.6 3.6
TL 1790361307.153 140.1 1.5
TL 1790361307.253 389.6 4.2
TL 1790361307.353 135.1 2.0
TL 1790361307.454 229.4 5.0
TL 1790361307.554 80.4 1.6
TL 1790361307.654 54.7 1.5
TL 1790361307.756 2384.6 1.8
TL 1790361307.856 378.0 4.1
TL 1790361307.956 452.1 4.5
TL 1790361308.057 374.1 2.4
TL 1790361308.157 527.3 3.4
TL 1790361308.257 303.9 4.8
TL 1790361308.357 180.8 2.8
TL 1790361308.457 103.2 1.7
TL 1790361308.558 448.1 3.2
TL 1790361308.658 93.7 3.9
TL 1790361308.761 3322.8 2.0
TL 1790361308.858 86.8 2.3
TL 1790361308.958 283.0 3.4
TL 1790361309.058 381.8 2.2
TL 1790361309.158 292.0 3.5
TL 1790361309.259 492.0 1.9
TL 1790361309.359 177.5 2.9
TL 1790361309.459 160.9 2.4
TL 1790361309.559 74.4 2.1
TL 1790361309.659 57.3 1.5
TL 1790361309.760 758.8 2.1
TL 1790361309.860 68.8 3.4
TL 1790361309.960 131.8 3.2
TL 1790361310.060 109.9 1.8
TL 1790361310.160 370.9 3.9
TL 1790361310.260 227.2 2.7
TL 1790361310.361 329.5 3.4
TL 1790361310.461 85.8 1.5
TL 1790361310.561 141.2 1.5
TL 1790361310.661 74.3 1.6
TL 1790361310.763 1800.3 1.9
TL 1790361310.862 452.6 3.5
TL 1790361310.962 349.9 4.9
TL 1790361311.062 358.2 3.5
TL 1790361311.162 108.5 2.1
TL 1790361311.262 251.6 4.0
TL 1790361311.363 618.9 3.6
TL 1790361311.463 233.2 4.0
TL 1790361311.563 280.8 2.7
TL 1790361311.663 105.8 1.6
TL 1790361311.763 126.3 2.5
TL 1790361311.866 2828.9 2.1
TL 1790361311.964 728.1 5.7
TL 1790361312.064 73.9 1.1
TL 1790361312.164 151.9 14.6
TL 1790361312.264 122.9 2.9
TL 1790361312.364 242.7 3.1
TL 1790361312.465 393.0 2.4
TL 1790361312.565 174.1 2.7
TL 1790361312.665 105.1 1.4
TL 1790361312.765 82.2 1.4
TL 1790361312.867 2031.8 3.3
TL 1790361312.965 423.4 5.4
TL 1790361313.065 316.1 3.4
TL 1790361313.165 306.4 4.2
TL 1790361313.266 386.7 4.5
TL 1790361313.366 200.1 3.6
TL 1790361313.466 129.0 2.1
TL 1790361313.566 63.0 1.5
TL 1790361313.666 75.7 1.7
TL 1790361313.766 167.2 2.4
TL 1790361313.867 739.4 5.5
TL 1790361313.967 340.4 6.8
TL 1790361314.067 327.0 3.0
TL 1790361314.167 87.9 1.6
TL 1790361314.267 172.6 3.0
TL 1790361314.367 66.9 1.6
TL 1790361314.467 112.6 1.7
TL 1790361314.567 50.1 0.9
TL 1790361314.667 58.8 0.6
TL 1790361314.768 70.1 1.6
TL 1790361314.868 107.4 1.4
TL 1790361314.968 155.3 2.1
TL 1790361315.068 113.5 1.4
TL 1790361315.168 305.4 3.3
TL 1790361315.269 510.5 5.4
TL 1790361315.369 359.6 4.9
TL 1790361315.469 415.2 3.9
TL 1790361315.569 255.3 3.5
TL 1790361315.670 254.3 3.3
TL 1790361315.770 92.3 1.7
TL 1790361315.870 96.5 1.6
TL 1790361315.970 65.4 1.4
TL 1790361316.070 208.9 1.1
TL 1790361316.170 438.7 3.9
TL 1790361316.270 86.5 2.2
TL 1790361316.371 541.7 4.3
TL 1790361316.471 392.3 4.5
TL 1790361316.571 379.1 3.4
TL 1790361316.671 75.7 2.8
TL 1790361316.771 77.3 1.9
TL 1790361316.871 150.2 1.7
TL 1790361316.972 422.7 1.6
TL 1790361317.072 159.8 1.6
TL 1790361317.172 102.3 1.5
TL 1790361317.275 301.4 4.0
TL 1790361317.376 312.0 3.3
TL 1790361317.476 360.4 3.6
TL 1790361317.576 434.7 3.9
TL 1790361317.676 169.2 2.4
TL 1790361317.776 137.0 2.5
TL 1790361317.876 175.0 2.8
TL 1790361317.977 411.1 2.9
TL 1790361318.077 406.6 4.2
TL 1790361318.177 301.0 4.3
TL 1790361318.277 353.5 4.8
TL 1790361318.377 46.0 0.9
TL 1790361318.477 364.4 7.7
TL 1790361318.577 123.0 1.4
TL 1790361318.677 85.3 1.6
TL 1790361318.778 132.4 2.0
TL 1790361318.878 238.6 2.7
TL 1790361318.978 55.7 1.8
TL 1790361319.078 100.0 2.3
TL 1790361319.178 218.1 4.4
TL 1790361319.278 245.8 4.0
TL 1790361319.378 124.8 1.7
TL 1790361319.479 144.6 2.6
TL 1790361319.579 333.8 3.8
TL 1790361319.679 314.9 4.3
TL 1790361319.779 166.6 2.1
TL 1790361319.879 101.0 1.8
TL 1790361319.979 76.7 1.3
TL 1790361320.080 250.8 2.4
TL 1790361320.180 311.9 2.1
TL 1790361320.280 340.8 3.4
TL 1790361320.380 528.5 3.1
TL 1790361320.480 252.8 3.3
TL 1790361320.580 194.5 3.0
TL 1790361320.681 365.7 4.4
TL 1790361320.781 322.5 3.7
TL 1790361320.881 192.8 1.8
TL 1790361320.981 93.4 0.8
TL 1790361321.081 232.2 3.6
TL 1790361321.181 168.5 1.7
TL 1790361321.281 148.2 2.0
TL 1790361321.382 810.4 2.6
TL 1790361321.482 150.0 2.4
TL 1790361321.582 326.6 2.3
TL 1790361321.682 153.0 1.6
TL 1790361321.782 130.2 2.7
TL 1790361321.882 94.2 1.7
TL 1790361321.983 193.0 1.9
TL 1790361322.083 88.6 1.2
TL 1790361322.183 309.7 4.0
TL 1790361322.283 265.3 2.9
TL 1790361322.383 375.9 4.7
TL 1790361322.483 331.8 4.2
TL 1790361322.584 484.5 2.5
TL 1790361322.684 195.6 3.2
TL 1790361322.784 81.9 1.7
TL 1790361322.884 494.6 3.9
TL 1790361322.984 97.9 1.5
TL 1790361323.084 102.2 0.9
TL 1790361323.184 327.9 4.2
TL 1790361323.285 308.0 4.0
TL 1790361323.385 380.3 2.4
TL 1790361323.485 82.1 2.4
TL 1790361323.585 54.7 1.5
TL 1790361323.685 130.3 1.8
TL 1790361323.785 99.6 1.7
TL 1790361323.886 330.5 4.3
TL 1790361323.986 246.5 2.8
TL 1790361324.086 413.2 3.6
TL 1790361324.186 77.4 1.8
TL 1790361324.286 403.0 4.7
TL 1790361324.386 134.2 2.8
TL 1790361324.486 256.9 3.8
TL 1790361324.586 57.6 0.6
TL 1790361324.687 408.4 3.4
TL 1790361324.787 290.7 2.9
TL 1790361324.887 248.3 6.1
TL 1790361324.987 79.3 1.0
TL 1790361325.088 263.1 2.1
TL 1790361325.188 549.7 3.9
TL 1790361325.289 656.1 2.9
TL 1790361325.389 593.5 3.0
TL 1790361325.488 261.8 4.7
TL 1790361325.589 333.1 3.2
TL 1790361325.689 210.2 4.4
TL 1790361325.789 116.5 2.0
TL 1790361325.889 260.8 2.3
TL 1790361325.989 133.6 2.9
TL 1790361326.089 404.7 4.5
TL 1790361326.190 319.4 3.6
TL 1790361326.289 97.0 2.5
TL 1790361326.390 283.2 3.1
TL 1790361326.490 353.0 7.5
TL 1790361326.590 399.5 2.7
TL 1790361326.690 171.6 1.8
TL 1790361326.790 77.2 1.1
TL 1790361326.891 288.1 3.7
TL 1790361326.991 685.2 2.4
TL 1790361327.091 325.3 2.8
TL 1790361327.191 138.9 2.3
TL 1790361327.291 358.8 4.9
TL 1790361327.392 353.0 5.2
TL 1790361327.492 459.5 4.7
TL 1790361327.592 389.1 3.4
TL 1790361327.692 93.9 1.6
TL 1790361327.792 96.7 1.8
TL 1790361327.892 172.1 2.2
TL 1790361327.993 138.1 1.5
TL 1790361328.093 129.8 2.2
TL 1790361328.193 103.4 1.9
TL 1790361328.295 1969.3 3.9
TL 1790361328.393 72.5 2.2
TL 1790361328.493 74.4 1.8
TL 1790361328.595 452.4 2.6
TL 1790361328.695 288.9 3.9
TL 1790361328.796 298.4 3.2
TL 1790361328.896 122.6 1.5
TL 1790361328.996 255.1 1.9
TL 1790361329.096 138.0 2.1
TL 1790361329.196 92.3 2.5
TL 1790361329.296 195.9 3.8
TL 1790361329.396 89.3 2.8
TL 1790361329.496 137.1 4.0
TL 1790361329.596 85.9 1.5
TL 1790361329.696 135.3 1.8
TL 1790361329.797 90.7 2.8
TL 1790361329.897 375.9 2.3
TL 1790361329.997 111.8 2.0
TL 1790361330.097 188.3 2.1
TL 1790361330.197 69.7 2.4
TL 1790361330.297 100.2 1.7
TL 1790361330.397 79.0 1.3
TL 1790361330.497 68.0 2.8
TL 1790361330.597 50.5 2.4
TL 1790361330.698 250.3 2.5
TL 1790361330.798 74.8 1.6
TL 1790361330.898 160.8 2.3
TL 1790361330.998 134.0 2.3
TL 1790361331.099 1203.4 2.5
TL 1790361331.198 53.7 1.6
TL 1790361331.298 88.3 1.5
TL 1790361331.399 106.4 3.2
TL 1790361331.499 110.2 3.0
TL 1790361331.599 125.8 1.1
TL 1790361331.699 50.1 1.6
TL 1790361331.799 80.8 3.5
TL 1790361331.899 158.3 3.2
TL 1790361331.999 85.4 1.1
TL 1790361332.100 151.8 1.4
TL 1790361332.200 77.7 3.2
TL 1790361332.300 640.3 1.7
TL 1790361332.400 226.8 2.7
TL 1790361332.500 86.0 1.9
TL 1790361332.600 62.5 1.4
TL 1790361332.700 179.8 3.2
TL 1790361332.801 511.9 1.8
TL 1790361332.901 172.5 1.4
TL 1790361333.001 63.6 2.3
TL 1790361333.101 135.8 2.7
TL 1790361333.201 128.6 1.8
TL 1790361333.301 139.6 3.3
TL 1790361333.401 73.4 1.8
TL 1790361333.501 51.5 2.7
TL 1790361333.601 114.9 1.0
TL 1790361333.701 65.2 1.6
TL 1790361333.802 162.7 3.3
TL 1790361333.902 246.2 4.1
TL 1790361334.002 69.5 1.3
TL 1790361334.102 235.6 3.1
TL 1790361334.202 264.3 2.2
TL 1790361334.302 116.8 2.1
TL 1790361334.403 274.6 2.3
TL 1790361334.503 250.2 2.5
TL 1790361334.603 191.3 2.8
TL 1790361334.704 374.2 4.9
TL 1790361334.803 51.4 0.8
TL 1790361334.904 215.3 4.8
TL 1790361335.004 407.4 2.9
TL 1790361335.104 121.6 1.0
TL 1790361335.204 245.9 4.5
TL 1790361335.305 244.1 3.6
TL 1790361335.405 227.0 4.3
TL 1790361335.507 320.5 3.3
TL 1790361335.607 318.4 2.9
TL 1790361335.707 101.1 2.0
TL 1790361335.807 131.0 1.6
TL 1790361335.908 294.0 4.2
TL 1790361336.008 389.4 2.0
TL 1790361336.108 79.2 0.7
TL 1790361336.209 674.4 3.0
TL 1790361336.309 347.0 3.3
TL 1790361336.408 43.5 0.9
TL 1790361336.509 242.6 2.9
TL 1790361336.609 251.5 2.2
TL 1790361336.709 135.5 1.7
TL 1790361336.809 154.9 1.5
TL 1790361336.910 354.1 2.7
TL 1790361337.010 238.9 4.2
TL 1790361337.110 320.0 1.7
TL 1790361337.210 352.3 4.4
TL 1790361337.310 294.0 3.1
TL 1790361337.410 207.8 2.9
TL 1790361337.510 205.6 3.1
TL 1790361337.610 88.0 1.0
TL 1790361337.710 105.0 2.2
TL 1790361337.811 261.5 2.2
TL 1790361337.911 317.9 3.2
TL 1790361338.011 126.0 1.7
TL 1790361338.111 299.2 3.4
TL 1790361338.211 275.2 4.3
TL 1790361338.312 215.2 3.1
TL 1790361338.412 214.6 2.9
TL 1790361338.512 62.0 1.6
TL 1790361338.612 111.0 1.4
TL 1790361338.712 366.7 4.1
TL 1790361338.812 275.0 3.0
TL 1790361338.913 836.0 2.9
TL 1790361339.013 346.3 4.0
TL 1790361339.113 270.9 2.2
TL 1790361339.213 282.8 3.5
TL 1790361339.313 405.8 4.1
TL 1790361339.414 314.3 3.5
TL 1790361339.514 198.3 3.1
TL 1790361339.614 63.8 1.1
TL 1790361339.714 162.2 2.7
TL 1790361339.814 221.5 2.9
TL 1790361339.914 184.1 4.3
TL 1790361340.015 417.7 3.1
TL 1790361340.115 297.3 3.3
TL 1790361340.215 292.6 3.5
TL 1790361340.315 146.2 1.4
TL 1790361340.415 77.1 1.8
TL 1790361340.516 418.3 3.1
TL 1790361340.615 64.8 1.7
TL 1790361340.716 307.3 3.1
TL 1790361340.817 369.4 2.7
TL 1790361340.917 387.6 3.7
TL 1790361341.017 269.3 3.0
TL 1790361341.117 233.2 3.0
TL 1790361341.217 364.3 3.8
TL 1790361341.317 192.6 2.9
TL 1790361341.417 107.4 1.4
TL 1790361341.517 111.7 2.3
TL 1790361341.618 252.0 2.0
TL 1790361341.718 394.9 4.4
TL 1790361341.818 314.4 4.4
TL 1790361341.918 299.9 3.7
TL 1790361342.018 277.3 3.1
TL 1790361342.119 196.2 3.0
TL 1790361342.219 101.0 1.6
TL 1790361342.319 151.9 1.4
TL 1790361342.419 104.4 0.7
TL 1790361342.519 345.1 2.3
TL 1790361342.619 348.6 2.1
TL 1790361342.719 85.4 1.7
TL 1790361342.819 127.8 1.5
TL 1790361342.920 386.5 3.6
TL 1790361343.020 313.2 3.0
TL 1790361343.120 359.2 3.0
TL 1790361343.220 330.4 2.0
TL 1790361343.320 165.1 4.2
TL 1790361343.421 280.2 3.2
TL 1790361343.521 346.2 4.0
TL 1790361343.621 181.2 3.3
TL 1790361343.721 356.3 2.8
TL 1790361343.821 210.6 3.9
TL 1790361343.921 123.7 2.1
TL 1790361344.022 244.0 2.7
TL 1790361344.122 92.1 1.4
TL 1790361344.222 90.8 1.6
TL 1790361344.322 91.1 1.5
TL 1790361344.422 422.7 3.6
TL 1790361344.523 406.9 4.8
TL 1790361344.623 308.0 3.1
TL 1790361344.723 313.0 3.1
TL 1790361344.823 134.9 1.9
TL 1790361344.923 102.7 0.9
TL 1790361345.023 213.8 3.1
TL 1790361345.123 192.7 2.8
TL 1790361345.224 262.8 58.1
TL 1790361345.324 316.9 3.8
TL 1790361345.424 191.7 3.3
TL 1790361345.524 117.7 1.5
TL 1790361345.625 273.9 3.0
TL 1790361345.725 185.5 2.3
TL 1790361345.825 67.0 1.2
TL 1790361345.925 250.7 4.4
TL 1790361346.025 250.6 3.5
TL 1790361346.126 332.8 3.9
TL 1790361346.226 345.2 4.9
TL 1790361346.326 320.3 5.1
TL 1790361346.426 83.2 1.7
TL 1790361346.527 319.4 6.1
TL 1790361346.627 111.3 1.4
TL 1790361346.727 94.8 2.1
TL 1790361346.828 784.7 2.0
TL 1790361346.927 311.9 5.3
TL 1790361347.027 206.6 3.9
TL 1790361347.128 327.4 4.6
TL 1790361347.228 118.9 1.4
TL 1790361347.328 331.5 5.3
TL 1790361347.428 431.0 4.2
TL 1790361347.528 305.3 4.9
TL 1790361347.628 96.7 1.1
TL 1790361347.729 293.2 3.1
TL 1790361347.829 799.2 3.2
TL 1790361347.929 152.9 2.5
TL 1790361348.029 58.5 1.7
TL 1790361348.129 275.0 2.3
TL 1790361348.229 343.8 3.9
TL 1790361348.330 279.5 4.8
TL 1790361348.430 343.5 1.9
TL 1790361348.530 116.3 1.5
TL 1790361348.630 92.2 0.9
TL 1790361348.732 529.9 2.8
TL 1790361348.832 354.2 2.8
TL 1790361348.932 295.0 1.8
TL 1790361349.032 215.0 2.9
TL 1790361349.134 341.3 3.6
TL 1790361349.235 447.6 3.4
TL 1790361349.335 334.0 3.3
TL 1790361349.435 169.6 1.1
TL 1790361349.535 81.8 2.2
TL 1790361349.635 533.6 1.4
TL 1790361349.735 271.0 4.1
TL 1790361349.835 267.6 2.3
TL 1790361349.936 318.2 4.2
TL 1790361350.036 249.7 2.0
TL 1790361350.136 60.3 1.0
TL 1790361350.236 136.7 2.3
TL 1790361350.336 127.3 1.2
TL 1790361350.437 770.8 2.4
TL 1790361350.537 210.7 3.5
TL 1790361350.637 411.2 2.8
TL 1790361350.738 322.0 5.9
TL 1790361350.838 183.9 4.0
TL 1790361350.938 209.5 4.1
TL 1790361351.038 186.6 4.1
TL 1790361351.138 138.3 1.5
TL 1790361351.238 62.9 1.5
TL 1790361351.338 91.8 1.0
TL 1790361351.439 298.7 1.9
TL 1790361351.539 209.4 3.3
TL 1790361351.640 379.0 2.3
TL 1790361351.740 94.0 1.4
TL 1790361351.840 551.8 3.0
TL 1790361351.940 238.5 3.6
TL 1790361352.041 216.8 3.1
TL 1790361352.141 159.3 2.3
TL 1790361352.241 70.7 3.0
TL 1790361352.341 245.8 2.9
TL 1790361352.442 341.5 4.8
TL 1790361352.542 268.7 3.2
TL 1790361352.642 233.8 4.5
TL 1790361352.742 257.9 3.4
TL 1790361352.842 206.3 3.5
TL 1790361352.943 198.1 2.8
TL 1790361353.043 125.2 1.8
TL 1790361353.143 88.7 1.6
TL 1790361353.243 292.4 2.9
TL 1790361353.343 173.6 3.3
TL 1790361353.443 214.8 4.0
TL 1790361353.544 450.8 3.7
TL 1790361353.644 443.0 4.5
TL 1790361353.745 424.2 2.6
TL 1790361353.844 54.2 2.0
TL 1790361353.945 245.2 1.8
TL 1790361354.045 90.7 1.3
TL 1790361354.145 79.9 1.4
TL 1790361354.245 258.1 3.3
TL 1790361354.345 74.8 1.5
TL 1790361354.446 303.0 3.9
TL 1790361354.546 292.7 4.4
TL 1790361354.646 283.4 3.2
TL 1790361354.746 290.5 4.4
TL 1790361354.847 324.9 6.4
TL 1790361354.947 113.8 2.0
TL 1790361355.047 55.7 0.8
TL 1790361355.148 801.4 5.3
TL 1790361355.247 286.7 3.7
TL 1790361355.348 295.2 3.4
TL 1790361355.448 267.7 4.3
TL 1790361355.548 220.6 3.3
TL 1790361355.648 121.8 1.9
TL 1790361355.748 186.5 2.3
TL 1790361355.848 77.2 2.0
TL 1790361355.948 95.1 1.7
TL 1790361356.049 235.4 4.0
TL 1790361356.149 291.9 3.0
TL 1790361356.249 246.0 3.9
TL 1790361356.349 337.2 4.1
TL 1790361356.450 217.9 3.6
TL 1790361356.550 196.2 4.0
TL 1790361356.650 104.9 1.2
TL 1790361356.750 87.8 1.7
TL 1790361356.851 232.6 3.8
TL 1790361356.951 320.8 4.0
TL 1790361357.052 348.6 4.8
TL 1790361357.152 458.6 3.9
TL 1790361357.252 326.9 4.2
TL 1790361357.353 327.9 3.0
TL 1790361357.453 293.2 3.5
TL 1790361357.553 95.6 1.9
TL 1790361357.653 126.1 1.0
TL 1790361357.753 260.6 2.1
TL 1790361357.854 279.5 2.8
TL 1790361357.954 327.2 3.9
TL 1790361358.054 201.9 1.7
TL 1790361358.154 362.5 4.0
TL 1790361358.254 330.1 5.6
TL 1790361358.354 167.6 2.7
TL 1790361358.454 126.2 1.5
TL 1790361358.554 75.1 1.5
TL 1790361358.655 260.3 3.1
TL 1790361358.755 323.8 3.7
TL 1790361358.855 376.4 3.9
TL 1790361358.955 98.5 1.3
TL 1790361359.055 346.1 4.3
TL 1790361359.155 159.6 2.8
TL 1790361359.256 249.3 3.7
TL 1790361359.356 342.8 2.1
TL 1790361359.456 142.5 0.8
TL 1790361359.556 147.1 1.4
TL 1790361359.656 228.9 3.6
TL 1790361359.757 280.1 3.1
TL 1790361359.857 256.9 3.0
TL 1790361359.957 94.1 0.9
TL 1790361360.057 232.9 3.8
TL 1790361360.157 72.7 2.0
TL 1790361360.257 84.7 3.4
TL 1790361360.357 296.4 3.2
TL 1790361360.458 404.1 2.9
TL 1790361360.558 191.1 2.2
TL 1790361360.658 203.5 3.2
TL 1790361360.758 272.9 2.4
TL 1790361360.858 280.4 3.1
TL 1790361360.958 222.1 3.9
TL 1790361361.058 328.8 5.0
TL 1790361361.158 169.7 2.6
TL 1790361361.259 142.9 2.6
TL 1790361361.359 77.5 2.3
TL 1790361361.459 229.5 2.2
TL 1790361361.559 371.8 3.7
TL 1790361361.659 168.2 2.8
TL 1790361361.759 292.8 5.7
TL 1790361361.860 359.9 2.0
TL 1790361361.960 319.7 5.3
TL 1790361362.060 343.3 3.7
TL 1790361362.160 300.9 4.2
TL 1790361362.260 106.3 2.1
TL 1790361362.360 122.6 1.8
TL 1790361362.461 253.9 3.7
TL 1790361362.561 229.9 4.0
TL 1790361362.661 527.2 3.0
TL 1790361362.761 483.6 4.7
TL 1790361362.862 276.2 4.6
TL 1790361362.962 340.1 7.8
TL 1790361363.062 341.0 6.9
TL 1790361363.162 213.1 3.1
TL 1790361363.262 128.9 2.1
TL 1790361363.363 98.5 2.1
TL 1790361363.463 372.4 2.6
TL 1790361363.563 316.7 4.0
TL 1790361363.663 255.8 4.3
TL 1790361363.764 198.3 2.8
TL 1790361363.865 698.8 2.7
TL 1790361363.965 323.6 4.6
TL 1790361364.065 347.2 3.4
TL 1790361364.166 284.7 2.2
TL 1790361364.265 94.1 2.2
TL 1790361364.366 64.8 1.0
TL 1790361364.466 379.8 3.6
TL 1790361364.566 362.8 3.3
TL 1790361364.666 198.3 1.9
TL 1790361364.766 262.2 2.4
TL 1790361364.868 501.8 2.4
TL 1790361364.968 243.2 4.4
TL 1790361365.068 433.1 3.0
TL 1790361365.168 70.4 0.5
TL 1790361365.268 221.5 2.2
TL 1790361365.369 258.2 3.2
TL 1790361365.469 258.3 4.1
TL 1790361365.569 241.0 4.1
TL 1790361365.669 257.9 3.8
TL 1790361365.770 326.4 3.5
TL 1790361365.870 361.1 3.9
TL 1790361365.970 194.8 2.8
TL 1790361366.070 74.6 1.6
TL 1790361366.170 456.1 3.2
TL 1790361366.270 278.8 3.2
TL 1790361366.371 319.8 1.8
TL 1790361366.470 77.4 1.4
TL 1790361366.571 243.6 3.2
TL 1790361366.671 227.4 3.6
TL 1790361366.771 261.5 2.4
TL 1790361366.871 341.4 3.8
TL 1790361366.972 375.6 4.1
TL 1790361367.072 215.1 3.5
TL 1790361367.172 106.6 1.1
TL 1790361367.272 323.5 2.6
TL 1790361367.372 341.1 2.8
TL 1790361367.472 274.5 2.3
TL 1790361367.575 2399.9 2.6
TL 1790361367.672 113.2 1.8
TL 1790361367.772 55.3 2.1
TL 1790361367.873 100.2 1.6
TL 1790361367.973 154.5 2.5
TL 1790361368.073 64.5 2.6
TL 1790361368.173 67.4 1.6
TL 1790361368.273 118.1 1.8
TL 1790361368.375 1888.6 2.6
TL 1790361368.473 119.7 1.9
TL 1790361368.574 102.8 2.7
TL 1790361368.674 81.9 3.5
TL 1790361368.774 71.9 1.1
TL 1790361368.874 246.0 1.3
TL 1790361368.974 72.0 2.5
TL 1790361369.074 79.0 2.0
TL 1790361369.174 79.1 1.7
TL 1790361369.274 110.1 0.9
TL 1790361369.374 55.6 2.0
TL 1790361369.475 326.8 4.4
TL 1790361369.575 353.9 3.1
TL 1790361369.675 126.1 2.2
TL 1790361369.775 126.0 1.9
TL 1790361369.875 66.0 1.5
TL 1790361369.975 205.2 1.9
TL 1790361370.076 316.2 1.3
TL 1790361370.176 87.3 2.3
TL 1790361370.276 399.1 4.0
TL 1790361370.376 273.9 2.2
TL 1790361370.476 59.9 1.3
TL 1790361370.577 108.6 1.6
TL 1790361370.677 95.4 1.8
TL 1790361370.777 83.6 1.1
TL 1790361370.877 113.2 3.0
TL 1790361370.977 80.5 2.9
TL 1790361371.077 148.6 1.6
TL 1790361371.177 71.6 3.4
TL 1790361371.277 107.6 1.2
TL 1790361371.378 96.9 1.0
TL 1790361371.478 277.6 1.9
TL 1790361371.578 673.7 1.3
