1790360633.228362788  434812 1003755
1790360635.659808569       0       0
1790360637.914566432   56813 1003111
1790360640.170971692   56813 1003111
1790360642.448942993  156608 1003513
1790360644.704438149       0       0
1790360646.960779762       0       0
1790360649.227670751       0       0
1790360651.494202208       0       0
1790360653.740844343   54058 1003950
1790360656.002001894       0       0
1790360658.292348248       0       0
1790360660.575005903       0       0
1790360662.845030017   44829 1002608
1790360665.122548766   51955 1002867
1790360667.388523452   88264 1003185
1790360669.769548972   56101 1003056
1790360672.045450638   57280 1002603
1790360674.307132773   45407 1002894
1790360676.562046886   44551 1002697
1790360678.842412354   50934 1002768
1790360681.103343968   84988 1003143
1790360683.368106988   61958 1002875
1790360685.632966206   81253 1003718
1790360687.915708028   63714 1002891
1790360690.179315058   61121 1002555
1790360692.427747870   69161 1003288
1790360694.705415577   68065 1002730
1790360696.971138337   61338 1002898
1790360699.223798596   86139 1003492
1790360701.507393960   86359 1003257
1790360703.924549376   65634 1002800
1790360706.201055260   62637 1002731
1790360708.489238333   66572 1002660
1790360710.758460675   66383 1002820
1790360713.028311664   59963 1002575
1790360715.284719007   90341 1003218
1790360717.573090517   76639 1002888
1790360719.840227078   56029 1002939
1790360722.111072754   53653 1002623
1790360724.385166399   55401 1002536
1790360726.662164263   61137 1002936
1790360728.936512856   76302 1002779
1790360731.202398897   72618 1002709
1790360733.465168271   68635 1002981
1790360735.743437385   67752 1002817
1790360738.163319363   64155 1002726
1790360740.428701445   57563 1002810
1790360742.689955559   79366 1003160
1790360744.981723475       0       0
1790360747.270946599   54801 1002637
1790360749.536129931   67876 1002656
1790360751.801827951   53167 1002613
1790360754.078331596   50908 1002763
1790360756.357801752   54326 1002648
1790360758.626899147   45915 1002548
1790360760.893690604   56742 1002793
1790360763.157250864   48228 1002604
1790360765.417637998   59857 1002986
1790360767.703728102   54980 1002641
1790360769.953094507   48252 1002744
1790360772.349867527       0       0
1790360774.618088307   53339 1002439
1790360776.877820598   60923 1002991
1790360779.153495285   47265 1002651
1790360781.427515076   57456 1003122
1790360783.685813564   47484 1003058
1790360785.970914553       0       0
1790360788.239951844   61686 1002549
1790360790.550432676   56375 1002541
1790360792.822366946   56937 1003125
1790360795.092163977   59129 1002481
1790360797.385583090   48650 1002501
1790360799.655526892       0       0
1790360801.931426578       0       0
1790360804.222299442       0       0
1790360806.613925431       0       0
1790360808.869449336       0       0
1790360811.169566366       0       0
1790360813.470943813       0       0
