0001 014a 00000001
0001 0145 00000001
0003 0039 000046f5
0003 0035 0001cbab
0003 0036 0000fe65
0000 0000 00000000
0003 0039 ffffffff
0001 014a 00000000
0001 0145 00000000
0000 0000 00000000
0001 014a 00000001
0001 0145 00000001
0003 0039 000046f6
0003 0035 00018bd9
0003 0036 0003d4aa
0000 0000 00000000
0003 0039 ffffffff
0001 014a 00000000
0001 0145 00000000
0000 0000 00000000
0001 014a 00000001
0001 0145 00000001
0003 0039 000046f7
0003 0035 0001473f
0003 0036 00038a97
0000 0000 00000000
0003 0039 ffffffff
0001 014a 00000000
0001 0145 00000000
0000 0000 00000000
0001 014a 00000001
0001 0145 00000001
0003 0039 000046f8
0003 0035 0001b366
0003 0036 000058ac
0000 0000 00000000
0003 0039 ffffffff
0001 014a 00000000
0001 0145 00000000
0000 0000 00000000
0001 014a 00000001
0001 0145 00000001
0003 0039 000046f9
0003 0035 0001b4ab
0003 0036 0000eef7
0000 0000 00000000
0003 0039 ffffffff
0001 014a 00000000
0001 0145 00000000
0000 0000 00000000
0001 014a 00000001
0001 0145 00000001
0003 0039 000046fa
0003 0035 00017a39
0003 0036 0003a3fb
0000 0000 00000000
0003 0035 00017a20
0003 0036 0003a0c2
0000 0000 00000000
0003 0035 00017b0d
0003 0036 00039cda
0000 0000 00000000
0003 0035 00017c52
0003 0036 0003993d
0000 0000 00000000
0003 0035 00017d65
0003 0036 00039611
0000 0000 00000000
0003 0035 00017e2d
0003 0036 00039242
0000 0000 00000000
0003 0035 00017f27
0003 0036 00038dab
0000 0000 00000000
0003 0035 00018015
0003 0036 000387cf
0000 0000 00000000
0003 0035 00018053
0003 0036 00038150
0000 0000 00000000
0003 0035 0001802e
0003 0036 00037b36
0000 0000 00000000
0003 0035 00018015
0003 0036 000375ca
0000 0000 00000000
0003 0035 00018008
0003 0036 000370f5
0000 0000 00000000
0003 0035 00018021
0003 0036 00036c45
0000 0000 00000000
0003 0035 00018102
0003 0036 00036805
0000 0000 00000000
0003 0035 000181d7
0003 0036 000363ad
0000 0000 00000000
0003 0035 000182d1
0003 0036 00035ecb
0000 0000 00000000
0003 0035 0001842f
0003 0036 00035953
0000 0000 00000000
0003 0035 0001854e
0003 0036 00035496
0000 0000 00000000
0003 0035 000186eb
0003 0036 00035031
0000 0000 00000000
0003 0035 00018830
0003 0036 00034c6f
0000 0000 00000000
0003 0035 00018943
0003 0036 00034974
0000 0000 00000000
0003 0035 000189c0
0003 0036 0003478d
0000 0000 00000000
0003 0035 00018a62
0003 0036 000345fd
0000 0000 00000000
0003 0035 00018aa1
0003 0036 000344d1
0000 0000 00000000
0003 0035 00018aba
0003 0036 00034447
0000 0000 00000000
0003 0035 00018b05
0003 0036 000342c4
0000 0000 00000000
0003 0035 00018b1e
0003 0036 000341bd
0000 0000 00000000
0003 0035 00018ad3
0003 0036 0003402d
0000 0000 00000000
0003 0035 00018aa1
0003 0036 00033ee8
0000 0000 00000000
0003 0035 00018aba
0003 0036 00033dc9
0000 0000 00000000
0003 0035 00018b2a
0003 0036 00033c90
0000 0000 00000000
0003 0035 00018b9b
0003 0036 00033ace
0000 0000 00000000
0003 0035 00018bf2
0003 0036 000338c1
0000 0000 00000000
0003 0035 00018c3d
0003 0036 000336b4
0000 0000 00000000
0003 0035 00018c95
0003 0036 00033475
0000 0000 00000000
0003 0035 00018cae
0003 0036 0003329a
0000 0000 00000000
0003 0035 00018ca1
0003 0036 00033130
0000 0000 00000000
0003 0035 00018cd3
0003 0036 00032ff7
0000 0000 00000000
0003 0035 00018cc7
0003 0036 00032f7a
0000 0000 00000000
0003 0035 00018c63
0003 0036 00032e8d
0000 0000 00000000
0003 0035 00018d2b
0003 0036 00032e4e
0000 0000 00000000
0003 0039 ffffffff
0001 014a 00000000
0001 0145 00000000
0000 0000 00000000
0001 014a 00000001
0001 0145 00000001
0003 0039 000046fb
0003 0035 00009a4c
0003 0036 00037e6f
0000 0000 00000000
0003 0039 ffffffff
0001 014a 00000000
0001 0145 00000000
0000 0000 00000000
0001 014a 00000001
0001 0145 00000001
0003 0039 000046fc
0003 0035 0001b5cb
0003 0036 000068bc
0000 0000 00000000
0003 0039 ffffffff
0001 014a 00000000
0001 0145 00000000
0000 0000 00000000
0001 014a 00000001
0001 0145 00000001
0003 0039 000046fd
0003 0035 0001aab5
0003 0036 0000e4db
0000 0000 00000000
0003 0035 0001a731
0003 0036 0000e71a
0000 0000 00000000
0003 0035 0001a443
0003 0036 0000ea79
0000 0000 00000000
0003 0035 0001a21d
0003 0036 0000eef7
0000 0000 00000000
0003 0035 00019fa0
0003 0036 0000f4df
0000 0000 00000000
0003 0035 00019cf0
0003 0036 0000fc7d
0000 0000 00000000
0003 0035 000199dd
0003 0036 000106b2
0000 0000 00000000
0003 0035 00019697
0003 0036 0001125d
0000 0000 00000000
0003 0035 00019219
0003 0036 00011e79
0000 0000 00000000
0003 0035 00018df3
0003 0036 00012b12
0000 0000 00000000
0003 0035 0001894f
0003 0036 0001380f
0000 0000 00000000
0003 0035 000184c5
0003 0036 00014690
0000 0000 00000000
0003 0035 00017f59
0003 0036 000154b9
0000 0000 00000000
0003 0035 00017a52
0003 0036 00016314
0000 0000 00000000
0003 0035 000174cd
0003 0036 0001721e
0000 0000 00000000
0003 0035 00016e10
0003 0036 00018292
0000 0000 00000000
0003 0035 00016779
0003 0036 000193cf
0000 0000 00000000
0003 0035 000161b6
0003 0036 0001a5ba
0000 0000 00000000
0003 0035 00015c7c
0003 0036 0001b942
0000 0000 00000000
0003 0035 0001571d
0003 0036 0001cc5a
0000 0000 00000000
0003 0035 0001514e
0003 0036 0001e05f
0000 0000 00000000
0003 0035 00014cd0
0003 0036 0001f4fa
0000 0000 00000000
0003 0035 000147e1
0003 0036 00020aff
0000 0000 00000000
0003 0035 000142a8
0003 0036 00022105
0000 0000 00000000
0003 0035 00013c42
0003 0036 000236f1
0000 0000 00000000
0003 0035 00013715
0003 0036 00024bcb
0000 0000 00000000
0003 0035 0001319d
0003 0036 00026002
0000 0000 00000000
0003 0035 00012bda
0003 0036 000274a9
0000 0000 00000000
0003 0035 000124f8
0003 0036 00028a7d
0000 0000 00000000
0003 0035 00011e54
0003 0036 00029fae
0000 0000 00000000
0003 0035 0001182d
0003 0036 0002b5c0
0000 0000 00000000
0003 0035 000110f3
0003 0036 0002cc42
0000 0000 00000000
0003 0035 00010948
0003 0036 0002e487
0000 0000 00000000
0003 0035 000101aa
0003 0036 0002fc4e
0000 0000 00000000
0003 0035 0000fad4
0003 0036 000313e4
0000 0000 00000000
0003 0035 0000f4f8
0003 0036 00032a66
0000 0000 00000000
0003 0035 0000edf0
0003 0036 000341ca
0000 0000 00000000
0003 0035 0000e885
0003 0036 0003581a
0000 0000 00000000
0003 0035 0000e319
0003 0036 00036dbc
0000 0000 00000000
0003 0035 0000de8f
0003 0036 0003820c
0000 0000 00000000
0003 0035 0000d917
0003 0036 000395d2
0000 0000 00000000
0003 0035 0000d44e
0003 0036 0003aab8
0000 0000 00000000
0003 0035 0000ce59
0003 0036 0003bf6c
0000 0000 00000000
0003 0035 0000ca26
0003 0036 0003d3c9
0000 0000 00000000
0003 0035 0000c6bb
0003 0036 0003e7b5
0000 0000 00000000
0003 0035 0000c2a1
0003 0036 0003f642
0000 0000 00000000
0003 0039 ffffffff
0001 014a 00000000
0001 0145 00000000
0000 0000 00000000
0001 014a 00000001
0001 0145 00000001
0003 0039 000046fe
0003 0035 00006257
0003 0036 00002053
0000 0000 00000000
0003 0035 000062ed
0003 0036 000028f7
0000 0000 00000000
0003 0035 000062f9
0003 0036 000033e7
0000 0000 00000000
0003 0035 000063da
0003 0036 00003e73
0000 0000 00000000
0003 0036 00004b7d
0000 0000 00000000
0003 0035 0000638f
0003 0036 00005980
0000 0000 00000000
0003 0035 000063a8
0003 0036 000067c2
0000 0000 00000000
0003 0035 00006263
0003 0036 00007724
0000 0000 00000000
0003 0035 0000606f
0003 0036 00008973
0000 0000 00000000
0003 0035 00005edf
0003 0036 00009d5f
0000 0000 00000000
0003 0035 00005d9a
0003 0036 0000bf29
0000 0000 00000000
0003 0035 00005c49
0003 0036 0000ecab
0000 0000 00000000
0003 0039 ffffffff
0001 014a 00000000
0001 0145 00000000
0000 0000 00000000
0001 014a 00000001
0001 0145 00000001
0003 0039 000046ff
0003 0035 0000f39a
0003 0036 0000bc48
0000 0000 00000000
0003 0039 ffffffff
0001 014a 00000000
0001 0145 00000000
0000 0000 00000000
0001 014a 00000001
0001 0145 00000001
0003 0039 00004700
0003 0035 000078e6
0003 0036 0003d4c3
0000 0000 00000000
0003 0039 ffffffff
0001 014a 00000000
0001 0145 00000000
0000 0000 00000000
0001 014a 00000001
0001 0145 00000001
0003 0039 00004701
0003 0035 0000a109
0003 0036 00035946
0000 0000 00000000
0003 0035 0000a1d1
0003 0036 00035601
0000 0000 00000000
0003 0035 0000a1f6
0003 0036 00035183
0000 0000 00000000
0003 0035 0000a203
0003 0036 00034c30
0000 0000 00000000
0003 0035 0000a179
0003 0036 00034541
0000 0000 00000000
0003 0035 0000a109
0003 0036 00033c9d
0000 0000 00000000
0003 0035 0000a05a
0003 0036 0003336f
0000 0000 00000000
0003 0035 00009ff6
0003 0036 00032abe
0000 0000 00000000
0003 0035 00009f53
0003 0036 0003228a
0000 0000 00000000
0003 0035 00009ddc
0003 0036 0003195c
0000 0000 00000000
0003 0035 00009bb6
0003 0036 00030fe3
0000 0000 00000000
0003 0035 0000996b
0003 0036 00030518
0000 0000 00000000
0003 0035 00009777
0003 0036 0002fa03
0000 0000 00000000
0003 0035 0000956a
0003 0036 0002edf3
0000 0000 00000000
0003 0035 000092e0
0003 0036 0002e261
0000 0000 00000000
0003 0035 00008ed2
0003 0036 0002cf56
0000 0000 00000000
0003 0035 00008c55
0003 0036 0002c3f5
0000 0000 00000000
0003 0035 00008b1c
0003 0036 0002be3f
0000 0000 00000000
0003 0035 00008a93
0003 0036 0002bb44
0000 0000 00000000
0003 0035 00008941
0003 0036 0002b83d
0000 0000 00000000
0003 0035 00008879
0003 0036 0002b5b3
0000 0000 00000000
0003 0035 00008798
0003 0036 0002b34f
0000 0000 00000000
0003 0035 000086e9
0003 0036 0002b142
0000 0000 00000000
0003 0035 00008647
0003 0036 0002af35
0000 0000 00000000
0003 0035 00008540
0003 0036 0002ad1b
0000 0000 00000000
0003 0035 00008485
0003 0036 0002ab40
0000 0000 00000000
0003 0035 00008408
0003 0036 0002a940
0000 0000 00000000
0003 0035 0000838b
0003 0036 0002a7a3
0000 0000 00000000
0003 0035 000082f5
0003 0036 0002a62c
0000 0000 00000000
0003 0035 00008284
0003 0036 0002a4db
0000 0000 00000000
0003 0035 00008246
0003 0036 0002a3ed
0000 0000 00000000
0003 0039 ffffffff
0001 014a 00000000
0001 0145 00000000
0000 0000 00000000
0001 014a 00000001
0001 0145 00000001
0003 0039 00004702
0003 0035 00012a70
0003 0036 0003637b
0000 0000 00000000
0003 0039 ffffffff
0001 014a 00000000
0001 0145 00000000
0000 0000 00000000
0001 014a 00000001
0001 0145 00000001
0003 0039 00004703
0003 0035 00014bfb
0003 0036 0003c147
0000 0000 00000000
0003 0039 ffffffff
0001 014a 00000000
0001 0145 00000000
0000 0000 00000000
0001 014a 00000001
0001 0145 00000001
0003 0039 00004704
0003 0035 00003e0f
0003 0036 00015bc1
0000 0000 00000000
0003 0039 ffffffff
0001 014a 00000000
0001 0145 00000000
0000 0000 00000000
0001 014a 00000001
0001 0145 00000001
0003 0039 00004705
0003 0035 0001aa9c
0003 0036 00005c17
0000 0000 00000000
0003 0039 ffffffff
0001 014a 00000000
0001 0145 00000000
0000 0000 00000000
0001 014a 00000001
0001 0145 00000001
0003 0039 00004706
0003 0035 0001b292
0003 0036 0000e8aa
0000 0000 00000000
0003 0035 0001b17f
0003 0036 0000ead0
0000 0000 00000000
0003 0035 0001af0e
0003 0036 0000efbf
0000 0000 00000000
0003 0035 0001ad7e
0003 0036 0000f2d2
0000 0000 00000000
0003 0035 0001ab8a
0003 0036 0000f6d3
0000 0000 00000000
0003 0035 0001a97d
0003 0036 0000fb38
0000 0000 00000000
0003 0035 0001a6f3
0003 0036 00010040
0000 0000 00000000
0003 0035 0001a36f
0003 0036 0001076d
0000 0000 00000000
0003 0035 00019feb
0003 0036 00010e50
0000 0000 00000000
0003 0035 00019c8c
0003 0036 000114db
0000 0000 00000000
0003 0035 000199f6
0003 0036 00011ae9
0000 0000 00000000
0003 0035 000197d0
0003 0036 00012110
0000 0000 00000000
0003 0035 0001968b
0003 0036 00012769
0000 0000 00000000
0003 0035 000194fb
0003 0036 00012e0d
0000 0000 00000000
0003 0035 000192fa
0003 0036 00013560
0000 0000 00000000
0003 0035 000190af
0003 0036 00013d30
0000 0000 00000000
0003 0035 00018d69
0003 0036 000147c8
0000 0000 00000000
0003 0035 00018981
0003 0036 000153f1
0000 0000 00000000
0003 0035 00018422
0003 0036 00016096
0000 0000 00000000
0003 0035 00017e91
0003 0036 00016d7a
0000 0000 00000000
0003 0035 000179bc
0003 0036 00017acf
0000 0000 00000000
0003 0035 0001745d
0003 0036 000188a0
0000 0000 00000000
0003 0035 00016f62
0003 0036 000196b0
0000 0000 00000000
0003 0035 00016992
0003 0036 0001a556
0000 0000 00000000
0003 0035 00016384
0003 0036 0001b616
0000 0000 00000000
0003 0035 00015c0c
0003 0036 0001c784
0000 0000 00000000
0003 0035 00015423
0003 0036 0001d8c1
0000 0000 00000000
0003 0035 00014be2
0003 0036 0001eb10
0000 0000 00000000
0003 0035 0001434a
0003 0036 0001fe28
0000 0000 00000000
0003 0035 00013a67
0003 0036 00020f7d
0000 0000 00000000
0003 0035 000131e8
0003 0036 000220a1
0000 0000 00000000
0003 0035 0001298f
0003 0036 000230a5
0000 0000 00000000
0003 0035 0001227a
0003 0036 00023fd4
0000 0000 00000000
0003 0035 00011b8b
0003 0036 00024ede
0000 0000 00000000
0003 0035 0001150d
0003 0036 00025e1a
0000 0000 00000000
0003 0035 00010ecd
0003 0036 00026d4a
0000 0000 00000000
0003 0035 000108d8
0003 0036 00027c86
0000 0000 00000000
0003 0035 00010379
0003 0036 00028c32
0000 0000 00000000
0003 0035 0000fefb
0003 0036 00029c5c
0000 0000 00000000
0003 0035 0000fabb
0003 0036 0002aaaa
0000 0000 00000000
0003 0035 0000f631
0003 0036 0002b888
0000 0000 00000000
0003 0035 0000f2c6
0003 0036 0002c585
0000 0000 00000000
0003 0035 0000f03c
0003 0036 0002d1ba
0000 0000 00000000
0003 0035 0000ee22
0003 0036 0002dd34
0000 0000 00000000
0003 0035 0000ecb8
0003 0036 0002e7d9
0000 0000 00000000
0003 0035 0000eb41
0003 0036 0002f271
0000 0000 00000000
0003 0035 0000ea21
0003 0036 0002fd2f
0000 0000 00000000
0003 0035 0000e891
0003 0036 000308a9
0000 0000 00000000
0003 0035 0000e74c
0003 0036 000313fd
0000 0000 00000000
0003 0035 0000e65f
0003 0036 00031fce
0000 0000 00000000
0003 0035 0000e58a
0003 0036 00032c80
0000 0000 00000000
0003 0035 0000e452
0003 0036 000339ed
0000 0000 00000000
0003 0035 0000e2e7
0003 0036 00034893
0000 0000 00000000
0003 0035 0000e21f
0003 0036 0003576b
0000 0000 00000000
0003 0035 0000e13e
0003 0036 00036682
0000 0000 00000000
0003 0035 0000e01f
0003 0036 000374b7
0000 0000 00000000
0003 0035 0000ddec
0003 0036 00038263
0000 0000 00000000
0003 0035 0000dbec
0003 0036 00038f22
0000 0000 00000000
0003 0035 0000d9f8
0003 0036 000399a1
0000 0000 00000000
0003 0035 0000d88d
0003 0036 0003a30e
0000 0000 00000000
0003 0035 0000d72f
0003 0036 0003aa9f
0000 0000 00000000
0003 0035 0000d5ac
0003 0036 0003b094
0000 0000 00000000
0003 0035 0000d4fd
0003 0036 0003b63e
0000 0000 00000000
0003 0035 0000d53b
0003 0036 0003bb5f
0000 0000 00000000
0003 0035 0000d441
0003 0036 0003c0be
0000 0000 00000000
0003 0035 0000d36d
0003 0036 0003c717
0000 0000 00000000
0003 0035 0000d379
0003 0036 0003ce38
0000 0000 00000000
0003 0035 0000d548
0003 0036 0003d70e
0000 0000 00000000
0003 0035 0000d755
0003 0036 0003e3cd
0000 0000 00000000
0003 0035 0000dc5c
0003 0036 0003f266
0000 0000 00000000
0003 0039 ffffffff
0001 014a 00000000
0001 0145 00000000
0000 0000 00000000
