TL 1790325341.667 89.5 0.6
TL 1790325341.768 275.7 3.0
TL 1790325341.868 446.7 2.1
TL 1790325341.968 386.1 3.5
TL 1790325342.069 719.7 4.0
TL 1790325342.169 246.6 3.3
TL 1790325342.269 385.3 4.7
TL 1790325342.370 275.0 3.6
TL 1790325342.470 284.4 3.7
TL 1790325342.571 768.4 5.5
TL 1790325342.670 346.5 3.6
TL 1790325342.771 352.7 3.7
TL 1790325342.872 1108.0 2.9
TL 1790325342.971 299.2 4.1
TL 1790325343.071 244.2 1.9
TL 1790325343.171 222.7 2.1
TL 1790325343.272 345.7 3.5
TL 1790325343.372 475.2 4.2
TL 1790325343.472 153.6 2.3
TL 1790325343.572 572.2 1.7
TL 1790325343.672 238.7 2.6
TL 1790325343.772 502.1 2.2
TL 1790325343.873 868.9 1.7
TL 1790325343.972 214.6 2.3
TL 1790325344.073 557.2 2.0
TL 1790325344.172 167.9 2.0
TL 1790325344.273 267.1 2.5
TL 1790325344.373 309.4 4.0
TL 1790325344.473 412.4 4.8
TL 1790325344.573 155.6 2.3
TL 1790325344.674 773.6 2.9
TL 1790325344.775 615.7 2.3
TL 1790325344.875 647.7 3.7
TL 1790325344.976 311.8 3.9
TL 1790325345.076 373.2 4.0
TL 1790325345.176 275.8 3.6
TL 1790325345.276 312.7 4.0
TL 1790325345.377 605.0 2.2
TL 1790325345.477 271.2 3.2
TL 1790325345.577 193.4 2.9
TL 1790325345.677 237.7 2.4
TL 1790325345.777 204.9 2.9
TL 1790325345.877 229.6 3.5
TL 1790325345.978 407.0 3.8
TL 1790325346.078 340.2 4.4
TL 1790325346.178 358.3 4.3
TL 1790325346.278 390.2 3.9
TL 1790325346.379 326.5 4.1
TL 1790325346.479 459.2 4.1
TL 1790325346.579 308.4 4.7
TL 1790325346.679 162.0 1.9
TL 1790325346.779 179.6 2.6
TL 1790325346.879 214.3 3.2
TL 1790325346.980 386.5 22.9
TL 1790325347.080 345.3 4.0
TL 1790325347.180 397.0 4.1
TL 1790325347.280 205.6 2.8
TL 1790325347.380 189.4 2.2
TL 1790325347.480 175.6 2.1
TL 1790325347.580 217.2 3.2
TL 1790325347.681 162.6 3.0
TL 1790325347.781 172.4 2.2
TL 1790325347.881 231.9 2.8
TL 1790325347.981 315.3 3.2
TL 1790325348.081 195.7 2.4
TL 1790325348.181 127.7 1.7
TL 1790325348.282 669.6 3.2
TL 1790325348.382 310.1 3.8
TL 1790325348.482 168.0 3.2
TL 1790325348.582 341.3 3.9
TL 1790325348.683 618.6 2.7
TL 1790325348.782 417.4 3.5
TL 1790325348.882 309.4 3.5
TL 1790325348.983 424.1 3.3
TL 1790325349.083 718.9 3.6
TL 1790325349.183 664.1 3.9
TL 1790325349.283 219.6 3.1
TL 1790325349.383 295.2 3.7
TL 1790325349.484 313.8 4.8
TL 1790325349.584 361.8 2.9
TL 1790325349.684 228.2 2.3
TL 1790325349.785 806.9 3.1
TL 1790325349.885 397.7 4.4
TL 1790325349.985 316.3 4.3
TL 1790325350.086 531.9 3.7
TL 1790325350.186 1205.6 3.6
TL 1790325350.287 1236.0 3.3
TL 1790325350.386 543.0 3.1
TL 1790325350.488 684.0 3.2
TL 1790325350.588 448.5 2.2
TL 1790325350.688 344.6 3.8
TL 1790325350.789 406.4 3.2
TL 1790325350.889 298.6 4.0
TL 1790325350.989 321.5 4.1
TL 1790325351.090 683.2 3.5
TL 1790325351.190 460.1 3.1
TL 1790325351.290 423.5 3.3
TL 1790325351.390 549.9 3.6
TL 1790325351.490 551.5 4.2
TL 1790325351.590 320.7 4.4
TL 1790325351.690 73.8 1.3
TL 1790325351.790 244.8 2.4
TL 1790325351.891 178.5 2.4
TL 1790325351.992 270.7 2.7
TL 1790325352.092 646.1 2.8
TL 1790325352.192 198.1 3.1
TL 1790325352.292 323.5 3.7
TL 1790325352.393 466.1 1.8
TL 1790325352.493 421.5 2.4
TL 1790325352.593 660.7 2.9
TL 1790325352.693 311.6 3.6
TL 1790325352.793 328.4 3.4
TL 1790325352.893 220.1 2.7
TL 1790325352.993 170.3 2.2
TL 1790325353.094 565.4 2.6
TL 1790325353.193 257.9 2.0
TL 1790325353.294 395.9 3.9
TL 1790325353.394 332.6 4.0
TL 1790325353.494 405.7 4.5
TL 1790325353.594 294.1 3.3
TL 1790325353.694 196.9 2.1
TL 1790325353.795 529.7 2.9
TL 1790325353.895 402.4 4.9
TL 1790325353.995 385.9 4.3
TL 1790325354.096 536.7 3.2
TL 1790325354.196 528.1 3.3
TL 1790325354.296 463.7 2.9
TL 1790325354.396 209.8 2.3
TL 1790325354.496 301.0 4.3
TL 1790325354.596 189.3 3.0
TL 1790325354.697 491.1 2.0
TL 1790325354.796 164.3 2.4
TL 1790325354.897 216.2 2.7
TL 1790325354.997 299.1 4.8
TL 1790325355.097 396.0 3.3
TL 1790325355.197 553.9 2.9
TL 1790325355.297 327.0 4.0
TL 1790325355.398 735.2 2.7
TL 1790325355.498 414.0 3.1
TL 1790325355.598 410.0 3.6
TL 1790325355.698 366.0 3.0
TL 1790325355.798 288.4 3.6
TL 1790325355.899 296.3 3.9
TL 1790325355.999 328.4 3.3
TL 1790325356.099 519.2 3.7
TL 1790325356.199 658.5 3.4
TL 1790325356.299 405.6 4.8
TL 1790325356.400 557.3 3.8
TL 1790325356.500 425.3 4.0
TL 1790325356.600 419.9 3.6
TL 1790325356.700 471.5 3.8
TL 1790325356.800 413.3 3.4
TL 1790325356.900 374.6 4.2
TL 1790325357.001 744.0 2.9
TL 1790325357.101 513.3 4.0
TL 1790325357.201 353.2 3.6
TL 1790325357.301 380.3 4.2
TL 1790325357.401 238.4 2.9
TL 1790325357.501 384.3 5.1
TL 1790325357.602 483.4 4.1
TL 1790325357.702 276.1 2.4
TL 1790325357.802 326.1 3.9
TL 1790325357.902 320.1 3.7
TL 1790325358.003 432.2 3.3
TL 1790325358.103 347.7 4.5
TL 1790325358.203 329.0 3.8
TL 1790325358.303 420.1 3.7
TL 1790325358.403 307.2 4.0
TL 1790325358.503 346.5 4.1
TL 1790325358.604 481.8 4.4
TL 1790325358.704 300.9 4.2
TL 1790325358.804 381.2 3.6
TL 1790325358.904 499.1 4.7
TL 1790325359.004 218.0 3.2
TL 1790325359.104 358.4 3.2
TL 1790325359.205 383.9 6.4
TL 1790325359.305 400.5 4.7
TL 1790325359.405 431.6 4.0
TL 1790325359.506 999.2 3.3
TL 1790325359.606 336.3 4.4
TL 1790325359.706 197.3 2.6
TL 1790325359.806 412.4 3.7
TL 1790325359.906 420.3 3.3
TL 1790325360.006 361.8 3.7
TL 1790325360.106 303.9 4.0
TL 1790325360.207 498.9 5.0
TL 1790325360.307 321.9 3.8
TL 1790325360.408 473.7 3.7
TL 1790325360.508 773.3 2.0
TL 1790325360.608 272.4 2.2
TL 1790325360.708 304.7 4.4
TL 1790325360.808 316.7 3.9
TL 1790325360.909 302.0 4.6
TL 1790325361.009 322.3 4.3
TL 1790325361.110 373.0 4.3
TL 1790325361.210 320.3 4.0
TL 1790325361.310 517.5 3.7
TL 1790325361.410 437.7 2.8
TL 1790325361.510 442.9 3.4
TL 1790325361.611 400.0 3.9
TL 1790325361.710 142.1 2.3
TL 1790325361.811 333.0 3.9
TL 1790325361.911 336.0 4.3
TL 1790325362.011 530.3 3.0
TL 1790325362.112 931.4 3.0
TL 1790325362.212 297.9 4.0
TL 1790325362.312 726.7 3.9
TL 1790325362.412 304.8 2.6
TL 1790325362.512 592.4 3.7
TL 1790325362.613 410.2 3.3
TL 1790325362.713 371.3 3.5
TL 1790325362.813 292.2 3.4
TL 1790325362.914 746.4 2.8
TL 1790325363.014 709.9 2.8
TL 1790325363.113 226.7 3.1
TL 1790325363.214 280.6 3.9
TL 1790325363.314 278.5 4.2
TL 1790325363.414 408.1 3.6
TL 1790325363.514 301.4 3.9
TL 1790325363.615 411.1 3.5
TL 1790325363.715 100.0 1.6
TL 1790325363.815 137.0 2.0
TL 1790325363.916 206.9 2.4
TL 1790325364.016 664.9 2.9
TL 1790325364.117 324.0 4.2
TL 1790325364.219 1614.4 3.6
TL 1790325364.317 230.0 3.0
TL 1790325364.418 339.3 3.2
TL 1790325364.518 437.3 3.4
TL 1790325364.618 282.2 3.6
TL 1790325364.718 234.5 2.8
TL 1790325364.818 256.0 3.7
TL 1790325364.919 711.8 3.7
TL 1790325365.019 643.0 2.6
TL 1790325365.119 355.2 3.9
TL 1790325365.219 309.1 3.5
TL 1790325365.320 409.7 3.8
TL 1790325365.420 481.9 3.6
TL 1790325365.521 573.1 2.5
TL 1790325365.621 306.4 3.7
TL 1790325365.720 70.6 2.1
TL 1790325365.821 317.0 3.2
TL 1790325365.921 305.8 4.1
TL 1790325366.021 316.5 4.6
TL 1790325366.121 299.8 3.8
TL 1790325366.222 395.5 3.2
TL 1790325366.322 293.9 3.9
TL 1790325366.422 404.4 3.5
TL 1790325366.522 303.6 3.8
TL 1790325366.622 347.4 4.7
TL 1790325366.723 578.7 3.5
TL 1790325366.823 268.9 3.5
TL 1790325366.924 646.1 3.2
TL 1790325367.024 399.0 3.6
TL 1790325367.124 480.5 4.3
TL 1790325367.224 318.6 3.9
TL 1790325367.324 286.2 3.9
TL 1790325367.425 425.9 4.1
TL 1790325367.525 332.6 4.2
TL 1790325367.626 508.2 4.1
TL 1790325367.725 122.5 2.1
TL 1790325367.826 373.2 4.2
TL 1790325367.926 287.8 4.4
TL 1790325368.026 268.4 3.2
TL 1790325368.127 644.6 3.5
TL 1790325368.227 428.4 4.4
TL 1790325368.327 323.0 4.4
TL 1790325368.427 93.4 2.2
TL 1790325368.527 312.5 4.5
TL 1790325368.627 321.3 4.7
TL 1790325368.728 395.6 4.1
TL 1790325368.828 792.7 2.1
TL 1790325368.928 334.0 3.8
TL 1790325369.028 469.0 3.8
TL 1790325369.128 316.1 4.4
TL 1790325369.229 347.8 4.0
TL 1790325369.329 334.1 4.2
TL 1790325369.429 352.3 3.7
TL 1790325369.529 143.1 2.2
TL 1790325369.629 326.7 4.0
TL 1790325369.729 422.2 4.0
TL 1790325369.830 431.4 3.9
TL 1790325369.930 413.9 4.4
TL 1790325370.031 602.7 3.0
TL 1790325370.131 443.4 60.0
TL 1790325370.232 513.7 4.3
TL 1790325370.332 599.7 2.6
TL 1790325370.435 3297.1 2.8
TL 1790325370.532 191.1 2.4
TL 1790325370.632 223.2 2.8
TL 1790325370.732 172.0 2.7
TL 1790325370.833 771.7 3.1
TL 1790325370.933 290.6 3.5
TL 1790325371.034 234.4 2.6
TL 1790325371.134 691.1 1.9
TL 1790325371.234 445.3 2.9
TL 1790325371.335 780.3 2.9
TL 1790325371.434 355.7 3.5
TL 1790325371.535 367.9 4.3
TL 1790325371.635 212.7 3.5
TL 1790325371.736 317.5 2.4
TL 1790325371.838 1346.2 2.2
TL 1790325371.937 651.1 2.0
TL 1790325372.037 177.4 2.7
TL 1790325372.137 129.3 1.5
TL 1790325372.238 180.1 2.9
TL 1790325372.338 274.7 2.4
TL 1790325372.438 170.3 2.2
TL 1790325372.538 168.2 2.2
TL 1790325372.639 298.5 3.7
TL 1790325372.739 318.0 4.7
TL 1790325372.839 228.4 3.5
TL 1790325372.942 252.6 3.4
TL 1790325373.042 442.9 4.2
TL 1790325373.142 265.1 3.0
TL 1790325373.243 508.6 3.4
TL 1790325373.343 319.8 114.4
TL 1790325373.443 277.9 3.9
TL 1790325373.543 374.7 4.4
TL 1790325373.644 891.4 2.7
TL 1790325373.744 855.4 3.3
TL 1790325373.844 743.4 2.6
TL 1790325373.944 560.1 4.1
TL 1790325374.045 553.8 4.1
TL 1790325374.144 152.8 2.9
TL 1790325374.246 1153.3 2.9
TL 1790325374.345 452.9 4.2
TL 1790325374.446 336.1 4.7
TL 1790325374.546 384.3 3.8
TL 1790325374.647 683.5 3.5
TL 1790325374.748 759.0 2.9
TL 1790325374.848 307.0 4.1
TL 1790325374.949 821.2 3.7
TL 1790325375.049 341.6 4.1
TL 1790325375.149 509.5 3.2
TL 1790325375.249 370.8 3.9
TL 1790325375.351 1466.3 2.0
TL 1790325375.450 191.8 2.5
TL 1790325375.550 254.2 2.1
TL 1790325375.650 218.5 3.2
TL 1790325375.750 292.3 2.7
TL 1790325375.850 275.7 2.7
TL 1790325375.951 413.0 4.5
TL 1790325376.050 205.7 3.1
TL 1790325376.151 397.6 3.0
TL 1790325376.251 440.2 2.9
TL 1790325376.351 241.2 3.1
TL 1790325376.451 324.4 3.4
TL 1790325376.552 334.1 4.4
TL 1790325376.653 309.5 4.9
TL 1790325376.754 968.3 3.4
TL 1790325376.853 328.5 5.7
TL 1790325376.953 328.5 4.3
TL 1790325377.054 378.9 5.5
TL 1790325377.154 564.2 3.1
TL 1790325377.254 462.1 4.1
TL 1790325377.355 1035.9 3.4
TL 1790325377.454 422.9 3.0
TL 1790325377.555 477.1 4.1
TL 1790325377.655 519.4 3.8
TL 1790325377.755 421.4 4.0
TL 1790325377.855 322.4 3.7
TL 1790325377.955 300.3 4.0
TL 1790325378.055 308.1 5.2
TL 1790325378.155 221.3 3.0
TL 1790325378.255 204.1 2.3
TL 1790325378.356 148.6 2.6
TL 1790325378.456 245.6 3.9
TL 1790325378.556 200.2 3.2
TL 1790325378.656 481.8 4.2
TL 1790325378.757 445.3 3.6
TL 1790325378.857 286.8 3.4
TL 1790325378.957 576.9 3.3
TL 1790325379.057 271.1 3.6
TL 1790325379.157 161.8 2.7
TL 1790325379.258 848.5 3.1
TL 1790325379.358 546.2 5.1
TL 1790325379.458 319.7 4.1
TL 1790325379.558 623.0 2.3
TL 1790325379.658 322.4 3.8
TL 1790325379.759 1193.1 4.2
TL 1790325379.859 371.4 5.2
TL 1790325379.960 900.2 3.7
TL 1790325380.059 335.6 4.7
TL 1790325380.160 499.9 4.1
TL 1790325380.260 252.0 2.4
TL 1790325380.360 229.6 2.5
TL 1790325380.460 305.1 3.6
TL 1790325380.560 222.3 2.0
TL 1790325380.660 211.5 2.2
TL 1790325380.760 162.4 2.4
TL 1790325380.861 343.8 2.7
TL 1790325380.961 176.9 2.6
TL 1790325381.061 136.5 2.1
TL 1790325381.161 185.5 2.0
TL 1790325381.261 268.1 2.0
TL 1790325381.361 148.2 2.0
TL 1790325381.461 161.3 2.0
TL 1790325381.561 169.7 2.7
TL 1790325381.662 339.5 3.8
TL 1790325381.762 664.8 3.2
TL 1790325381.863 960.9 9.0
TL 1790325381.962 340.5 3.2
TL 1790325382.062 357.1 2.9
TL 1790325382.162 201.2 2.5
TL 1790325382.263 392.0 2.5
TL 1790325382.363 436.5 3.3
TL 1790325382.464 282.4 4.0
TL 1790325382.564 493.4 2.7
TL 1790325382.665 554.2 3.9
TL 1790325382.764 369.9 3.0
TL 1790325382.865 352.1 2.9
TL 1790325382.965 518.6 3.1
TL 1790325383.066 557.2 3.5
TL 1790325383.166 306.7 3.5
TL 1790325383.266 326.0 3.7
TL 1790325383.366 301.9 3.3
TL 1790325383.467 769.0 4.0
TL 1790325383.567 549.7 3.3
TL 1790325383.666 201.4 2.8
TL 1790325383.767 565.0 3.3
TL 1790325383.867 308.4 4.0
TL 1790325383.967 341.5 4.2
TL 1790325384.067 441.6 5.1
TL 1790325384.168 352.2 3.3
TL 1790325384.268 913.1 1.8
TL 1790325384.368 645.2 3.1
TL 1790325384.469 630.1 3.1
TL 1790325384.569 966.1 2.4
TL 1790325384.669 297.4 2.3
TL 1790325384.769 760.0 2.8
TL 1790325384.869 416.2 4.4
TL 1790325384.970 721.7 2.9
TL 1790325385.070 860.9 3.1
TL 1790325385.170 380.6 3.9
TL 1790325385.270 176.2 2.1
TL 1790325385.370 357.2 3.9
TL 1790325385.471 341.9 3.9
TL 1790325385.571 759.2 3.4
TL 1790325385.671 519.5 3.9
TL 1790325385.772 818.7 2.2
TL 1790325385.872 514.6 2.8
TL 1790325385.972 607.1 4.0
TL 1790325386.072 428.5 4.5
TL 1790325386.172 303.2 4.1
TL 1790325386.273 616.5 3.7
TL 1790325386.373 324.4 3.5
TL 1790325386.473 339.6 3.4
TL 1790325386.573 449.9 2.0
TL 1790325386.673 167.4 2.4
TL 1790325386.773 187.7 2.0
TL 1790325386.874 268.7 3.2
TL 1790325386.974 357.7 4.1
TL 1790325387.074 178.3 2.3
TL 1790325387.175 275.2 3.5
TL 1790325387.275 171.2 2.7
TL 1790325387.375 166.4 2.8
TL 1790325387.475 188.9 2.3
TL 1790325387.576 797.0 2.9
TL 1790325387.675 446.6 1.9
TL 1790325387.775 177.0 2.1
TL 1790325387.876 496.8 2.8
TL 1790325387.976 853.0 4.8
TL 1790325388.076 478.7 2.1
TL 1790325388.176 308.3 4.3
TL 1790325388.276 319.7 4.5
TL 1790325388.377 291.9 4.7
TL 1790325388.477 366.3 4.5
TL 1790325388.577 348.8 4.9
TL 1790325388.677 397.2 4.5
TL 1790325388.778 433.5 4.7
TL 1790325388.878 237.2 3.3
TL 1790325388.978 356.1 3.9
TL 1790325389.078 377.7 4.4
TL 1790325389.178 387.0 4.2
TL 1790325389.279 553.4 3.2
TL 1790325389.379 627.0 2.9
TL 1790325389.479 612.0 3.6
TL 1790325389.579 173.6 2.4
TL 1790325389.679 180.9 2.7
TL 1790325389.779 524.4 4.2
TL 1790325389.880 544.1 2.3
TL 1790325389.980 337.9 4.0
TL 1790325390.080 386.9 3.9
TL 1790325390.180 281.4 3.7
TL 1790325390.281 374.3 2.9
TL 1790325390.381 305.4 2.4
TL 1790325390.481 189.3 2.3
TL 1790325390.582 1016.9 2.9
TL 1790325390.681 168.5 2.2
TL 1790325390.781 219.8 2.5
TL 1790325390.881 177.3 1.3
TL 1790325390.981 143.3 1.9
TL 1790325391.082 345.7 3.3
TL 1790325391.182 194.5 2.6
TL 1790325391.282 279.9 3.5
TL 1790325391.382 308.5 40.1
TL 1790325391.482 244.5 2.8
TL 1790325391.583 234.4 2.8
TL 1790325391.683 698.7 2.9
TL 1790325391.783 585.5 2.5
TL 1790325391.883 184.3 1.8
TL 1790325391.983 312.6 2.1
TL 1790325392.083 266.1 3.2
TL 1790325392.184 223.4 2.2
TL 1790325392.285 1729.6 1.8
TL 1790325392.392 7365.9 1.5
TL 1790325392.486 188.9 2.1
TL 1790325392.586 440.8 2.8
TL 1790325392.687 1419.6 1.7
TL 1790325392.786 133.2 1.6
TL 1790325392.887 324.2 1.6
TL 1790325392.987 105.8 1.5
TL 1790325393.087 116.7 1.6
TL 1790325393.188 433.2 4.9
TL 1790325393.288 300.7 4.2
TL 1790325393.389 349.9 336.7
TL 1790325393.489 564.4 4.4
TL 1790325393.589 667.4 3.4
TL 1790325393.689 679.9 3.4
TL 1790325393.789 328.4 4.1
TL 1790325393.889 220.6 3.1
TL 1790325393.989 330.4 2.9
TL 1790325394.091 479.2 2.1
TL 1790325394.191 210.4 27.7
TL 1790325394.291 694.3 2.2
TL 1790325394.392 742.9 55.3
TL 1790325394.491 212.6 2.7
TL 1790325394.592 1295.6 3.4
TL 1790325394.692 781.7 2.8
TL 1790325394.792 220.6 3.9
TL 1790325394.892 262.8 2.9
TL 1790325394.992 181.2 1.9
TL 1790325395.092 199.6 2.9
TL 1790325395.192 352.7 3.0
TL 1790325395.293 881.1 2.7
TL 1790325395.393 324.0 2.2
TL 1790325395.493 169.4 2.2
TL 1790325395.594 1168.7 4.0
TL 1790325395.693 338.4 2.8
TL 1790325395.794 1172.2 4.2
TL 1790325395.896 1337.9 1.8
TL 1790325395.995 563.0 2.6
TL 1790325396.095 153.4 2.3
TL 1790325396.195 275.1 4.2
TL 1790325396.296 856.6 3.5
TL 1790325396.396 247.7 3.4
TL 1790325396.496 296.7 3.6
TL 1790325396.596 191.6 2.0
TL 1790325396.696 158.4 2.0
TL 1790325396.796 613.3 1.9
TL 1790325396.896 260.8 2.1
TL 1790325396.996 153.0 2.1
TL 1790325397.096 158.9 2.4
TL 1790325397.197 341.4 3.5
TL 1790325397.297 475.4 2.6
TL 1790325397.397 198.9 2.2
TL 1790325397.497 172.0 2.4
TL 1790325397.597 282.4 2.8
TL 1790325397.697 222.4 2.5
TL 1790325397.797 166.0 2.2
TL 1790325397.897 162.9 2.7
TL 1790325397.998 148.9 2.0
TL 1790325398.098 308.1 3.6
TL 1790325398.198 308.8 3.5
TL 1790325398.298 296.8 4.4
TL 1790325398.398 299.7 3.2
TL 1790325398.499 335.5 3.6
TL 1790325398.599 643.6 4.4
TL 1790325398.699 591.0 2.3
TL 1790325398.799 426.8 3.6
TL 1790325398.899 133.0 1.7
TL 1790325399.000 326.0 4.0
TL 1790325399.100 304.7 3.7
TL 1790325399.200 527.8 4.0
TL 1790325399.300 458.5 3.5
TL 1790325399.400 386.3 3.2
TL 1790325399.501 647.7 3.6
TL 1790325399.601 584.7 3.7
TL 1790325399.701 585.6 4.1
TL 1790325399.801 803.9 2.9
TL 1790325399.901 277.9 1.9
TL 1790325400.002 863.2 3.5
TL 1790325400.102 343.3 3.9
TL 1790325400.202 450.2 3.7
TL 1790325400.302 299.6 3.9
TL 1790325400.403 590.9 4.1
TL 1790325400.503 681.2 3.4
TL 1790325400.603 320.2 4.2
TL 1790325400.703 423.5 3.7
TL 1790325400.803 218.2 3.3
TL 1790325400.903 122.1 1.4
TL 1790325401.004 750.2 3.3
TL 1790325401.104 355.9 5.0
TL 1790325401.204 206.7 2.4
TL 1790325401.304 171.4 2.5
TL 1790325401.404 196.0 2.8
TL 1790325401.505 964.4 3.3
TL 1790325401.605 634.1 2.5
TL 1790325401.704 223.0 3.0
TL 1790325401.805 326.6 4.7
TL 1790325401.905 372.6 2.8
TL 1790325402.005 77.1 1.8
TL 1790325402.105 309.4 2.5
TL 1790325402.205 127.2 2.3
TL 1790325402.305 248.4 2.1
TL 1790325402.405 192.8 1.7
TL 1790325402.510 4621.5 3.2
TL 1790325402.606 219.5 4.8
TL 1790325402.706 239.1 1.5
TL 1790325402.806 685.7 2.0
TL 1790325402.908 2571.2 2.1
TL 1790325403.006 506.0 2.3
TL 1790325403.106 114.7 1.6
TL 1790325403.206 187.4 1.9
TL 1790325403.309 2123.6 2.2
TL 1790325403.407 951.9 1.8
TL 1790325403.507 97.6 1.4
TL 1790325403.607 417.0 1.4
TL 1790325403.709 2130.2 1.6
TL 1790325403.807 139.5 3.0
TL 1790325403.907 111.8 1.9
TL 1790325404.008 508.6 2.0
TL 1790325404.107 95.5 3.3
TL 1790325404.208 68.6 2.5
TL 1790325404.308 387.4 1.7
TL 1790325404.408 78.2 2.0
TL 1790325404.508 248.3 2.9
TL 1790325404.609 894.9 1.7
TL 1790325404.709 217.1 1.8
TL 1790325404.809 137.3 2.1
TL 1790325404.910 972.8 20.3
TL 1790325405.009 557.3 1.8
TL 1790325405.109 604.6 1.8
TL 1790325405.209 89.9 2.5
TL 1790325405.310 1392.4 1.9
TL 1790325405.410 124.9 1.9
TL 1790325405.510 125.1 1.9
TL 1790325405.611 764.2 2.0
TL 1790325405.710 137.3 1.8
TL 1790325405.811 777.2 1.8
TL 1790325405.911 456.9 3.1
TL 1790325406.011 304.6 2.3
TL 1790325406.111 172.1 1.4
TL 1790325406.211 85.4 1.6
TL 1790325406.311 96.6 2.2
TL 1790325406.411 215.4 2.0
TL 1790325406.525 13945.9 1.9
TL 1790325406.612 449.7 1.4
TL 1790325406.712 580.9 1.9
TL 1790325406.812 257.1 270.7
TL 1790325406.912 84.2 1.4
TL 1790325407.012 111.1 1.5
TL 1790325407.112 128.4 1.4
TL 1790325407.213 500.5 2.1
TL 1790325407.313 523.5 2.4
TL 1790325407.413 941.2 1.7
TL 1790325407.514 1740.5 1.7
TL 1790325407.614 1040.5 1.8
TL 1790325407.713 79.2 1.7
TL 1790325407.813 446.7 2.2
TL 1790325407.913 85.6 1.9
TL 1790325408.013 210.7 1.7
TL 1790325408.114 373.6 1.7
TL 1790325408.214 160.7 1.7
TL 1790325408.342 28186.5 3.3
TL 1790325408.415 1061.0 2.4
TL 1790325408.515 841.6 1.9
TL 1790325408.614 232.4 1.5
TL 1790325408.714 91.0 1.5
TL 1790325408.814 111.9 2.0
TL 1790325408.915 418.6 1.6
TL 1790325409.015 257.0 1.7
TL 1790325409.115 92.9 1.6
TL 1790325409.224 9377.0 1.1
TL 1790325409.317 1810.4 2.3
TL 1790325409.420 4842.8 3.2
TL 1790325409.552 37433.5 2.7
TL 1790325409.742 126652.4 1.3
TL 1790325409.750 7910.2 1.1
TL 1790325409.842 159.9 2.1
TL 1790325409.942 81.8 1.9
TL 1790325410.044 932.0 2.0
TL 1790325410.145 1403.2 2.1
TL 1790325410.247 3738.3 2.3
TL 1790325410.345 572.9 1.9
TL 1790325410.464 14743.7 2.8
TL 1790325410.561 12037.6 2.2
TL 1790325410.661 10650.1 2.0
TL 1790325410.752 377.8 2.8
TL 1790325410.897 45421.6 2.2
TL 1790325410.974 22542.8 2.1
TL 1790325411.053 99.6 1.0
TL 1790325411.214 60945.5 3.0
TL 1790325411.261 8006.3 1.9
TL 1790325411.357 3343.3 1.6
TL 1790325411.455 1393.8 1.7
TL 1790325411.554 687.8 2.4
TL 1790325411.687 33615.1 2.3
TL 1790325412.100 346701.0 1.5
TL 1790325412.101 152.4 0.6
TL 1790325412.350 149514.8 2.1
TL 1790325412.351 701.8 0.7
TL 1790325412.493 42540.5 2.5
TL 1790325412.631 80245.1 2.3
TL 1790325412.656 4509.9 2.0
TL 1790325412.819 67439.3 1.7
TL 1790325412.871 19303.3 2.1
TL 1790325412.961 9375.7 2.3
TL 1790325413.165 113144.2 2.8
TL 1790325413.182 15175.2 1.5
TL 1790325413.268 698.8 2.1
TL 1790325413.380 13127.3 1.8
TL 1790325413.479 12210.3 1.5
TL 1790325413.568 1105.9 1.8
TL 1790325413.669 1388.8 2.5
TL 1790325413.782 14597.2 2.6
TL 1790325413.881 13464.5 2.9
TL 1790325413.975 6871.3 1.9
TL 1790325414.071 2414.1 2.0
TL 1790325414.185 16191.7 1.8
TL 1790325414.304 35106.0 2.2
TL 1790325414.446 77153.8 2.2
TL 1790325414.699 230249.8 2.1
TL 1790325414.712 12946.9 2.2
TL 1790325415.003 202731.4 2.1
TL 1790325415.004 1056.8 0.7
TL 1790325415.104 1012.7 1.5
TL 1790325415.218 14721.1 2.3
TL 1790325415.321 17393.1 2.5
TL 1790325415.452 48135.9 1.9
TL 1790325415.537 32934.6 2.1
TL 1790325415.615 11235.5 2.0
TL 1790325415.716 12042.6 2.3
TL 1790325415.811 6504.3 1.9
TL 1790325415.912 7276.8 2.1
TL 1790325416.006 1856.1 2.5
TL 1790325416.122 16784.9 1.2
TL 1790325416.205 85.8 1.3
TL 1790325416.321 16447.8 2.2
TL 1790325416.456 50491.0 2.6
TL 1790325417.455 950195.5 3.0
TL 1790325417.589 133433.6 2.3
TL 1790325417.630 41568.7 1.7
TL 1790325417.690 1106.5 2.7
TL 1790325417.891 102006.7 1.6
TL 1790325417.906 14968.3 2.4
TL 1790325418.040 48749.5 1.3
TL 1790325418.113 21294.6 2.1
TL 1790325418.310 117813.8 1.4
TL 1790325418.310 693.8 0.8
TL 1790325418.895 485415.9 2.1
TL 1790325418.897 1984.9 0.8
TL 1790325419.001 5758.1 4.0
TL 1790325419.099 3761.0 1.9
TL 1790325419.257 61187.0 2.8
TL 1790325419.358 62445.9 2.4
TL 1790325419.441 45612.9 2.2
TL 1790325419.569 73530.9 2.0
TL 1790325419.625 29454.0 2.7
TL 1790325419.702 5783.3 2.4
TL 1790325419.805 9180.9 3.0
TL 1790325419.900 3705.5 2.0
TL 1790325420.002 5435.6 1.9
TL 1790325420.098 524.3 2.3
TL 1790325420.198 945.7 1.6
TL 1790325420.301 3772.8 2.0
TL 1790325420.784 386476.5 1.9
TL 1790325421.124 340090.7 1.4
TL 1790325421.226 101383.1 1.1
TL 1790325421.777 548707.0 1.9
TL 1790325421.777 237.7 0.5
TL 1790325421.889 11990.0 1.1
TL 1790325421.991 6947.0 1.5
TL 1790325422.089 4568.8 1.6
TL 1790325422.195 10436.7 1.7
TL 1790325422.303 18350.8 1.9
TL 1790325422.385 629.9 1.4
TL 1790325422.490 5146.7 1.4
TL 1790325422.596 11433.7 2.3
TL 1790325422.697 11072.0 1.9
TL 1790325422.827 41224.2 2.0
TL 1790325422.897 8246.7 1.6
TL 1790325422.990 1058.6 1.9
TL 1790325423.091 1924.7 1.7
TL 1790325423.213 24471.0 3.4
TL 1790325423.296 6924.7 2.3
TL 1790325423.392 2470.6 2.1
TL 1790325423.490 427.7 1.9
TL 1790325423.592 2742.1 2.5
TL 1790325423.699 9743.4 2.0
TL 1790325423.800 7427.6 1.6
TL 1790325423.901 9043.4 1.8
TL 1790325423.999 6464.8 2.0
TL 1790325424.134 40976.7 1.8
TL 1790325424.200 7252.1 1.8
TL 1790325425.150 857363.9 3.0
TL 1790325425.184 33542.4 1.7
TL 1790325425.302 50953.6 289.8
TL 1790325426.509 1158576.8 0.9
TL 1790325426.510 314.2 0.4
TL 1790325426.667 57515.1 2.3
TL 1790325426.841 130859.5 2.4
TL 1790325427.861 1020874.1 2.1
TL 1790325427.862 50.4 0.5
TL 1790325429.170 1207945.8 2.4
TL 1790325429.242 72454.6 1.7
TL 1790325429.431 161197.4 3.1
TL 1790325429.432 1505.3 0.8
TL 1790325429.537 6030.6 1.7
TL 1790325429.742 111152.8 3.2
TL 1790325429.744 721.0 0.8
TL 1790325429.922 79017.9 1.7
TL 1790325429.955 12270.2 1.9
TL 1790325430.147 103602.1 2.2
TL 1790325430.190 42915.4 2.1
TL 1790325430.314 67088.7 2.3
TL 1790325430.403 55685.4 2.2
TL 1790325430.560 112906.3 1.5
TL 1790325430.645 85386.8 1.9
TL 1790325430.679 18719.6 2.1
TL 1790325430.791 30419.5 1.4
TL 1790325431.208 347392.2 184.7
TL 1790325431.220 12092.2 1.8
TL 1790325431.445 137290.9 1.6
TL 1790325431.446 69.2 0.7
TL 1790325431.560 14506.9 2.6
TL 1790325431.729 82798.1 3.4
TL 1790325431.811 65177.3 3.6
TL 1790325431.854 7209.1 3.7
TL 1790325431.962 15911.0 3.2
TL 1790325432.075 28521.5 3.1
TL 1790325432.163 15756.2 2.0
TL 1790325432.256 9197.1 2.3
TL 1790325432.363 16437.9 2.1
TL 1790325432.463 15410.4 2.1
TL 1790325432.548 388.5 2.0
TL 1790325432.648 560.2 1.9
TL 1790325432.748 84.4 1.7
TL 1790325432.856 8428.4 2.4
TL 1790325432.948 394.6 2.0
TL 1790325433.055 6407.4 1.8
TL 1790325433.162 13940.3 1.8
TL 1790325433.254 5863.8 2.1
TL 1790325433.349 564.4 3.0
TL 1790325433.449 169.4 2.0
TL 1790325433.552 2897.3 1.6
TL 1790325433.652 3391.3 2.8
TL 1790325433.755 5490.3 2.4
TL 1790325433.849 82.6 2.2
TL 1790325433.950 579.9 2.4
TL 1790325434.049 60.7 2.0
TL 1790325434.162 11814.1 2.6
TL 1790325434.259 8698.3 2.1
TL 1790325434.364 13839.5 2.3
TL 1790325434.452 1717.7 1.5
TL 1790325434.551 506.8 2.3
TL 1790325434.659 8914.4 2.1
TL 1790325434.766 15468.1 1.9
TL 1790325434.851 621.5 2.2
TL 1790325434.952 1208.9 2.6
TL 1790325435.051 509.0 2.2
TL 1790325435.152 1289.9 1.9
TL 1790325435.253 2069.3 2.2
TL 1790325435.353 1550.6 1.8
TL 1790325435.452 843.8 3.2
TL 1790325435.552 591.3 1.9
TL 1790325435.652 467.3 4.0
TL 1790325435.753 960.5 3.0
TL 1790325435.852 160.1 2.8
TL 1790325435.953 854.8 2.4
TL 1790325436.053 501.0 2.2
TL 1790325436.154 791.7 2.2
TL 1790325436.257 3300.3 1.9
TL 1790325436.356 2007.6 2.0
TL 1790325436.455 1257.8 1.9
TL 1790325436.556 2227.3 2.0
TL 1790325436.655 665.4 1.5
TL 1790325436.754 173.9 1.8
TL 1790325436.854 243.2 1.8
TL 1790325436.956 1635.2 1.7
TL 1790325437.055 118.3 1.7
TL 1790325437.157 2061.4 2.6
TL 1790325437.257 1632.9 2.4
TL 1790325437.364 9219.1 1.9
TL 1790325437.469 13637.3 2.7
TL 1790325437.557 1289.8 2.4
TL 1790325437.658 2434.3 1.7
TL 1790325437.757 1670.5 1.9
TL 1790325437.858 2149.3 3.3
TL 1790325437.957 1364.3 2.3
TL 1790325438.057 515.1 2.5
TL 1790325438.156 202.4 2.6
TL 1790325438.258 201.0 1.8
TL 1790325438.365 6374.7 1.9
TL 1790325438.460 243.7 1.7
TL 1790325438.566 6110.3 2.1
TL 1790325438.664 3898.2 1.5
TL 1790325438.804 44005.9 1.6
TL 1790325438.860 130.7 2.8
TL 1790325438.962 2002.4 2.1
TL 1790325439.061 1078.3 2.1
TL 1790325439.171 10752.7 2.2
TL 1790325439.261 548.0 1.8
TL 1790325439.364 3577.1 2.0
TL 1790325439.461 634.9 1.8
TL 1790325439.561 124.0 1.9
TL 1790325439.665 4092.9 1.7
TL 1790325439.762 834.4 2.2
TL 1790325439.872 10460.8 2.0
TL 1790325439.970 8504.1 1.9
TL 1790325440.082 21006.2 2.8
TL 1790325440.162 95.6 2.0
TL 1790325440.273 11182.2 1.6
TL 1790325440.370 8180.8 1.8
TL 1790325440.467 5453.7 2.3
TL 1790325440.567 4610.6 3.0
TL 1790325440.668 6208.5 2.1
TL 1790325440.764 85.9 0.7
TL 1790325440.877 12893.5 2.1
TL 1790325440.970 5849.9 1.9
TL 1790325441.103 39279.0 3.1
TL 1790325441.180 15814.3 1.3
TL 1790325441.266 1813.3 1.4
TL 1790325441.409 44681.3 1.8
TL 1790325441.475 10581.6 2.0
TL 1790325441.623 58268.5 2.1
TL 1790325441.675 9799.0 1.7
TL 1790325441.768 2757.2 2.5
TL 1790325442.036 170554.8 2.8
TL 1790325442.039 2711.9 1.7
TL 1790325442.143 6985.6 2.1
TL 1790325442.379 142476.2 2.2
TL 1790325442.466 86824.2 2.1
TL 1790325442.481 2417.0 1.6
TL 1790325442.603 23916.3 2.1
TL 1790325442.679 90.8 2.2
TL 1790325442.796 16119.9 2.2
TL 1790325442.884 4103.0 2.3
TL 1790325442.983 3219.5 2.1
TL 1790325443.127 47081.1 2.3
TL 1790325443.186 5727.7 2.1
TL 1790325443.329 48754.3 2.6
TL 1790325443.393 13270.8 2.3
TL 1790325443.578 97625.4 2.3
TL 1790325443.586 5495.1 2.1
TL 1790325443.681 650.8 2.3
TL 1790325443.800 19084.6 2.7
TL 1790325443.977 96560.2 2.1
TL 1790325444.007 26082.7 1.8
TL 1790325444.089 7752.8 2.7
TL 1790325444.193 11945.7 2.0
TL 1790325444.411 129105.4 2.6
TL 1790325444.411 264.9 0.6
TL 1790325444.645 133146.0 2.2
TL 1790325444.646 1430.5 1.2
TL 1790325444.790 45262.8 2.0
TL 1790325445.227 382068.3 2.8
TL 1790325445.228 1401.0 1.1
TL 1790325445.328 369.5 2.0
TL 1790325445.445 17221.7 3.0
TL 1790325445.528 83.2 2.3
TL 1790325445.637 8977.3 2.9
TL 1790325445.745 17427.7 3.7
TL 1790325445.872 44013.8 2.2
TL 1790325445.948 20277.6 2.4
TL 1790325446.029 1096.9 3.0
TL 1790325446.179 50106.1 3.0
TL 1790325446.245 16723.6 3.0
TL 1790325446.346 16583.7 3.0
TL 1790325446.431 1434.8 2.5
TL 1790325446.546 17132.4 2.1
TL 1790325446.645 15742.1 1.5
TL 1790325446.732 1723.1 1.4
TL 1790325446.871 40468.3 2.8
TL 1790325446.941 10716.2 3.6
TL 1790325447.032 1110.2 2.1
TL 1790325447.146 14666.6 2.5
TL 1790325447.247 15524.2 2.9
TL 1790325447.342 10753.8 1.9
TL 1790325447.433 1946.9 2.7
TL 1790325447.563 31713.8 3.6
TL 1790325447.680 47350.1 2.2
TL 1790325447.813 80135.7 1.8
TL 1790325447.845 12017.4 1.4
TL 1790325447.997 64168.4 2.4
TL 1790325448.163 129795.6 2.6
TL 1790325448.167 4079.0 2.2
TL 1790325448.277 13501.8 2.0
TL 1790325448.432 68444.6 4.6
TL 1790325448.531 67214.4 2.3
TL 1790325448.567 3788.8 5.4
TL 1790325448.681 17391.8 2.1
TL 1790325448.914 149760.2 2.7
TL 1790325448.914 593.0 1.2
TL 1790325449.115 101125.9 1.5
TL 1790325449.115 376.8 0.8
TL 1790325449.390 174927.6 3.0
TL 1790325449.395 5511.9 0.9
TL 1790325449.574 83879.6 2.9
TL 1790325449.627 36355.3 2.9
TL 1790325449.811 121129.1 1.9
TL 1790325449.830 18520.9 2.0
TL 1790325449.964 52915.2 2.7
TL 1790325450.022 10644.7 2.3
TL 1790325450.175 62919.7 2.7
TL 1790325450.328 116078.5 2.4
TL 1790325450.328 111.7 0.6
TL 1790325450.431 2393.0 2.0
TL 1790325450.606 77720.1 2.4
TL 1790325450.710 81442.8 3.7
TL 1790325450.749 20227.9 2.6
TL 1790325450.858 29177.9 3.9
TL 1790325451.015 86009.7 3.2
TL 1790325451.043 14198.1 2.2
TL 1790325451.183 53853.4 2.5
TL 1790325451.337 108082.1 2.9
TL 1790325451.338 609.2 1.1
TL 1790325451.446 7894.8 2.6
TL 1790325451.593 55504.6 2.1
TL 1790325451.890 252305.2 2.0
TL 1790325451.892 1845.3 1.1
TL 1790325452.191 200290.5 2.9
TL 1790325452.249 57836.7 1.5
TL 1790325452.443 151510.5 1.6
TL 1790325452.549 105631.3 2.4
TL 1790325452.549 507.8 0.6
TL 1790325452.756 106749.8 3.3
TL 1790325452.756 289.5 0.6
TL 1790325454.031 1174831.4 2.5
TL 1790325454.033 2169.7 1.2
TL 1790325454.134 3218.5 2.1
TL 1790325454.237 6136.9 1.9
TL 1790325454.333 1841.8 2.5
TL 1790325454.433 1328.3 1.7
TL 1790325454.566 34729.5 2.5
TL 1790325454.734 102375.5 1.8
TL 1790325454.735 680.2 1.4
TL 1790325454.855 21476.5 2.4
TL 1790325454.939 4544.7 1.7
TL 1790325455.035 865.8 2.3
TL 1790325455.200 66086.0 1.3
TL 1790325455.297 62270.2 2.5
TL 1790325455.335 744.1 1.4
TL 1790325455.435 149.1 2.2
TL 1790325455.537 2013.9 2.2
TL 1790325455.635 114.2 1.7
TL 1790325455.736 827.1 2.2
TL 1790325455.842 6992.6 1.6
TL 1790325455.936 927.0 2.0
TL 1790325456.035 62.9 2.1
TL 1790325456.136 521.7 1.5
TL 1790325456.236 608.3 1.7
TL 1790325456.336 390.0 1.7
TL 1790325456.436 727.4 1.9
TL 1790325456.536 617.0 2.0
TL 1790325456.636 324.4 3.8
TL 1790325456.737 886.1 54.1
TL 1790325456.838 1020.3 1.8
TL 1790325456.937 551.4 1.8
TL 1790325457.037 366.5 1.9
TL 1790325457.137 295.1 1.7
TL 1790325457.237 152.5 1.7
TL 1790325457.337 94.6 1.8
TL 1790325457.438 351.8 2.0
TL 1790325457.537 98.4 1.5
TL 1790325457.638 143.8 2.2
TL 1790325457.738 389.2 1.8
TL 1790325457.838 179.8 1.8
TL 1790325457.938 170.7 2.6
TL 1790325458.038 235.7 1.6
TL 1790325458.138 219.6 1.7
TL 1790325458.238 79.8 2.3
TL 1790325458.338 123.6 1.6
TL 1790325458.440 1931.6 2.9
TL 1790325458.539 172.0 2.1
TL 1790325458.639 109.1 1.3
TL 1790325458.739 226.0 1.1
TL 1790325458.839 234.2 1.7
TL 1790325458.939 141.8 1.6
TL 1790325459.040 335.7 1.9
TL 1790325459.140 690.1 1.6
TL 1790325459.240 441.6 1.7
TL 1790325459.341 643.3 2.6
TL 1790325459.441 347.8 1.9
TL 1790325459.541 688.0 3.6
TL 1790325459.641 193.8 2.3
TL 1790325459.742 986.8 4.2
TL 1790325459.843 1123.5 4.0
TL 1790325459.942 419.4 3.6
TL 1790325460.042 762.8 3.5
TL 1790325460.142 197.3 2.2
TL 1790325460.243 1176.6 4.3
TL 1790325460.343 711.8 4.4
TL 1790325460.443 495.2 3.2
TL 1790325460.543 424.1 3.3
TL 1790325460.643 253.4 1.7
TL 1790325460.743 149.3 1.2
TL 1790325460.843 485.7 1.9
TL 1790325460.947 4245.8 11.1
TL 1790325461.044 685.4 2.7
TL 1790325461.145 928.1 3.7
TL 1790325461.245 860.7 3.4
TL 1790325461.345 902.7 3.6
TL 1790325461.445 246.7 2.1
TL 1790325461.545 391.8 2.1
TL 1790325461.646 619.0 3.2
TL 1790325461.747 708.4 2.9
TL 1790325461.847 681.2 2.0
TL 1790325461.948 634.2 3.1
TL 1790325462.047 167.2 2.0
TL 1790325462.147 167.9 2.1
TL 1790325462.248 481.2 2.1
TL 1790325462.348 303.1 1.8
TL 1790325462.448 228.9 1.8
TL 1790325462.549 1359.5 2.1
TL 1790325462.659 11054.4 3.6
TL 1790325462.749 501.1 2.1
TL 1790325462.850 1422.9 1.9
TL 1790325462.949 303.0 1.6
TL 1790325463.049 433.9 3.3
TL 1790325463.150 877.3 2.8
TL 1790325463.250 544.5 2.0
TL 1790325463.350 595.7 3.6
TL 1790325463.450 144.8 1.5
TL 1790325463.551 748.9 4.2
TL 1790325463.650 481.1 2.5
TL 1790325463.751 652.2 4.4
TL 1790325463.852 1842.4 2.3
TL 1790325463.952 1052.6 4.0
TL 1790325464.051 257.9 2.1
TL 1790325464.151 232.7 2.2
TL 1790325464.252 863.1 2.8
TL 1790325464.352 275.4 2.4
TL 1790325464.452 227.3 2.3
TL 1790325464.552 276.3 3.0
TL 1790325464.652 265.6 1.7
TL 1790325464.753 456.3 3.4
TL 1790325464.853 403.0 1.8
TL 1790325464.955 1949.8 4.7
TL 1790325465.053 595.8 2.2
TL 1790325465.153 436.3 2.7
TL 1790325465.254 486.2 3.5
TL 1790325465.354 857.6 3.3
TL 1790325465.454 166.9 2.3
TL 1790325465.554 217.8 4.0
TL 1790325465.655 417.0 2.3
TL 1790325465.755 725.0 3.5
TL 1790325465.855 235.3 2.0
TL 1790325465.955 216.4 1.7
TL 1790325466.055 240.0 2.2
TL 1790325466.155 233.0 2.2
TL 1790325466.256 565.4 2.8
TL 1790325466.356 593.3 2.1
TL 1790325466.456 154.6 1.8
TL 1790325466.556 419.1 2.9
TL 1790325466.657 866.3 3.6
TL 1790325466.757 645.1 2.8
TL 1790325466.857 614.9 2.4
TL 1790325466.957 406.8 2.4
TL 1790325467.057 353.6 3.5
TL 1790325467.158 789.9 3.4
TL 1790325467.258 591.9 3.6
TL 1790325467.358 580.9 2.3
TL 1790325467.458 413.9 1.8
TL 1790325467.558 317.0 3.1
TL 1790325467.659 510.7 2.9
TL 1790325467.759 646.6 3.6
TL 1790325467.859 639.5 2.3
TL 1790325467.960 574.4 4.3
TL 1790325468.060 399.9 3.7
TL 1790325468.161 938.6 4.0
TL 1790325468.261 1338.0 3.5
TL 1790325468.361 863.1 3.3
TL 1790325468.461 380.4 2.5
TL 1790325468.561 381.7 2.1
TL 1790325468.661 672.9 3.9
TL 1790325468.761 111.3 3.1
TL 1790325468.862 690.5 3.0
TL 1790325468.961 408.4 3.6
TL 1790325469.062 453.6 3.7
TL 1790325469.162 1015.4 3.0
TL 1790325469.262 937.7 3.2
TL 1790325469.362 704.5 3.6
TL 1790325469.462 231.8 2.6
TL 1790325469.562 207.0 3.0
TL 1790325469.663 764.7 3.9
TL 1790325469.763 525.8 3.6
TL 1790325469.863 726.1 3.7
TL 1790325469.964 629.8 3.9
TL 1790325470.063 108.3 2.5
TL 1790325470.164 701.1 2.2
TL 1790325470.264 465.5 3.3
TL 1790325470.364 271.6 3.3
TL 1790325470.464 337.8 2.7
TL 1790325470.565 1145.0 2.0
TL 1790325470.664 184.3 2.3
TL 1790325470.765 458.1 3.5
TL 1790325470.865 620.0 3.9
TL 1790325470.966 778.6 3.4
TL 1790325471.065 380.9 1.8
TL 1790325471.166 591.8 2.8
TL 1790325471.266 392.4 2.8
TL 1790325471.366 622.2 3.2
TL 1790325471.466 332.2 1.8
TL 1790325471.567 751.5 3.7
TL 1790325471.667 666.8 3.0
TL 1790325471.767 494.6 3.8
TL 1790325471.868 847.6 4.5
TL 1790325471.967 128.2 1.7
TL 1790325472.068 285.1 2.5
TL 1790325472.168 172.0 0.9
TL 1790325472.268 234.0 2.2
TL 1790325472.368 560.5 3.3
TL 1790325472.469 455.1 2.9
TL 1790325472.569 634.7 2.6
TL 1790325472.669 432.5 2.6
TL 1790325472.769 416.2 2.4
TL 1790325472.870 1211.2 3.0
TL 1790325472.970 844.9 4.2
TL 1790325473.070 268.9 2.0
TL 1790325473.170 287.9 2.1
TL 1790325473.270 417.6 2.9
TL 1790325473.371 998.8 2.6
TL 1790325473.470 306.0 2.4
TL 1790325473.571 295.5 2.4
TL 1790325473.671 454.4 3.2
TL 1790325473.771 290.8 2.7
TL 1790325473.872 931.5 3.6
TL 1790325473.973 1196.8 2.2
TL 1790325474.072 535.1 3.2
TL 1790325474.172 696.1 3.1
TL 1790325474.272 483.6 3.4
TL 1790325474.373 757.0 2.9
TL 1790325474.473 477.7 2.6
TL 1790325474.573 798.9 3.8
TL 1790325474.673 662.5 3.2
TL 1790325474.773 414.2 2.4
TL 1790325474.873 504.6 2.1
TL 1790325474.974 730.1 2.6
TL 1790325475.073 240.1 2.1
TL 1790325475.174 783.6 2.8
TL 1790325475.274 157.6 1.8
TL 1790325475.374 212.4 2.1
TL 1790325475.474 439.7 2.4
TL 1790325475.575 1128.8 4.1
TL 1790325475.675 515.9 3.0
TL 1790325475.775 266.3 2.3
TL 1790325475.875 229.2 1.9
TL 1790325475.976 1352.0 2.3
TL 1790325476.076 344.7 3.5
TL 1790325476.176 734.1 4.7
TL 1790325476.276 504.7 3.9
TL 1790325476.376 390.8 2.1
TL 1790325476.477 590.5 3.2
TL 1790325476.577 607.1 3.6
TL 1790325476.677 392.3 3.6
TL 1790325476.777 253.7 1.3
TL 1790325476.878 895.6 3.7
TL 1790325476.978 674.8 4.1
TL 1790325477.078 547.1 3.4
TL 1790325477.178 565.4 2.3
TL 1790325477.278 1052.6 4.2
TL 1790325477.378 720.3 2.6
TL 1790325477.478 502.6 2.9
TL 1790325477.579 720.5 3.2
TL 1790325477.679 729.3 3.9
TL 1790325477.779 350.5 3.3
TL 1790325477.880 1957.5 3.5
TL 1790325477.980 1236.3 3.0
TL 1790325478.079 292.7 3.1
TL 1790325478.180 301.0 2.9
TL 1790325478.280 857.5 1.0
TL 1790325478.381 1025.1 2.1
TL 1790325478.480 383.4 1.3
TL 1790325478.581 889.9 4.1
TL 1790325478.681 511.3 2.2
TL 1790325478.781 629.9 3.0
TL 1790325478.882 629.0 2.4
TL 1790325478.982 797.7 4.5
TL 1790325479.082 314.0 2.7
TL 1790325479.182 527.2 3.0
TL 1790325479.282 736.6 2.4
TL 1790325479.383 803.9 3.1
TL 1790325479.482 225.1 1.6
TL 1790325479.585 3264.9 1.8
TL 1790325479.683 392.9 1.7
TL 1790325479.783 963.3 3.5
TL 1790325479.884 1259.0 4.8
TL 1790325479.983 480.7 1.9
TL 1790325480.083 338.1 3.4
TL 1790325480.183 412.4 3.4
TL 1790325480.284 903.0 1.9
TL 1790325480.384 566.3 3.9
TL 1790325480.484 186.7 0.9
TL 1790325480.584 464.0 1.9
TL 1790325480.684 481.8 4.1
TL 1790325480.785 425.5 2.4
TL 1790325480.884 163.5 1.7
TL 1790325480.985 545.7 3.4
TL 1790325481.085 404.3 3.3
TL 1790325481.185 630.2 3.0
TL 1790325481.286 1061.0 3.3
TL 1790325481.386 1033.6 4.5
TL 1790325481.486 339.7 1.7
TL 1790325481.586 689.7 3.6
TL 1790325481.686 450.2 3.5
TL 1790325481.786 299.5 2.8
TL 1790325481.887 793.6 3.8
TL 1790325481.987 729.5 3.4
TL 1790325482.087 218.8 1.7
TL 1790325482.187 97.9 1.7
TL 1790325482.287 287.2 1.5
TL 1790325482.389 1938.7 1.6
TL 1790325482.488 490.5 2.2
TL 1790325482.588 470.5 2.0
TL 1790325482.688 523.4 3.9
TL 1790325482.789 735.4 3.2
TL 1790325482.888 142.0 1.6
TL 1790325482.989 495.9 2.7
TL 1790325483.088 212.2 3.0
TL 1790325483.189 215.1 2.3
TL 1790325483.289 819.5 3.9
TL 1790325483.389 535.6 3.3
TL 1790325483.489 365.2 2.5
TL 1790325483.591 1352.7 4.6
TL 1790325483.691 619.5 3.5
TL 1790325483.792 793.6 3.6
TL 1790325483.892 480.3 4.3
TL 1790325483.992 964.5 3.4
TL 1790325484.092 590.8 2.3
TL 1790325484.192 651.9 3.4
TL 1790325484.293 946.9 3.7
TL 1790325484.393 984.8 3.5
TL 1790325484.492 154.2 1.9
TL 1790325484.593 706.6 3.6
TL 1790325484.693 637.3 3.5
TL 1790325484.794 628.5 3.1
TL 1790325484.894 460.2 3.1
TL 1790325484.995 962.6 2.4
TL 1790325485.095 389.7 2.6
TL 1790325485.195 715.5 3.3
TL 1790325485.295 546.9 3.1
TL 1790325485.395 552.8 2.8
TL 1790325485.495 253.9 1.0
TL 1790325485.596 776.3 2.2
TL 1790325485.696 583.3 2.9
TL 1790325485.796 718.9 3.1
TL 1790325485.896 504.4 3.9
TL 1790325485.997 657.6 3.0
TL 1790325486.097 523.6 4.1
TL 1790325486.198 1298.2 2.9
TL 1790325486.297 704.4 3.4
TL 1790325486.397 320.7 2.6
TL 1790325486.498 263.9 1.4
TL 1790325486.598 703.3 3.1
TL 1790325486.699 721.1 2.4
TL 1790325486.799 696.6 2.6
TL 1790325486.898 175.9 2.9
TL 1790325486.999 787.6 4.6
TL 1790325487.099 286.7 2.9
TL 1790325487.199 688.6 2.8
TL 1790325487.300 765.9 2.3
TL 1790325487.400 348.7 4.0
TL 1790325487.500 257.1 0.9
TL 1790325487.601 874.7 3.7
TL 1790325487.702 1448.4 3.8
TL 1790325487.801 908.0 3.3
TL 1790325487.902 1188.1 2.4
TL 1790325488.002 800.8 3.4
TL 1790325488.101 332.2 3.2
TL 1790325488.202 1069.8 2.8
TL 1790325488.302 1040.8 3.1
TL 1790325488.404 931.4 3.7
TL 1790325488.503 382.3 1.6
TL 1790325488.604 719.1 3.2
TL 1790325488.704 455.5 3.4
TL 1790325488.803 144.6 1.6
TL 1790325488.904 754.8 2.7
TL 1790325489.004 495.4 1.6
TL 1790325489.105 833.2 3.0
TL 1790325489.205 869.1 2.2
TL 1790325489.305 709.3 4.5
TL 1790325489.406 1116.6 4.8
TL 1790325489.505 419.6 2.2
TL 1790325489.606 643.1 3.4
TL 1790325489.706 708.0 3.7
TL 1790325489.807 577.6 3.1
TL 1790325489.907 1149.0 4.0
TL 1790325490.007 503.3 1.8
TL 1790325490.107 322.4 3.4
TL 1790325490.207 535.2 3.1
TL 1790325490.308 581.6 2.8
TL 1790325490.409 1499.4 3.3
TL 1790325490.508 636.1 1.9
TL 1790325490.608 809.7 3.3
TL 1790325490.709 965.4 2.7
TL 1790325490.809 791.0 3.2
TL 1790325490.909 488.7 3.5
TL 1790325491.011 1023.8 3.4
TL 1790325491.111 579.4 2.8
TL 1790325491.211 810.6 2.9
TL 1790325491.311 448.7 3.3
TL 1790325491.412 1413.2 3.3
TL 1790325491.513 1046.5 2.6
TL 1790325491.612 637.6 2.3
TL 1790325491.712 476.8 2.9
TL 1790325491.813 447.3 3.6
TL 1790325491.913 909.5 3.2
TL 1790325492.013 595.6 3.1
TL 1790325492.113 570.6 2.5
TL 1790325492.214 603.4 3.1
TL 1790325492.314 578.0 3.5
TL 1790325492.414 839.6 2.7
TL 1790325492.514 645.4 3.1
TL 1790325492.615 573.2 2.3
TL 1790325492.714 147.1 1.3
TL 1790325492.816 492.0 1.7
TL 1790325492.916 412.4 2.0
TL 1790325493.017 1366.7 2.1
TL 1790325493.116 324.6 1.8
TL 1790325493.216 567.8 1.8
TL 1790325493.316 223.4 1.6
TL 1790325493.416 535.6 2.1
TL 1790325493.517 655.4 3.8
TL 1790325493.617 619.8 2.9
TL 1790325493.717 876.1 3.6
TL 1790325493.817 257.5 2.3
TL 1790325493.918 869.3 3.4
TL 1790325494.018 418.0 2.4
TL 1790325494.118 312.1 2.8
TL 1790325494.219 1172.9 3.5
TL 1790325494.318 218.3 2.2
TL 1790325494.418 223.7 1.8
TL 1790325494.518 375.0 1.7
TL 1790325494.618 510.9 1.1
TL 1790325494.725 3758.3 4.0
TL 1790325494.822 872.4 1.1
TL 1790325494.922 748.0 2.6
TL 1790325495.022 462.4 3.6
TL 1790325495.123 396.8 3.0
TL 1790325495.223 1020.0 2.9
TL 1790325495.323 371.0 2.8
TL 1790325495.424 1104.0 4.4
TL 1790325495.524 729.3 2.7
TL 1790325495.624 1004.0 2.4
TL 1790325495.724 498.9 1.3
TL 1790325495.824 190.7 2.5
TL 1790325495.925 903.5 3.6
TL 1790325496.025 837.7 2.2
TL 1790325496.125 836.2 4.0
TL 1790325496.225 379.6 2.2
TL 1790325496.326 1183.3 3.5
TL 1790325496.426 741.0 3.2
TL 1790325496.526 608.6 3.7
TL 1790325496.626 574.2 2.6
TL 1790325496.726 483.2 1.9
TL 1790325496.827 767.8 1.8
TL 1790325496.927 1086.8 3.5
TL 1790325497.027 1144.9 4.0
TL 1790325497.127 518.7 3.3
TL 1790325497.228 966.5 2.4
TL 1790325497.329 1345.9 3.6
TL 1790325497.428 834.9 2.5
TL 1790325497.529 1185.5 4.3
TL 1790325497.629 765.5 3.2
TL 1790325497.729 903.2 4.6
TL 1790325497.829 587.1 3.4
TL 1790325497.929 336.1 3.9
TL 1790325498.031 693.9 4.0
TL 1790325498.131 637.3 3.7
TL 1790325498.232 1570.1 3.6
TL 1790325498.332 783.9 3.4
TL 1790325498.431 243.7 2.6
TL 1790325498.532 526.8 3.7
TL 1790325498.632 862.5 2.2
TL 1790325498.732 706.6 3.5
TL 1790325498.834 1703.4 4.1
TL 1790325498.933 1126.0 4.3
TL 1790325499.033 347.0 2.8
TL 1790325499.133 387.7 2.7
TL 1790325499.233 402.3 2.3
TL 1790325499.334 1013.1 6.8
TL 1790325499.434 476.1 4.2
TL 1790325499.534 331.9 3.3
TL 1790325499.635 1265.9 3.1
TL 1790325499.735 776.3 2.9
TL 1790325499.836 1485.2 3.4
TL 1790325499.935 1021.1 4.0
TL 1790325500.035 482.9 3.7
TL 1790325500.135 263.7 2.3
TL 1790325500.236 629.0 1.4
TL 1790325500.336 927.2 3.3
TL 1790325500.436 548.0 3.9
TL 1790325500.536 234.3 1.9
TL 1790325500.636 80.5 1.7
TL 1790325500.737 394.3 1.7
TL 1790325500.837 854.4 3.2
TL 1790325500.938 1024.5 4.5
TL 1790325501.037 430.4 3.1
TL 1790325501.139 816.7 2.2
TL 1790325501.239 381.1 2.0
TL 1790325501.339 506.8 1.8
TL 1790325501.440 953.6 3.6
TL 1790325501.540 645.9 3.5
TL 1790325501.640 806.5 27.8
TL 1790325501.740 678.0 3.1
TL 1790325501.841 1183.2 4.5
TL 1790325501.941 791.1 4.2
TL 1790325502.041 341.4 2.2
TL 1790325502.142 618.9 4.4
TL 1790325502.244 2478.0 3.3
TL 1790325502.342 661.3 3.1
TL 1790325502.442 262.4 2.7
TL 1790325502.542 612.8 3.5
TL 1790325502.643 658.7 2.9
TL 1790325502.743 520.8 3.3
TL 1790325502.844 1694.8 3.4
TL 1790325502.943 551.9 4.0
TL 1790325503.044 833.8 2.4
TL 1790325503.144 707.9 3.1
TL 1790325503.243 239.5 2.4
TL 1790325503.344 721.7 2.9
TL 1790325503.444 748.5 5.2
TL 1790325503.545 813.8 3.6
TL 1790325503.645 602.2 3.1
TL 1790325503.745 628.5 3.7
TL 1790325503.846 977.0 3.9
TL 1790325503.945 475.7 3.6
TL 1790325504.046 570.3 4.0
TL 1790325504.146 543.0 2.8
TL 1790325504.246 553.5 3.2
TL 1790325504.346 799.6 3.4
TL 1790325504.446 354.3 3.3
TL 1790325504.547 504.9 4.0
TL 1790325504.647 434.8 2.4
TL 1790325504.747 981.4 4.1
TL 1790325504.847 209.5 1.2
TL 1790325504.947 296.6 2.4
TL 1790325505.049 824.7 3.7
TL 1790325505.149 854.7 4.4
TL 1790325505.249 859.8 4.2
TL 1790325505.350 1491.0 3.8
TL 1790325505.449 570.9 5.4
TL 1790325505.550 700.6 4.1
TL 1790325505.650 439.4 2.6
TL 1790325505.750 372.5 3.0
TL 1790325505.851 1154.2 3.4
TL 1790325505.951 578.6 4.2
TL 1790325506.052 1011.7 4.0
TL 1790325506.152 731.9 2.9
TL 1790325506.252 979.5 2.9
TL 1790325506.353 1010.5 2.4
TL 1790325506.452 756.0 3.5
TL 1790325506.553 1009.2 4.0
TL 1790325506.653 433.3 3.0
TL 1790325506.753 612.0 3.3
TL 1790325506.854 1282.2 3.5
TL 1790325506.953 451.5 3.1
TL 1790325507.054 503.7 2.8
TL 1790325507.154 380.9 3.1
TL 1790325507.254 631.4 3.1
TL 1790325507.354 269.5 1.9
TL 1790325507.454 566.3 2.1
TL 1790325507.554 159.0 2.6
TL 1790325507.654 161.4 1.4
TL 1790325507.755 544.3 2.4
TL 1790325507.855 89.0 2.1
TL 1790325507.960 3725.9 8.2
TL 1790325508.057 477.3 2.5
TL 1790325508.157 481.8 3.9
TL 1790325508.257 341.4 3.3
TL 1790325508.357 247.9 2.4
TL 1790325508.457 413.3 3.1
TL 1790325508.558 804.0 3.9
TL 1790325508.659 1321.7 2.9
TL 1790325508.758 785.9 2.9
TL 1790325508.858 403.4 2.3
TL 1790325508.958 388.4 3.3
TL 1790325509.059 403.6 3.5
TL 1790325509.159 868.5 3.2
TL 1790325509.259 849.7 2.6
TL 1790325509.359 684.8 3.3
TL 1790325509.460 701.4 3.8
TL 1790325509.560 647.8 3.4
TL 1790325509.661 585.3 2.8
TL 1790325509.761 585.4 3.2
TL 1790325509.861 538.0 6.4
TL 1790325509.961 143.6 2.2
TL 1790325510.061 488.4 1.8
TL 1790325510.162 522.1 3.0
TL 1790325510.262 675.2 3.2
TL 1790325510.363 1149.3 5.7
TL 1790325510.463 684.0 3.6
TL 1790325510.564 1019.2 4.2
TL 1790325510.663 476.6 2.6
TL 1790325510.764 804.3 2.3
TL 1790325510.864 415.7 1.3
TL 1790325510.965 876.1 1.4
TL 1790325511.065 520.7 2.0
TL 1790325511.165 536.1 1.7
TL 1790325511.264 249.6 1.9
TL 1790325511.365 227.4 1.7
TL 1790325511.465 163.6 1.5
TL 1790325511.565 247.6 2.0
TL 1790325511.665 499.3 3.0
TL 1790325511.766 995.2 4.5
TL 1790325511.866 882.6 3.0
TL 1790325511.966 751.4 3.9
TL 1790325512.066 409.1 3.7
TL 1790325512.166 122.3 1.8
TL 1790325512.267 382.4 1.7
TL 1790325512.367 495.4 1.6
TL 1790325512.467 196.9 1.7
TL 1790325512.572 2229.3 11.9
TL 1790325512.671 547.9 3.1
TL 1790325512.773 2743.0 1.4
TL 1790325512.872 505.9 2.1
TL 1790325512.972 485.1 1.8
TL 1790325513.073 806.2 4.0
TL 1790325513.173 681.5 3.8
TL 1790325513.274 1346.7 3.8
TL 1790325513.374 1002.6 3.2
TL 1790325513.473 373.6 5.6
TL 1790325513.574 851.1 3.4
TL 1790325513.674 454.6 2.6
TL 1790325513.774 780.7 3.5
TL 1790325513.875 1153.7 3.7
TL 1790325513.974 499.2 1.8
TL 1790325514.074 272.5 1.8
TL 1790325514.174 396.4 1.7
TL 1790325514.275 487.1 3.2
TL 1790325514.376 1116.8 3.0
TL 1790325514.475 181.7 1.7
TL 1790325514.575 551.0 3.3
TL 1790325514.675 343.3 2.9
TL 1790325514.777 846.7 3.8
TL 1790325514.877 489.7 1.8
TL 1790325514.977 514.8 3.1
TL 1790325515.077 526.9 3.2
TL 1790325515.177 216.1 2.1
TL 1790325515.278 764.5 1.7
TL 1790325515.378 889.2 3.0
TL 1790325515.477 247.2 1.8
TL 1790325515.578 682.1 3.5
TL 1790325515.678 273.6 2.0
TL 1790325515.778 797.1 3.3
TL 1790325515.878 649.9 2.1
TL 1790325515.978 573.2 2.5
TL 1790325516.079 917.6 2.0
TL 1790325516.179 473.8 2.9
TL 1790325516.280 1607.0 3.2
TL 1790325516.380 1221.1 2.0
TL 1790325516.480 623.4 3.5
TL 1790325516.581 869.2 4.0
TL 1790325516.681 644.2 2.6
TL 1790325516.781 1083.1 3.9
TL 1790325516.882 1006.3 4.3
TL 1790325516.982 996.8 3.7
TL 1790325517.083 1049.5 3.0
TL 1790325517.183 938.5 3.9
TL 1790325517.283 737.3 3.5
TL 1790325517.384 729.6 2.1
TL 1790325517.483 213.7 2.1
TL 1790325517.584 721.4 3.4
TL 1790325517.685 805.5 2.5
TL 1790325517.785 822.8 3.0
TL 1790325517.885 831.0 3.1
TL 1790325517.986 785.0 3.0
TL 1790325518.087 800.3 3.7
TL 1790325518.188 769.1 2.6
TL 1790325518.288 687.2 2.8
TL 1790325518.388 679.0 2.7
TL 1790325518.488 555.9 2.0
TL 1790325518.589 744.9 1.8
TL 1790325518.689 517.9 2.1
TL 1790325518.789 385.2 2.1
TL 1790325518.889 787.2 4.2
TL 1790325518.990 1040.3 3.6
TL 1790325519.089 442.3 30.2
TL 1790325519.190 623.9 2.9
TL 1790325519.290 784.5 3.6
TL 1790325519.391 974.6 4.1
TL 1790325519.490 383.4 2.0
TL 1790325519.591 863.2 3.7
TL 1790325519.691 371.2 1.5
TL 1790325519.791 790.6 3.7
TL 1790325519.892 1146.7 3.9
TL 1790325519.991 260.6 1.8
TL 1790325520.092 943.7 2.5
TL 1790325520.191 200.7 3.3
TL 1790325520.293 1292.0 4.5
TL 1790325520.392 872.6 3.2
TL 1790325520.493 336.9 2.8
TL 1790325520.593 619.4 3.6
TL 1790325520.693 225.4 2.1
TL 1790325520.793 280.5 1.9
TL 1790325520.894 1056.4 4.4
TL 1790325520.994 1017.3 4.1
TL 1790325521.094 645.8 2.7
TL 1790325521.195 1210.7 3.7
TL 1790325521.295 822.8 4.0
TL 1790325521.395 1272.4 3.9
TL 1790325521.495 484.1 3.1
TL 1790325521.595 643.6 4.1
TL 1790325521.697 1095.3 3.1
TL 1790325521.797 762.2 3.8
TL 1790325521.898 877.3 3.8
TL 1790325521.997 84.5 1.7
TL 1790325522.097 462.5 3.6
TL 1790325522.198 558.9 3.6
TL 1790325522.298 727.4 3.4
TL 1790325522.399 1051.5 3.3
TL 1790325522.498 419.1 3.4
TL 1790325522.598 455.5 3.0
TL 1790325522.700 1471.0 3.2
TL 1790325522.799 328.3 1.7
TL 1790325522.899 863.1 2.8
TL 1790325522.999 706.7 2.1
TL 1790325523.099 514.4 3.9
TL 1790325523.200 517.2 3.3
TL 1790325523.300 794.7 3.6
TL 1790325523.400 1009.4 4.0
TL 1790325523.500 353.0 2.4
TL 1790325523.600 576.1 3.5
TL 1790325523.709 8738.2 0.6
TL 1790325523.801 837.8 4.0
TL 1790325523.901 951.3 3.7
TL 1790325524.002 1271.4 3.6
TL 1790325524.101 110.9 1.8
TL 1790325524.201 606.4 2.6
TL 1790325524.302 901.1 4.3
TL 1790325524.402 935.0 3.9
TL 1790325524.502 512.9 4.1
TL 1790325524.602 103.1 1.8
TL 1790325524.703 989.6 3.6
TL 1790325524.803 415.2 2.3
TL 1790325524.903 657.7 2.7
TL 1790325525.003 207.5 2.0
TL 1790325525.103 149.3 2.1
TL 1790325525.204 588.7 3.2
TL 1790325525.304 824.9 3.5
TL 1790325525.405 1059.4 19.3
TL 1790325525.504 611.4 4.4
TL 1790325525.606 1622.2 3.5
TL 1790325525.705 1220.0 3.4
TL 1790325525.805 387.1 3.4
TL 1790325525.906 1054.1 4.3
TL 1790325526.007 2146.9 4.0
TL 1790325526.107 1463.8 3.7
TL 1790325526.206 116.7 1.9
TL 1790325526.306 404.8 2.7
TL 1790325526.409 1092.5 4.3
TL 1790325526.508 272.4 1.7
TL 1790325526.608 616.1 3.2
TL 1790325526.710 1341.9 4.7
TL 1790325526.809 240.6 1.4
TL 1790325526.911 1250.2 3.4
TL 1790325527.011 280.1 3.3
TL 1790325527.113 2145.5 3.8
TL 1790325527.212 1215.9 3.7
TL 1790325527.313 1298.6 3.2
TL 1790325527.412 920.2 4.1
TL 1790325527.512 535.4 3.1
TL 1790325527.614 1868.2 3.1
TL 1790325527.713 778.3 3.3
TL 1790325527.814 641.1 3.4
TL 1790325527.915 986.7 4.1
TL 1790325528.017 814.4 2.9
TL 1790325528.117 1056.8 4.0
TL 1790325528.217 530.1 1.9
TL 1790325528.317 446.7 3.3
TL 1790325528.418 1320.3 4.6
TL 1790325528.518 654.9 3.3
TL 1790325528.618 781.7 3.7
TL 1790325528.718 469.9 4.2
TL 1790325528.818 152.2 1.2
TL 1790325528.918 531.4 2.1
TL 1790325529.018 558.7 2.2
TL 1790325529.118 427.1 2.6
TL 1790325529.219 482.5 1.9
TL 1790325529.318 188.9 1.9
TL 1790325529.419 597.8 2.3
TL 1790325529.519 472.9 3.3
TL 1790325529.619 678.8 2.9
TL 1790325529.719 731.1 3.8
TL 1790325529.819 131.5 1.8
TL 1790325529.920 977.2 3.6
TL 1790325530.020 382.2 3.0
TL 1790325530.120 849.5 4.1
TL 1790325530.220 127.9 1.8
TL 1790325530.321 990.8 4.4
TL 1790325530.420 349.7 2.0
TL 1790325530.520 223.0 1.8
TL 1790325530.621 755.1 2.8
TL 1790325530.721 557.6 3.1
TL 1790325530.821 426.7 1.8
TL 1790325530.922 1411.0 4.4
TL 1790325531.022 974.0 3.3
TL 1790325531.122 715.6 3.3
TL 1790325531.222 703.1 4.5
TL 1790325531.322 643.5 3.5
TL 1790325531.423 989.7 3.5
TL 1790325531.523 696.6 2.1
TL 1790325531.624 1184.5 3.1
TL 1790325531.723 705.2 4.8
TL 1790325531.824 969.1 3.4
TL 1790325531.924 140.6 2.2
TL 1790325532.024 181.6 1.7
TL 1790325532.124 144.2 2.0
TL 1790325532.224 555.7 1.4
TL 1790325532.325 981.5 4.1
TL 1790325532.424 121.1 2.1
TL 1790325532.525 793.5 4.3
TL 1790325532.625 701.7 3.7
TL 1790325532.725 425.7 3.3
TL 1790325532.826 658.2 2.2
TL 1790325532.926 371.0 3.4
TL 1790325533.026 675.0 2.8
TL 1790325533.126 829.6 2.6
TL 1790325533.226 552.0 3.4
TL 1790325533.327 1512.0 5.4
TL 1790325533.427 894.1 3.7
TL 1790325533.527 379.5 2.6
TL 1790325533.627 717.0 2.0
TL 1790325533.727 223.6 1.8
TL 1790325533.827 635.2 2.1
TL 1790325533.927 727.0 2.3
TL 1790325534.028 1020.7 2.7
TL 1790325534.128 530.0 3.9
TL 1790325534.228 258.5 1.7
TL 1790325534.329 671.8 2.8
TL 1790325534.429 392.8 4.1
TL 1790325534.530 483.9 4.0
TL 1790325534.630 511.6 2.7
TL 1790325534.730 577.3 4.9
TL 1790325534.831 1088.5 1.1
TL 1790325534.930 635.0 3.6
TL 1790325535.030 274.7 2.3
TL 1790325535.131 611.4 2.0
TL 1790325535.231 338.1 4.2
TL 1790325535.331 846.1 4.1
TL 1790325535.431 517.2 3.7
TL 1790325535.532 813.7 3.1
TL 1790325535.633 1685.6 3.7
TL 1790325535.732 521.5 3.2
TL 1790325535.834 1789.6 6.5
TL 1790325535.933 493.7 2.1
TL 1790325536.034 1196.4 4.5
TL 1790325536.134 853.1 3.6
TL 1790325536.233 223.6 2.1
TL 1790325536.334 789.4 3.2
TL 1790325536.434 209.0 2.2
TL 1790325536.534 691.1 3.7
TL 1790325536.635 548.6 2.1
TL 1790325536.735 416.6 3.5
TL 1790325536.835 390.6 1.5
TL 1790325536.935 829.3 3.6
TL 1790325537.035 186.0 2.2
TL 1790325537.136 661.3 2.8
TL 1790325537.236 357.7 3.6
TL 1790325537.336 828.4 3.1
TL 1790325537.436 477.0 1.9
TL 1790325537.536 733.7 3.6
TL 1790325537.637 875.4 3.5
TL 1790325537.736 460.6 3.2
TL 1790325537.837 802.0 3.6
TL 1790325537.937 529.6 3.9
TL 1790325538.037 379.8 3.2
TL 1790325538.138 1453.8 3.6
TL 1790325538.237 197.7 1.1
TL 1790325538.339 2361.1 1.3
TL 1790325538.439 754.0 4.7
TL 1790325538.540 647.6 2.4
TL 1790325538.640 889.3 3.4
TL 1790325538.740 173.2 1.9
TL 1790325538.841 914.6 2.5
TL 1790325538.941 428.2 1.7
TL 1790325539.043 890.5 3.5
TL 1790325539.143 474.9 1.9
TL 1790325539.243 161.1 1.1
TL 1790325539.343 444.6 1.7
TL 1790325539.443 723.1 2.7
TL 1790325539.543 612.1 2.7
TL 1790325539.643 538.0 2.2
TL 1790325539.744 1063.9 3.5
TL 1790325539.844 681.0 3.1
TL 1790325539.944 624.0 4.0
TL 1790325540.044 561.4 3.2
TL 1790325540.145 904.1 4.2
TL 1790325540.245 673.2 3.5
TL 1790325540.345 781.0 2.4
TL 1790325540.446 1070.2 10.8
TL 1790325540.545 455.1 3.6
TL 1790325540.646 1019.7 2.8
TL 1790325540.746 593.6 3.1
TL 1790325540.846 647.7 3.1
TL 1790325540.947 631.8 4.1
TL 1790325541.047 819.4 2.9
TL 1790325541.147 848.6 3.3
TL 1790325541.247 650.2 2.0
TL 1790325541.347 751.6 2.5
TL 1790325541.447 435.7 3.3
TL 1790325541.548 1362.1 4.1
TL 1790325541.648 763.4 3.2
TL 1790325541.748 663.1 3.1
TL 1790325541.848 759.3 2.1
TL 1790325541.949 717.7 2.7
TL 1790325542.049 322.3 2.7
TL 1790325542.149 653.8 2.4
TL 1790325542.249 428.8 2.1
TL 1790325542.350 1037.1 4.4
TL 1790325542.449 271.7 2.0
TL 1790325542.550 702.9 2.8
TL 1790325542.650 664.2 2.3
TL 1790325542.750 558.3 2.8
TL 1790325542.850 459.0 2.4
TL 1790325542.950 336.0 3.1
TL 1790325543.051 533.8 1.8
TL 1790325543.151 425.4 1.6
TL 1790325543.251 545.8 1.9
TL 1790325543.351 698.9 2.6
TL 1790325543.451 266.6 1.8
TL 1790325543.551 677.7 2.8
TL 1790325543.651 512.8 2.1
TL 1790325543.752 428.5 2.6
TL 1790325543.852 614.2 1.9
TL 1790325543.952 393.0 2.3
TL 1790325544.052 624.1 2.0
TL 1790325544.153 845.7 4.3
TL 1790325544.253 778.9 2.6
TL 1790325544.353 633.3 2.8
TL 1790325544.453 313.2 3.7
TL 1790325544.554 772.2 4.1
TL 1790325544.655 1256.4 3.5
TL 1790325544.754 807.7 3.5
TL 1790325544.854 475.7 1.9
TL 1790325544.954 102.9 0.8
TL 1790325545.054 182.6 1.1
TL 1790325545.154 291.0 1.1
TL 1790325545.255 891.6 4.4
TL 1790325545.355 715.2 2.2
TL 1790325545.455 334.2 3.4
TL 1790325545.555 321.8 1.2
TL 1790325545.655 216.0 0.9
TL 1790325545.755 522.7 1.7
TL 1790325545.855 312.7 1.5
TL 1790325545.956 114.2 1.7
TL 1790325546.057 905.9 1.4
TL 1790325546.156 358.0 2.1
TL 1790325546.256 339.3 1.8
TL 1790325546.358 1942.1 1.5
TL 1790325546.456 106.3 1.6
TL 1790325546.557 800.8 1.6
TL 1790325546.657 778.1 3.1
TL 1790325546.758 571.7 3.2
TL 1790325546.858 517.3 2.2
TL 1790325546.958 870.4 3.4
TL 1790325547.058 205.7 2.4
TL 1790325547.159 759.2 3.4
TL 1790325547.259 762.8 4.0
TL 1790325547.359 699.6 3.9
TL 1790325547.459 520.3 1.8
TL 1790325547.560 694.8 2.7
TL 1790325547.660 926.6 2.3
TL 1790325547.760 1019.3 3.6
TL 1790325547.860 467.9 1.0
TL 1790325547.965 4775.4 3.3
TL 1790325548.061 766.5 3.1
TL 1790325548.161 678.3 3.2
TL 1790325548.261 894.1 2.2
TL 1790325548.361 817.4 3.4
TL 1790325548.462 1450.4 12.9
TL 1790325548.562 572.3 2.2
TL 1790325548.662 541.5 1.6
TL 1790325548.762 257.5 1.8
TL 1790325548.862 161.9 1.2
TL 1790325548.963 986.2 3.5
TL 1790325549.063 623.0 2.9
TL 1790325549.163 526.2 3.1
TL 1790325549.263 835.3 4.2
TL 1790325549.364 970.4 3.4
TL 1790325549.464 1350.6 3.7
TL 1790325549.564 528.3 4.0
TL 1790325549.664 763.1 3.3
TL 1790325549.764 455.1 1.5
TL 1790325549.864 359.8 2.7
TL 1790325549.966 1638.1 3.4
TL 1790325550.065 716.6 4.3
TL 1790325550.166 582.9 2.6
TL 1790325550.266 786.6 3.9
TL 1790325550.366 576.1 3.3
TL 1790325550.467 816.1 3.5
TL 1790325550.567 1040.7 2.8
TL 1790325550.668 1514.6 4.0
TL 1790325550.768 880.5 3.2
TL 1790325550.867 334.3 2.6
TL 1790325550.970 1573.1 3.8
TL 1790325551.069 632.7 3.9
TL 1790325551.170 971.4 3.4
TL 1790325551.269 601.1 3.1
TL 1790325551.369 538.6 4.3
TL 1790325551.470 1147.9 4.7
TL 1790325551.570 982.5 4.6
TL 1790325551.670 721.9 3.1
TL 1790325551.771 1180.9 3.6
TL 1790325551.870 253.5 1.6
TL 1790325551.972 1288.3 3.7
TL 1790325552.071 596.5 3.4
TL 1790325552.172 879.5 2.9
TL 1790325552.272 627.0 3.4
TL 1790325552.372 512.8 2.5
TL 1790325552.473 431.6 2.8
TL 1790325552.573 908.6 3.5
TL 1790325552.673 801.5 3.9
TL 1790325552.773 576.4 2.1
TL 1790325552.874 384.7 1.8
TL 1790325552.974 865.1 4.3
TL 1790325553.074 605.8 2.8
TL 1790325553.174 320.1 2.4
TL 1790325553.276 1618.5 2.0
TL 1790325553.374 188.8 1.8
TL 1790325553.476 1888.2 2.4
TL 1790325553.575 462.6 4.1
TL 1790325553.675 943.8 3.7
TL 1790325553.775 462.1 3.4
TL 1790325553.875 480.0 3.3
TL 1790325553.978 733.9 2.8
TL 1790325554.078 664.5 3.7
TL 1790325554.178 702.9 4.0
TL 1790325554.278 786.0 3.2
TL 1790325554.379 829.4 2.1
TL 1790325554.478 103.9 1.5
TL 1790325554.578 515.3 3.5
TL 1790325554.679 804.3 3.3
TL 1790325554.779 950.3 4.0
TL 1790325554.879 483.4 1.8
TL 1790325554.980 918.1 2.1
TL 1790325555.080 427.3 1.2
TL 1790325555.180 638.5 3.4
TL 1790325555.281 1147.2 2.8
TL 1790325555.381 1240.2 3.6
TL 1790325555.481 727.7 3.1
TL 1790325555.581 600.7 2.8
TL 1790325555.682 886.5 4.5
TL 1790325555.782 615.9 2.3
TL 1790325555.882 1232.7 3.3
TL 1790325555.983 663.8 3.1
TL 1790325556.083 461.9 3.5
TL 1790325556.184 1154.8 3.9
TL 1790325556.284 663.5 3.0
TL 1790325556.384 1336.2 4.3
TL 1790325556.484 165.4 2.3
TL 1790325556.584 622.9 2.9
TL 1790325556.685 1310.0 4.8
TL 1790325556.785 1074.0 2.3
TL 1790325556.885 1135.7 4.7
TL 1790325556.985 593.0 1.8
TL 1790325557.085 403.0 3.9
TL 1790325557.185 815.3 3.1
TL 1790325557.285 579.4 2.6
TL 1790325557.386 754.5 3.2
TL 1790325557.486 458.9 26.6
TL 1790325557.586 433.3 2.4
TL 1790325557.686 690.8 3.3
TL 1790325557.787 961.8 4.6
TL 1790325557.887 774.2 4.1
TL 1790325557.987 962.0 3.5
TL 1790325558.087 448.6 4.5
TL 1790325558.188 726.7 2.4
TL 1790325558.289 560.0 3.0
TL 1790325558.391 2106.5 2.8
TL 1790325558.489 160.3 1.9
TL 1790325558.590 238.2 2.4
TL 1790325558.691 1026.5 4.2
TL 1790325558.791 513.3 3.4
TL 1790325558.891 705.8 3.4
TL 1790325558.993 1555.0 3.3
TL 1790325559.092 169.6 1.6
TL 1790325559.192 581.8 2.2
TL 1790325559.293 745.6 4.2
TL 1790325559.393 410.0 3.6
TL 1790325559.493 462.1 3.2
TL 1790325559.594 397.6 3.5
TL 1790325559.694 1122.4 2.9
TL 1790325559.794 955.2 2.8
TL 1790325559.895 1102.7 4.5
TL 1790325559.995 1136.6 4.2
TL 1790325560.096 1103.6 1.4
TL 1790325560.195 194.0 1.8
TL 1790325560.296 691.4 3.4
TL 1790325560.396 588.1 2.0
TL 1790325560.496 64.7 1.7
TL 1790325560.596 164.6 1.8
TL 1790325560.696 148.9 2.9
TL 1790325560.797 928.2 4.1
TL 1790325560.897 1175.6 4.7
TL 1790325560.997 771.3 2.7
TL 1790325561.097 552.0 2.5
TL 1790325561.198 839.9 4.3
TL 1790325561.298 1008.6 3.5
TL 1790325561.400 2275.7 3.0
TL 1790325561.498 587.4 3.6
TL 1790325561.598 703.2 3.7
TL 1790325561.699 1134.5 3.5
TL 1790325561.799 1276.1 2.6
TL 1790325561.903 3721.4 3.1
TL 1790325562.000 860.2 4.1
TL 1790325562.100 223.0 1.9
TL 1790325562.201 931.7 3.4
TL 1790325562.301 708.6 3.1
TL 1790325562.402 1297.6 3.4
TL 1790325562.501 494.4 3.7
TL 1790325562.602 753.4 3.0
TL 1790325562.702 1037.4 3.2
TL 1790325562.802 698.6 3.2
TL 1790325562.905 1980.5 3.1
TL 1790325563.004 596.6 2.7
TL 1790325563.104 735.3 3.2
TL 1790325563.205 760.7 4.0
TL 1790325563.305 787.1 3.7
TL 1790325563.405 790.9 7.7
TL 1790325563.505 432.3 2.9
TL 1790325563.606 1296.2 3.9
TL 1790325563.706 1027.4 4.3
TL 1790325563.806 708.3 4.5
TL 1790325563.907 1003.9 4.3
TL 1790325564.007 599.2 3.3
TL 1790325564.107 683.4 2.6
TL 1790325564.207 885.0 3.2
TL 1790325564.307 738.3 2.8
TL 1790325564.408 1514.7 3.9
TL 1790325564.508 538.7 3.3
TL 1790325564.608 656.5 3.4
TL 1790325564.708 528.7 1.9
TL 1790325564.810 1927.8 3.1
TL 1790325564.909 830.6 3.4
TL 1790325565.009 385.1 2.5
TL 1790325565.109 608.1 3.9
TL 1790325565.210 768.3 3.9
TL 1790325565.310 924.7 2.4
TL 1790325565.411 1848.9 3.4
TL 1790325565.510 508.1 3.2
TL 1790325565.611 1529.6 3.0
TL 1790325565.711 769.1 4.2
TL 1790325565.811 878.7 2.3
TL 1790325565.911 553.3 4.2
TL 1790325566.011 509.5 2.9
TL 1790325566.111 635.1 1.8
TL 1790325566.211 487.2 1.7
TL 1790325566.312 1276.0 2.7
TL 1790325566.413 1569.9 3.0
TL 1790325566.512 410.7 2.4
TL 1790325566.612 590.1 4.3
TL 1790325566.713 772.3 5.9
TL 1790325566.813 560.9 2.4
TL 1790325566.913 819.0 4.9
TL 1790325567.013 512.8 2.5
TL 1790325567.113 527.7 3.0
TL 1790325567.213 249.7 2.4
TL 1790325567.314 655.9 3.0
TL 1790325567.414 162.2 2.8
TL 1790325567.514 450.5 3.2
TL 1790325567.615 720.2 3.3
TL 1790325567.715 464.1 3.3
TL 1790325567.823 491.1 1.4
TL 1790325567.923 585.7 3.6
TL 1790325568.023 491.1 3.0
TL 1790325568.124 738.6 3.0
TL 1790325568.224 614.1 2.2
TL 1790325568.324 567.5 1.5
TL 1790325568.424 915.8 4.2
TL 1790325568.524 361.0 3.3
TL 1790325568.625 927.4 3.5
TL 1790325568.725 507.2 3.3
TL 1790325568.825 677.4 3.3
TL 1790325568.925 679.5 3.9
TL 1790325569.025 178.0 1.6
TL 1790325569.125 427.4 2.8
TL 1790325569.225 241.4 4.3
TL 1790325569.327 599.5 3.6
TL 1790325569.428 973.8 2.9
TL 1790325569.527 264.0 4.1
TL 1790325569.628 1120.6 3.0
TL 1790325569.729 942.2 5.0
TL 1790325569.829 783.3 1.8
TL 1790325569.929 424.1 1.9
TL 1790325570.029 497.7 1.9
TL 1790325570.129 528.5 2.6
TL 1790325570.229 180.5 1.8
TL 1790325570.329 565.7 3.5
TL 1790325570.432 962.9 3.4
TL 1790325570.531 263.5 3.3
TL 1790325570.632 511.9 2.6
TL 1790325570.732 453.6 3.6
TL 1790325570.833 668.8 1.8
TL 1790325570.933 714.9 2.8
TL 1790325571.033 156.7 1.0
TL 1790325571.133 481.6 3.5
TL 1790325571.233 409.8 3.8
TL 1790325571.334 639.4 3.6
TL 1790325571.434 439.2 3.9
TL 1790325571.534 632.0 3.5
TL 1790325571.634 590.0 3.3
TL 1790325571.734 429.8 3.7
TL 1790325571.837 1936.0 2.9
TL 1790325571.936 267.4 1.9
TL 1790325572.036 516.5 2.8
TL 1790325572.136 621.6 2.8
TL 1790325572.236 236.7 1.6
TL 1790325572.337 886.9 1.9
TL 1790325572.436 110.2 1.9
TL 1790325572.537 627.9 3.5
TL 1790325572.638 949.6 4.5
TL 1790325572.738 492.8 2.8
TL 1790325572.839 1501.6 3.8
TL 1790325572.939 807.6 3.5
TL 1790325573.039 425.6 2.9
TL 1790325573.140 866.4 3.3
TL 1790325573.239 254.2 2.4
TL 1790325573.340 1110.2 3.7
TL 1790325573.440 988.2 3.0
TL 1790325573.540 669.6 2.9
TL 1790325573.641 1512.2 3.5
TL 1790325573.740 411.7 3.7
TL 1790325573.841 996.6 2.8
TL 1790325573.941 775.6 3.4
TL 1790325574.041 473.2 2.9
TL 1790325574.142 830.8 3.2
TL 1790325574.241 172.3 2.1
TL 1790325574.342 798.3 3.3
TL 1790325574.443 1242.0 3.0
TL 1790325574.542 436.9 4.3
TL 1790325574.643 529.6 3.0
TL 1790325574.743 401.5 2.8
TL 1790325574.843 399.9 1.3
TL 1790325574.943 778.3 4.3
TL 1790325575.043 208.4 1.0
TL 1790325575.143 349.2 1.6
TL 1790325575.243 188.5 1.6
TL 1790325575.344 564.7 1.9
TL 1790325575.444 549.9 2.9
TL 1790325575.544 987.2 3.4
TL 1790325575.644 693.8 3.8
TL 1790325575.745 362.9 3.0
TL 1790325575.846 1067.2 4.2
TL 1790325575.946 994.7 4.6
TL 1790325576.046 221.4 1.3
TL 1790325576.146 779.4 2.8
TL 1790325576.246 576.5 3.2
TL 1790325576.347 828.0 3.0
TL 1790325576.447 413.5 3.6
TL 1790325576.547 575.1 2.1
TL 1790325576.647 679.0 3.8
TL 1790325576.748 789.1 3.1
TL 1790325576.848 1050.9 4.0
TL 1790325576.948 1107.1 3.0
TL 1790325577.047 183.6 0.9
TL 1790325577.148 384.9 1.3
TL 1790325577.248 410.9 3.2
TL 1790325577.349 833.5 3.0
TL 1790325577.449 835.9 2.4
TL 1790325577.549 669.7 3.9
TL 1790325577.649 542.3 3.4
TL 1790325577.750 1041.4 4.0
TL 1790325577.850 1342.5 3.5
TL 1790325577.951 1932.3 3.6
TL 1790325578.049 305.7 1.7
TL 1790325578.150 716.9 3.4
TL 1790325578.250 265.9 1.8
TL 1790325578.351 939.8 3.2
TL 1790325578.451 508.0 8.2
TL 1790325578.551 876.4 4.4
TL 1790325578.652 945.5 4.4
TL 1790325578.752 890.7 4.1
TL 1790325578.853 806.0 3.3
TL 1790325578.956 3043.5 4.3
TL 1790325579.054 296.2 1.8
TL 1790325579.155 438.3 19.3
TL 1790325579.255 438.0 3.3
TL 1790325579.356 610.6 2.7
TL 1790325579.456 454.3 3.7
TL 1790325579.556 585.2 4.0
TL 1790325579.657 1132.3 3.2
TL 1790325579.757 1177.3 3.7
TL 1790325579.857 715.5 2.1
TL 1790325579.960 3055.0 3.1
TL 1790325580.057 780.5 1.9
TL 1790325580.157 444.3 3.8
TL 1790325580.258 421.6 3.9
TL 1790325580.358 800.7 3.4
TL 1790325580.458 766.7 4.1
TL 1790325580.559 955.7 4.6
TL 1790325580.658 303.7 2.6
TL 1790325580.759 704.6 3.9
TL 1790325580.859 595.3 1.8
TL 1790325580.960 1306.0 4.1
TL 1790325581.060 796.0 1.6
TL 1790325581.160 480.3 2.7
TL 1790325581.260 424.1 3.2
TL 1790325581.361 745.3 2.4
TL 1790325581.462 1614.5 3.4
TL 1790325581.561 827.5 3.6
TL 1790325581.661 574.2 2.5
TL 1790325581.762 870.8 3.5
TL 1790325581.862 742.1 3.1
TL 1790325581.964 1753.6 3.4
TL 1790325582.064 1074.2 4.1
TL 1790325582.164 637.6 3.6
TL 1790325582.264 764.5 2.7
TL 1790325582.364 788.2 3.0
TL 1790325582.464 399.5 2.2
TL 1790325582.565 999.8 3.5
TL 1790325582.665 1493.9 9.9
TL 1790325582.765 773.5 3.2
TL 1790325582.865 425.8 2.4
TL 1790325582.965 589.2 3.6
TL 1790325583.066 1261.0 3.2
TL 1790325583.166 537.2 2.8
TL 1790325583.266 690.2 4.2
TL 1790325583.366 688.9 3.0
TL 1790325583.466 707.0 2.3
TL 1790325583.566 473.9 3.1
TL 1790325583.666 260.3 2.8
TL 1790325583.767 819.0 3.5
TL 1790325583.869 938.8 4.1
TL 1790325583.969 1324.4 5.2
TL 1790325584.070 1413.6 2.8
TL 1790325584.169 971.8 2.3
TL 1790325584.269 300.4 2.2
TL 1790325584.370 857.5 3.5
TL 1790325584.469 326.5 2.1
TL 1790325584.570 347.6 3.0
TL 1790325584.671 964.6 4.0
TL 1790325584.770 744.7 3.3
TL 1790325584.870 238.5 2.0
TL 1790325584.971 776.9 3.3
TL 1790325585.071 675.4 2.9
TL 1790325585.171 681.0 3.3
TL 1790325585.271 411.9 3.1
TL 1790325585.371 469.6 3.0
TL 1790325585.472 1239.3 4.3
TL 1790325585.571 271.7 2.3
TL 1790325585.676 854.7 3.3
TL 1790325585.776 639.2 3.0
TL 1790325585.876 516.5 4.1
TL 1790325585.979 1197.8 3.4
TL 1790325586.079 615.5 3.1
TL 1790325586.179 554.7 2.7
TL 1790325586.279 553.6 3.2
TL 1790325586.379 500.1 4.1
TL 1790325586.480 582.7 3.0
TL 1790325586.580 836.2 2.2
TL 1790325586.681 1125.9 4.1
TL 1790325586.781 861.2 2.9
TL 1790325586.881 973.9 3.4
TL 1790325586.981 761.2 2.9
TL 1790325587.081 764.7 3.3
TL 1790325587.181 463.6 2.8
TL 1790325587.281 458.7 3.8
TL 1790325587.382 709.7 4.4
TL 1790325587.482 839.3 2.3
TL 1790325587.582 647.3 3.2
TL 1790325587.683 1282.9 2.6
TL 1790325587.783 1573.6 3.5
TL 1790325587.883 620.7 3.9
TL 1790325587.982 148.5 1.7
TL 1790325588.083 196.4 1.3
TL 1790325588.183 391.7 3.1
TL 1790325588.283 531.4 4.6
TL 1790325588.383 160.7 2.1
TL 1790325588.484 576.8 3.9
TL 1790325588.584 610.6 4.2
TL 1790325588.685 1227.7 4.1
TL 1790325588.784 515.1 3.1
TL 1790325588.885 164.5 1.4
TL 1790325588.985 576.6 3.4
TL 1790325589.086 968.1 3.4
TL 1790325589.186 936.5 2.8
TL 1790325589.286 630.8 3.2
TL 1790325589.387 879.1 3.5
TL 1790325589.486 124.2 1.8
TL 1790325589.587 644.9 3.1
TL 1790325589.687 796.3 2.8
TL 1790325589.787 603.4 4.2
TL 1790325589.888 1305.4 3.5
TL 1790325589.988 669.1 2.7
TL 1790325590.089 1382.9 2.7
TL 1790325590.188 215.4 2.6
TL 1790325590.288 316.2 2.0
TL 1790325590.388 384.8 3.4
TL 1790325590.490 1768.4 1.8
TL 1790325590.588 255.5 2.2
TL 1790325590.688 167.3 2.2
TL 1790325590.789 819.3 2.9
TL 1790325590.889 383.5 2.0
TL 1790325590.990 582.9 3.0
TL 1790325591.090 558.4 4.1
TL 1790325591.190 611.6 2.4
TL 1790325591.290 765.9 2.2
TL 1790325591.391 1647.2 3.8
TL 1790325591.491 913.5 3.0
TL 1790325591.591 1037.8 4.2
TL 1790325591.691 1097.6 3.2
TL 1790325591.793 773.0 3.0
TL 1790325591.893 1071.3 3.5
TL 1790325591.993 799.8 3.3
TL 1790325592.094 1343.5 2.8
TL 1790325592.193 481.7 1.6
TL 1790325592.293 480.4 2.7
TL 1790325592.396 930.2 4.3
TL 1790325592.495 491.0 3.1
TL 1790325592.596 838.3 2.1
TL 1790325592.696 922.3 4.0
TL 1790325592.796 795.1 4.1
TL 1790325592.897 972.8 3.9
TL 1790325592.997 941.4 3.8
TL 1790325593.097 961.2 4.0
TL 1790325593.197 522.7 4.1
TL 1790325593.297 441.9 3.3
TL 1790325593.400 1553.4 3.0
TL 1790325593.499 415.7 3.2
TL 1790325593.600 860.2 3.5
TL 1790325593.700 799.5 2.2
TL 1790325593.800 593.5 5.2
TL 1790325593.900 833.0 3.4
TL 1790325594.000 803.2 3.4
TL 1790325594.101 948.6 3.9
TL 1790325594.201 656.4 3.2
TL 1790325594.301 527.2 3.4
TL 1790325594.402 815.1 3.5
TL 1790325594.501 163.7 3.0
TL 1790325594.602 793.3 4.2
TL 1790325594.702 697.1 3.2
TL 1790325594.802 556.5 3.4
TL 1790325594.902 369.6 1.7
TL 1790325595.003 635.3 4.4
TL 1790325595.103 183.1 2.4
TL 1790325595.203 679.9 3.3
TL 1790325595.303 788.7 2.9
TL 1790325595.404 1304.1 3.4
TL 1790325595.503 221.2 1.7
TL 1790325595.604 1090.8 3.5
TL 1790325595.704 633.7 4.8
TL 1790325595.804 794.2 4.0
TL 1790325595.905 1460.0 3.6
TL 1790325596.005 538.1 3.3
TL 1790325596.105 669.6 3.2
TL 1790325596.205 641.5 1.7
TL 1790325596.305 439.5 2.8
TL 1790325596.406 924.9 3.3
TL 1790325596.507 700.4 3.0
TL 1790325596.607 869.9 3.0
TL 1790325596.707 608.1 4.0
TL 1790325596.807 553.4 3.3
TL 1790325596.907 570.2 3.4
TL 1790325597.007 552.6 2.9
TL 1790325597.108 1112.1 2.0
TL 1790325597.208 617.6 2.7
TL 1790325597.308 598.0 3.6
TL 1790325597.409 1132.0 3.7
TL 1790325597.511 705.6 4.2
TL 1790325597.611 840.2 4.4
TL 1790325597.712 1338.3 3.6
TL 1790325597.812 790.6 2.4
TL 1790325597.912 638.4 4.5
TL 1790325598.012 177.0 1.9
TL 1790325598.113 1129.6 4.1
TL 1790325598.213 683.9 2.9
TL 1790325598.313 495.9 3.4
TL 1790325598.414 1903.3 4.1
TL 1790325598.513 461.4 3.4
TL 1790325598.613 599.2 2.8
TL 1790325598.714 965.9 4.0
TL 1790325598.813 403.2 3.6
TL 1790325598.914 605.9 3.0
TL 1790325599.015 1154.9 3.4
TL 1790325599.115 845.7 3.0
TL 1790325599.215 559.3 2.7
TL 1790325599.315 508.3 3.1
TL 1790325599.416 1158.9 4.4
TL 1790325599.515 255.5 2.1
TL 1790325599.616 492.7 3.7
TL 1790325599.716 776.3 1.7
TL 1790325599.816 244.5 3.1
TL 1790325599.917 1710.6 3.2
TL 1790325600.016 468.3 3.3
TL 1790325600.117 666.4 1.8
TL 1790325600.217 588.2 2.1
TL 1790325600.317 243.0 2.4
TL 1790325600.418 1190.2 3.5
TL 1790325600.517 95.5 2.0
TL 1790325600.618 1364.8 4.2
TL 1790325600.718 482.6 4.1
TL 1790325600.818 661.1 5.0
TL 1790325600.918 491.4 2.8
TL 1790325601.018 421.0 2.9
TL 1790325601.121 2808.4 3.9
TL 1790325601.219 479.4 1.4
TL 1790325601.319 549.4 2.7
TL 1790325601.420 1041.1 22.9
TL 1790325601.520 1103.4 1.7
TL 1790325601.620 786.4 2.9
TL 1790325601.721 865.4 3.1
TL 1790325601.821 961.2 3.9
TL 1790325601.922 1230.6 5.1
TL 1790325602.022 1073.0 3.7
TL 1790325602.122 783.8 3.9
TL 1790325602.221 403.4 1.4
TL 1790325602.322 510.5 3.7
TL 1790325602.425 3320.2 5.9
TL 1790325602.522 460.3 3.8
TL 1790325602.623 1209.6 2.9
TL 1790325602.723 318.7 2.3
TL 1790325602.824 1122.6 4.4
TL 1790325602.923 294.2 2.6
TL 1790325603.023 502.1 2.0
TL 1790325603.124 565.6 1.0
TL 1790325603.224 370.7 1.6
TL 1790325603.324 603.9 1.9
TL 1790325603.424 540.0 4.2
TL 1790325603.524 641.7 3.9
TL 1790325603.625 956.9 3.7
TL 1790325603.726 1197.4 4.0
TL 1790325603.825 98.9 1.5
TL 1790325603.925 841.8 3.1
TL 1790325604.025 611.1 2.9
TL 1790325604.126 927.4 3.9
TL 1790325604.225 144.5 1.6
TL 1790325604.326 426.7 1.6
TL 1790325604.427 857.8 2.6
TL 1790325604.526 106.3 1.8
TL 1790325604.626 391.5 1.6
TL 1790325604.727 607.3 2.7
TL 1790325604.827 150.3 1.0
TL 1790325604.927 627.8 2.4
TL 1790325605.028 1000.2 3.1
TL 1790325605.127 137.6 1.1
TL 1790325605.228 327.8 1.1
TL 1790325605.328 796.9 3.5
TL 1790325605.429 893.5 4.3
TL 1790325605.529 709.2 4.2
TL 1790325605.629 708.5 3.2
TL 1790325605.729 740.5 2.8
TL 1790325605.830 1502.9 3.5
TL 1790325605.929 763.0 3.7
TL 1790325606.030 1373.0 2.9
TL 1790325606.130 643.6 2.9
TL 1790325606.230 591.8 162.1
TL 1790325606.330 548.3 3.6
TL 1790325606.431 411.9 3.3
TL 1790325606.531 719.0 4.6
TL 1790325606.632 975.4 3.0
TL 1790325606.732 925.2 2.0
TL 1790325606.833 840.1 2.1
TL 1790325606.933 496.6 2.3
TL 1790325607.034 990.3 3.5
TL 1790325607.134 519.8 2.9
TL 1790325607.234 483.3 1.7
TL 1790325607.336 2098.4 3.6
TL 1790325607.434 477.0 3.4
TL 1790325607.535 962.1 3.3
TL 1790325607.635 768.1 4.1
TL 1790325607.735 534.0 1.7
TL 1790325607.837 2053.0 2.9
TL 1790325607.935 176.3 1.8
TL 1790325608.036 852.3 3.2
TL 1790325608.136 605.6 3.2
TL 1790325608.236 515.2 1.4
TL 1790325608.336 720.9 2.8
TL 1790325608.436 422.1 3.0
TL 1790325608.537 808.4 3.4
TL 1790325608.636 501.3 3.2
TL 1790325608.737 707.3 3.9
TL 1790325608.836 184.0 1.6
TL 1790325608.936 107.7 1.4
TL 1790325609.037 612.5 2.7
TL 1790325609.137 493.4 3.1
TL 1790325609.237 481.5 2.9
TL 1790325609.338 700.7 3.5
TL 1790325609.438 557.3 2.2
TL 1790325609.538 102.3 1.8
TL 1790325609.639 655.1 2.6
TL 1790325609.739 863.7 3.6
TL 1790325609.839 617.8 3.2
TL 1790325609.939 662.8 4.1
TL 1790325610.040 854.2 3.9
TL 1790325610.139 176.3 1.4
TL 1790325610.240 710.5 2.1
TL 1790325610.343 3631.9 4.1
TL 1790325610.440 310.3 3.3
TL 1790325610.541 941.6 4.0
TL 1790325610.641 705.6 3.9
TL 1790325610.741 669.7 3.2
TL 1790325610.841 1022.7 3.9
TL 1790325610.941 650.6 2.1
TL 1790325611.042 1264.1 3.2
TL 1790325611.142 536.1 3.3
TL 1790325611.242 576.2 3.3
TL 1790325611.343 1612.9 4.3
TL 1790325611.443 1071.3 5.8
TL 1790325611.542 595.9 3.1
TL 1790325611.643 567.3 3.1
TL 1790325611.743 1004.5 2.6
TL 1790325611.844 1669.7 3.2
TL 1790325611.944 896.2 3.2
TL 1790325612.044 1153.7 2.7
TL 1790325612.144 556.2 3.4
TL 1790325612.244 416.4 31.3
TL 1790325612.344 672.6 3.6
TL 1790325612.444 216.2 1.8
TL 1790325612.545 926.4 3.4
TL 1790325612.645 487.3 3.3
TL 1790325612.745 396.4 2.8
TL 1790325612.846 1489.4 3.3
TL 1790325612.945 294.0 2.5
TL 1790325613.046 1196.3 4.3
TL 1790325613.146 543.6 3.1
TL 1790325613.246 431.5 3.1
TL 1790325613.348 1614.7 54.8
TL 1790325613.447 316.4 3.2
TL 1790325613.548 916.6 3.5
TL 1790325613.648 923.9 3.1
TL 1790325613.749 1477.0 3.0
TL 1790325613.848 172.6 1.7
TL 1790325613.948 153.0 3.2
TL 1790325614.049 625.9 3.3
TL 1790325614.149 642.2 3.9
TL 1790325614.248 167.1 0.9
TL 1790325614.349 666.9 3.0
TL 1790325614.449 397.2 4.0
TL 1790325614.549 125.8 1.9
TL 1790325614.649 377.8 3.3
TL 1790325614.750 758.6 3.5
TL 1790325614.849 138.0 0.8
TL 1790325614.953 200.6 46.1
TL 1790325615.054 776.3 3.3
TL 1790325615.153 201.8 1.7
TL 1790325615.254 623.4 3.1
TL 1790325615.354 639.0 3.2
TL 1790325615.454 676.6 3.7
TL 1790325615.554 644.5 3.3
TL 1790325615.654 295.2 3.4
TL 1790325615.757 627.2 2.9
TL 1790325615.857 693.7 2.7
TL 1790325615.959 1977.6 2.7
TL 1790325616.058 681.7 3.3
TL 1790325616.158 701.5 3.4
TL 1790325616.258 472.3 2.9
TL 1790325616.359 787.2 2.3
TL 1790325616.459 322.3 2.4
TL 1790325616.559 669.6 2.9
TL 1790325616.660 1004.8 3.5
TL 1790325616.760 764.0 3.4
TL 1790325616.860 887.8 1.5
TL 1790325616.960 638.3 2.4
TL 1790325617.060 632.1 3.1
TL 1790325617.161 977.6 2.5
TL 1790325617.261 519.1 2.4
TL 1790325617.361 755.4 3.9
TL 1790325617.462 833.4 2.8
TL 1790325617.562 791.2 4.1
TL 1790325617.663 1233.7 3.4
TL 1790325617.763 1449.4 3.3
TL 1790325617.862 687.8 3.2
TL 1790325617.964 1414.3 1.8
TL 1790325618.064 876.1 4.9
TL 1790325618.164 641.0 3.5
TL 1790325618.263 181.0 0.9
TL 1790325618.364 590.3 1.6
TL 1790325618.464 628.9 4.0
TL 1790325618.565 374.6 1.7
TL 1790325618.665 532.6 1.8
TL 1790325618.766 805.0 3.5
TL 1790325618.865 435.4 2.6
TL 1790325618.966 672.6 3.1
TL 1790325619.066 650.1 3.5
TL 1790325619.167 847.7 3.4
TL 1790325619.266 453.5 2.8
TL 1790325619.367 664.8 2.7
TL 1790325619.467 819.8 3.6
TL 1790325619.567 135.5 2.8
TL 1790325619.668 1139.5 4.3
TL 1790325619.767 717.2 2.9
TL 1790325619.868 1063.1 1.8
TL 1790325619.970 1342.0 4.0
TL 1790325620.070 561.3 3.6
TL 1790325620.169 207.3 0.7
TL 1790325620.270 653.3 1.1
TL 1790325620.370 193.2 1.7
TL 1790325620.470 867.8 1.2
TL 1790325620.573 2061.2 1.6
TL 1790325620.671 128.6 1.2
TL 1790325620.771 74.1 1.5
TL 1790325620.871 371.1 1.5
TL 1790325620.972 581.3 1.7
TL 1790325621.072 1126.0 2.4
TL 1790325621.172 493.6 2.2
TL 1790325621.272 282.0 0.8
TL 1790325621.373 972.2 3.1
TL 1790325621.473 1171.2 4.1
TL 1790325621.573 860.4 3.1
TL 1790325621.674 1184.8 3.6
TL 1790325621.774 861.0 3.7
TL 1790325621.874 783.2 2.8
TL 1790325621.974 857.2 3.7
TL 1790325622.074 432.8 2.1
TL 1790325622.173 87.1 1.3
TL 1790325622.274 121.1 1.0
TL 1790325622.374 446.4 2.0
TL 1790325622.474 530.2 2.1
TL 1790325622.574 660.8 3.1
TL 1790325622.675 635.3 2.5
TL 1790325622.775 659.4 2.5
TL 1790325622.875 967.1 2.7
TL 1790325622.975 636.4 3.1
TL 1790325623.076 677.4 2.3
TL 1790325623.175 259.5 2.1
TL 1790325623.275 127.4 1.1
TL 1790325623.376 942.4 2.9
TL 1790325623.476 688.2 2.4
TL 1790325623.576 446.4 1.8
TL 1790325623.676 573.2 1.7
TL 1790325623.776 465.6 3.2
TL 1790325623.877 610.9 3.3
TL 1790325623.977 894.3 2.9
TL 1790325624.077 648.5 3.2
TL 1790325624.177 1006.9 2.9
TL 1790325624.277 269.8 1.8
TL 1790325624.377 643.1 2.1
TL 1790325624.477 453.5 1.5
TL 1790325624.577 190.9 3.1
TL 1790325624.678 626.5 1.9
TL 1790325624.778 1035.1 2.7
TL 1790325624.878 522.4 1.9
TL 1790325624.978 467.1 1.8
TL 1790325625.078 542.0 3.4
TL 1790325625.178 442.0 3.7
TL 1790325625.278 121.8 0.6
TL 1790325625.379 555.5 1.7
TL 1790325625.479 811.4 3.5
TL 1790325625.579 523.8 2.1
TL 1790325625.680 941.8 3.9
TL 1790325625.780 467.1 2.9
TL 1790325625.880 787.3 3.7
TL 1790325625.980 576.7 2.1
TL 1790325626.081 1043.1 3.4
TL 1790325626.180 666.4 2.8
TL 1790325626.281 712.8 44.2
TL 1790325626.381 633.1 2.2
TL 1790325626.481 673.1 3.8
TL 1790325626.581 576.4 2.8
TL 1790325626.682 1030.2 3.6
TL 1790325626.782 738.3 4.1
TL 1790325626.882 991.1 3.3
TL 1790325626.982 1353.4 3.4
TL 1790325627.082 462.9 2.8
TL 1790325627.182 93.8 2.1
TL 1790325627.282 485.9 3.3
TL 1790325627.383 1000.2 3.8
TL 1790325627.483 606.4 2.1
TL 1790325627.583 489.4 1.6
TL 1790325627.683 784.4 3.1
TL 1790325627.783 279.3 1.7
TL 1790325627.883 666.2 2.8
TL 1790325627.984 791.7 3.1
TL 1790325628.084 559.2 2.2
TL 1790325628.184 1063.6 3.6
TL 1790325628.284 478.8 1.7
TL 1790325628.385 757.8 3.7
TL 1790325628.485 723.4 3.6
TL 1790325628.585 444.9 2.2
TL 1790325628.685 676.3 2.5
TL 1790325628.785 310.8 2.3
TL 1790325628.885 562.4 3.1
TL 1790325628.985 544.7 2.0
TL 1790325629.086 485.5 4.2
TL 1790325629.186 464.1 1.5
TL 1790325629.286 293.4 2.9
TL 1790325629.386 858.7 2.9
TL 1790325629.487 955.1 3.4
TL 1790325629.586 118.9 2.3
TL 1790325629.687 669.7 2.6
TL 1790325629.786 113.0 1.7
TL 1790325629.887 1087.6 3.6
TL 1790325629.987 781.8 2.8
TL 1790325630.087 238.7 2.7
TL 1790325630.187 196.4 2.5
TL 1790325630.287 150.3 1.8
TL 1790325630.388 1003.0 2.4
TL 1790325630.488 1078.6 4.0
TL 1790325630.588 182.4 2.2
TL 1790325630.689 1144.3 4.3
TL 1790325630.788 173.8 2.0
TL 1790325630.889 1133.1 3.1
TL 1790325630.989 936.6 2.9
TL 1790325631.089 512.7 3.9
TL 1790325631.190 1302.8 3.6
TL 1790325631.290 1004.7 3.9
TL 1790325631.390 468.9 1.7
TL 1790325631.490 481.1 1.9
TL 1790325631.592 1777.3 4.2
TL 1790325631.691 545.8 1.9
TL 1790325631.791 769.9 3.4
TL 1790325631.891 498.4 2.0
TL 1790325631.992 1211.3 2.9
TL 1790325632.092 974.3 2.6
TL 1790325632.191 132.7 1.3
TL 1790325632.291 470.3 1.5
TL 1790325632.391 493.0 2.2
TL 1790325632.494 1054.0 5.9
TL 1790325632.594 1115.3 3.6
TL 1790325632.694 771.0 3.7
TL 1790325632.794 1096.5 3.0
TL 1790325632.895 1198.4 3.9
TL 1790325632.994 703.0 4.4
TL 1790325633.095 1601.2 30.5
TL 1790325633.195 679.6 3.8
TL 1790325633.295 863.6 3.1
TL 1790325633.395 249.3 2.3
TL 1790325633.495 996.5 4.8
TL 1790325633.596 823.9 3.4
TL 1790325633.696 905.2 2.7
TL 1790325633.796 559.2 1.9
TL 1790325633.896 614.2 3.3
TL 1790325633.997 613.0 3.5
TL 1790325634.097 860.1 3.6
TL 1790325634.197 1085.5 3.4
TL 1790325634.297 548.6 3.3
TL 1790325634.398 865.9 3.1
TL 1790325634.498 1131.2 5.1
TL 1790325634.598 595.6 3.6
TL 1790325634.699 1240.4 3.9
TL 1790325634.799 1110.0 2.8
TL 1790325634.899 429.0 1.6
TL 1790325635.001 2095.1 6.5
TL 1790325635.100 935.9 3.6
TL 1790325635.200 714.1 2.9
TL 1790325635.301 827.7 3.4
TL 1790325635.401 595.9 1.9
TL 1790325635.501 705.6 2.4
TL 1790325635.602 876.9 2.3
TL 1790325635.702 723.5 3.7
TL 1790325635.801 457.0 1.7
TL 1790325635.902 886.9 3.2
TL 1790325636.003 1300.5 3.9
TL 1790325636.103 1029.0 3.1
TL 1790325636.203 1604.3 3.4
TL 1790325636.302 391.7 2.8
TL 1790325636.404 1622.7 1.7
TL 1790325636.502 136.3 1.6
TL 1790325636.602 154.3 1.2
TL 1790325636.703 269.4 1.7
TL 1790325636.803 153.6 1.6
TL 1790325636.903 283.3 1.4
TL 1790325637.004 912.4 1.8
TL 1790325637.103 393.3 1.8
TL 1790325637.205 2138.2 1.8
TL 1790325637.303 378.6 1.7
TL 1790325637.404 1212.8 1.5
TL 1790325637.504 1298.6 1.6
TL 1790325637.604 175.1 1.4
TL 1790325637.704 176.0 1.4
TL 1790325637.805 636.8 1.7
TL 1790325637.904 114.5 1.7
TL 1790325638.005 889.4 1.5
TL 1790325638.105 295.1 2.0
TL 1790325638.205 510.8 1.6
TL 1790325638.306 1049.9 1.5
TL 1790325638.407 1740.6 1.2
TL 1790325638.507 1670.3 1.6
TL 1790325638.606 1317.2 1.5
TL 1790325638.706 699.6 1.4
TL 1790325638.806 1026.4 1.7
TL 1790325638.906 263.8 1.5
TL 1790325639.006 365.1 1.9
TL 1790325639.106 69.7 1.5
TL 1790325639.207 1610.4 1.8
TL 1790325639.307 1289.6 1.7
TL 1790325639.406 409.4 1.6
TL 1790325639.506 104.7 2.1
TL 1790325639.606 242.2 1.8
TL 1790325639.706 394.1 2.0
TL 1790325639.807 381.4 1.6
TL 1790325639.907 458.4 2.4
TL 1790325640.007 597.2 2.4
TL 1790325640.107 565.3 2.2
TL 1790325640.207 302.6 2.0
TL 1790325640.307 367.3 2.4
TL 1790325640.408 990.4 3.6
TL 1790325640.508 476.2 4.1
TL 1790325640.609 840.5 3.1
TL 1790325640.709 531.3 2.2
TL 1790325640.810 1153.3 115.7
TL 1790325640.909 748.2 4.4
TL 1790325641.010 977.0 3.4
TL 1790325641.110 867.9 3.7
TL 1790325641.210 512.9 2.9
TL 1790325641.311 1598.7 3.1
TL 1790325641.410 587.8 3.0
TL 1790325641.510 135.3 2.0
TL 1790325641.610 583.9 4.4
TL 1790325641.711 591.8 3.5
TL 1790325641.811 835.7 4.1
TL 1790325641.911 365.5 4.4
TL 1790325642.012 1479.7 4.1
TL 1790325642.113 2465.4 3.3
TL 1790325642.212 649.4 3.5
TL 1790325642.312 1022.2 4.2
