1790151058.346060526  432550 1002772
1790151060.915539067       0       0
1790151063.260839743  122594 1003312
1790151065.656274169       0       0
1790151067.932634950       0       0
1790151070.202681355   75995 1002694
1790151072.479116146       0       0
1790151074.761035885       0       0
1790151077.016163853       0       0
1790151079.267684529       0       0
1790151081.550654945       0       0
1790151083.839349788       0       0
1790151086.104572703       0       0
1790151088.373399473   61295 1002475
1790151090.746964889   57064 1002414
1790151093.138912128   72913 1002830
1790151095.620707075   63777 1002484
1790151098.025813168   63963 1002444
1790151100.356937385   68350 1002561
1790151102.702808582       0       0
1790151105.029832227   70099 1002274
1790151107.328621602   62442 1002781
1790151109.688697278   65196 1002464
1790151112.073814256   73063 1002596
1790151114.416980765   65591 1002569
1790151116.726568525   63612 1002885
1790151119.041395503   68312 1002692
1790151121.401555763   72738 1002722
1790151123.746443887   74237 1002568
1790151126.105170084   66433 1002589
1790151128.426995604   68230 1002939
1790151130.961734301   59466 1002771
1790151133.283537373   75486 1002459
1790151135.660158205   69881 1002694
1790151138.005296486   71731 1002268
1790151140.323564662   75650 1002604
1790151142.666844661   75598 1002363
1790151144.979316952   80575 1002221
1790151147.307262732   73598 1002609
1790151149.636755492   65706 1002639
1790151151.953706897   69363 1002325
1790151154.291152834   77300 1002625
1790151156.657875229   73060 1002709
1790151158.989374186   68848 1002729
1790151161.303492102   71653 1002330
1790151163.640385174   60353 1002436
1790151166.126637569   68606 1002656
1790151168.413612255   54997 1002459
1790151170.732346161   71531 1002551
1790151173.070164233   51169 1002615
1790151175.398735898   61062 1002358
1790151177.737766158   61016 1002432
1790151180.087997199   67935 1002709
1790151182.425251990   70570 1002478
1790151184.727949697   73441 1002745
1790151187.067345738   80719 1002633
1790151189.385837924   61982 1002436
1790151191.712824330   68714 1002531
1790151194.038013496   60791 1002724
1790151196.346353234   57359 1002443
1790151198.681138858   68006 1002438
1790151201.164173232   67666 1002277
1790151203.454517554   68665 1002579
1790151205.859781199   65795 1002368
1790151208.277270157   62729 1002750
1790151210.618057448   66275 1002461
1790151212.973729686   79234 1002403
1790151215.278357394   72355 1002548
1790151217.634130414   56058 1002453
1790151220.040113434   65579 1002252
1790151222.423258745   65349 1002378
1790151224.796079369   61945 1002447
1790151227.192351868       0       0
1790151229.582958222       0       0
1790151231.970492075       0       0
1790151234.364015563       0       0
1790151236.996721552       0       0
1790151239.501959207       0       0
1790151241.913280925       0       0
