TL 1790328868.009 87.3 0.6
TL 1790328868.109 94.0 1.5
TL 1790328868.209 178.0 3.7
TL 1790328868.310 578.3 4.3
TL 1790328868.410 281.2 3.7
TL 1790328868.510 86.6 0.7
TL 1790328868.610 119.8 1.4
TL 1790328868.710 143.5 2.6
TL 1790328868.811 448.2 2.8
TL 1790328868.911 278.5 3.3
TL 1790328869.011 202.7 2.1
TL 1790328869.111 342.9 3.0
TL 1790328869.212 366.6 4.2
TL 1790328869.312 235.2 2.7
TL 1790328869.412 293.9 3.3
TL 1790328869.512 123.9 1.1
TL 1790328869.612 104.8 2.6
TL 1790328869.713 505.4 5.1
TL 1790328869.812 192.8 3.1
TL 1790328869.913 230.6 3.1
TL 1790328870.013 342.4 1.6
TL 1790328870.113 76.1 1.2
TL 1790328870.213 204.7 4.0
TL 1790328870.313 318.5 3.3
TL 1790328870.414 309.2 4.3
TL 1790328870.513 88.1 1.0
TL 1790328870.614 178.4 2.4
TL 1790328870.714 280.7 4.1
TL 1790328870.816 186.3 3.3
TL 1790328870.916 284.5 3.9
TL 1790328871.016 72.7 0.6
TL 1790328871.116 108.1 1.8
TL 1790328871.216 223.3 4.6
TL 1790328871.316 114.7 1.9
TL 1790328871.417 259.7 3.1
TL 1790328871.517 266.1 1.6
TL 1790328871.618 1014.5 2.6
TL 1790328871.717 219.3 3.1
TL 1790328871.818 218.0 3.7
TL 1790328871.918 304.7 4.5
TL 1790328872.018 262.3 2.1
TL 1790328872.118 182.2 1.8
TL 1790328872.218 134.3 2.8
TL 1790328872.318 265.3 2.4
TL 1790328872.419 334.3 2.2
TL 1790328872.519 230.4 1.3
TL 1790328872.619 374.4 4.9
TL 1790328872.719 194.9 2.6
TL 1790328872.819 306.1 4.7
TL 1790328872.919 98.7 2.9
TL 1790328873.020 128.6 1.0
TL 1790328873.120 152.3 1.7
TL 1790328873.220 55.6 2.0
TL 1790328873.320 318.6 2.4
TL 1790328873.422 2366.7 1.9
TL 1790328873.520 166.2 1.5
TL 1790328873.621 153.7 3.3
TL 1790328873.721 572.8 3.2
TL 1790328873.821 119.0 4.0
TL 1790328873.921 97.1 6.2
TL 1790328874.021 288.8 1.6
TL 1790328874.121 206.7 3.0
TL 1790328874.222 207.7 2.1
TL 1790328874.322 146.0 4.3
TL 1790328874.422 91.6 2.0
TL 1790328874.522 219.5 2.2
TL 1790328874.622 143.7 2.8
TL 1790328874.722 146.0 1.8
TL 1790328874.822 78.6 2.3
TL 1790328874.923 237.4 2.1
TL 1790328875.023 205.1 1.7
TL 1790328875.123 170.5 2.4
TL 1790328875.223 139.9 3.5
TL 1790328875.323 175.3 2.7
TL 1790328875.423 110.8 1.8
TL 1790328875.523 89.1 1.0
TL 1790328875.624 125.1 1.7
TL 1790328875.724 110.8 2.0
TL 1790328875.825 168.9 2.6
TL 1790328875.925 80.7 3.0
TL 1790328876.025 180.2 2.1
TL 1790328876.125 415.4 2.6
TL 1790328876.225 323.3 2.6
TL 1790328876.325 139.2 2.7
TL 1790328876.425 90.7 1.9
TL 1790328876.525 172.6 1.3
TL 1790328876.625 78.1 2.8
TL 1790328876.726 199.9 2.3
TL 1790328876.826 115.2 2.1
TL 1790328876.926 242.5 2.9
TL 1790328877.026 235.8 1.0
TL 1790328877.126 151.3 3.4
TL 1790328877.226 340.5 3.7
TL 1790328877.326 176.6 2.3
TL 1790328877.426 146.5 1.9
TL 1790328877.527 434.1 3.1
TL 1790328877.627 105.3 2.8
TL 1790328877.727 117.2 2.2
TL 1790328877.828 794.2 2.7
TL 1790328877.927 89.4 2.0
TL 1790328878.027 210.2 1.6
TL 1790328878.127 114.6 3.3
TL 1790328878.227 92.1 2.2
TL 1790328878.328 243.2 2.6
TL 1790328878.444 16393.0 2.3
TL 1790328878.528 109.8 1.4
TL 1790328878.629 1536.9 2.0
TL 1790328878.730 1790.2 2.4
TL 1790328878.829 541.7 2.3
TL 1790328878.928 66.2 1.9
TL 1790328879.030 1855.6 1.6
TL 1790328879.130 1582.9 2.7
TL 1790328879.229 145.5 2.4
TL 1790328879.329 219.7 2.5
TL 1790328879.430 998.9 1.7
TL 1790328879.529 85.2 2.2
TL 1790328879.629 127.9 2.7
TL 1790328879.729 202.3 2.4
TL 1790328879.830 94.0 2.2
TL 1790328879.930 518.1 2.6
TL 1790328880.030 183.0 1.8
TL 1790328880.130 124.0 2.3
TL 1790328880.230 91.1 1.9
TL 1790328880.330 237.1 2.1
TL 1790328880.431 483.2 2.6
TL 1790328880.531 471.4 2.2
TL 1790328880.631 269.6 2.3
TL 1790328880.731 259.8 2.9
TL 1790328880.831 171.0 2.8
TL 1790328880.931 84.5 2.1
TL 1790328881.031 50.7 2.0
TL 1790328881.131 96.8 1.8
TL 1790328881.231 136.8 2.2
TL 1790328881.331 144.1 2.2
TL 1790328881.431 132.7 1.9
TL 1790328881.532 227.5 1.9
TL 1790328881.632 137.0 2.0
TL 1790328881.732 149.1 1.7
TL 1790328881.832 163.6 1.9
TL 1790328881.932 111.6 1.6
TL 1790328882.032 152.8 1.8
TL 1790328882.132 124.3 1.4
TL 1790328882.232 93.2 2.4
TL 1790328882.332 171.5 1.9
TL 1790328882.432 86.9 1.8
TL 1790328882.533 143.0 1.8
TL 1790328882.633 134.2 1.6
TL 1790328882.733 135.9 1.9
TL 1790328882.833 141.5 2.1
TL 1790328882.933 152.1 2.6
TL 1790328883.033 123.9 2.4
TL 1790328883.133 363.5 2.5
TL 1790328883.233 73.6 2.3
TL 1790328883.333 118.2 2.2
TL 1790328883.433 92.8 2.2
TL 1790328883.534 156.2 2.7
TL 1790328883.634 110.1 14.6
TL 1790328883.734 214.1 2.3
TL 1790328883.834 176.8 2.2
TL 1790328883.934 183.7 1.6
TL 1790328884.034 122.9 2.2
TL 1790328884.134 137.1 1.9
TL 1790328884.234 134.9 1.8
TL 1790328884.334 126.7 1.8
TL 1790328884.435 100.8 2.2
TL 1790328884.535 99.2 1.8
TL 1790328884.635 189.5 1.9
TL 1790328884.735 218.8 3.0
TL 1790328884.835 154.0 1.7
TL 1790328884.935 126.5 1.9
TL 1790328885.035 157.9 2.5
TL 1790328885.135 237.0 2.3
TL 1790328885.236 158.9 2.6
TL 1790328885.336 90.3 1.7
TL 1790328885.437 1211.9 1.6
TL 1790328885.536 123.0 2.0
TL 1790328885.638 2401.6 2.2
TL 1790328885.736 88.2 1.9
TL 1790328885.837 249.6 4.0
TL 1790328885.937 205.6 3.7
TL 1790328886.037 224.9 4.2
TL 1790328886.137 117.6 1.0
TL 1790328886.238 399.6 3.5
TL 1790328886.338 204.4 2.9
TL 1790328886.438 293.0 3.4
TL 1790328886.538 328.1 3.4
TL 1790328886.638 397.7 3.9
TL 1790328886.738 110.2 1.4
TL 1790328886.839 338.0 4.9
TL 1790328886.940 1126.6 4.5
TL 1790328887.039 440.5 4.3
TL 1790328887.140 913.3 2.0
TL 1790328887.240 336.4 3.8
TL 1790328887.340 104.7 2.2
TL 1790328887.440 217.9 2.0
TL 1790328887.540 143.2 3.1
TL 1790328887.640 270.5 3.0
TL 1790328887.740 111.8 1.5
TL 1790328887.840 107.2 2.4
TL 1790328887.941 288.1 2.2
TL 1790328888.041 555.8 3.4
TL 1790328888.141 236.6 2.9
TL 1790328888.241 217.5 3.5
TL 1790328888.341 96.0 2.1
TL 1790328888.442 290.6 5.2
TL 1790328888.542 347.9 3.3
TL 1790328888.642 205.0 3.0
TL 1790328888.742 91.4 2.0
TL 1790328888.842 328.9 3.4
TL 1790328888.942 110.5 2.2
TL 1790328889.042 274.5 2.5
TL 1790328889.143 211.1 2.6
TL 1790328889.243 232.9 3.4
TL 1790328889.343 130.4 1.9
TL 1790328889.443 149.9 1.8
TL 1790328889.543 172.7 2.4
TL 1790328889.643 167.3 2.1
TL 1790328889.743 160.9 1.8
TL 1790328889.844 237.0 3.9
TL 1790328889.944 132.0 1.9
TL 1790328890.044 108.4 2.2
TL 1790328890.144 268.5 2.2
TL 1790328890.244 226.7 2.5
TL 1790328890.344 172.9 2.1
TL 1790328890.444 169.5 2.1
TL 1790328890.544 104.2 2.8
TL 1790328890.645 135.7 2.2
TL 1790328890.745 166.4 2.0
TL 1790328890.845 127.2 2.3
TL 1790328890.945 99.9 1.8
TL 1790328891.045 186.2 2.2
TL 1790328891.145 169.6 2.9
TL 1790328891.245 238.6 2.9
TL 1790328891.346 280.4 3.0
TL 1790328891.446 238.4 2.4
TL 1790328891.546 178.8 2.6
TL 1790328891.646 411.3 2.4
TL 1790328891.746 267.6 4.9
TL 1790328891.846 195.3 2.8
TL 1790328891.946 253.0 3.7
TL 1790328892.046 267.5 2.9
TL 1790328892.147 302.4 4.7
TL 1790328892.247 311.4 3.1
TL 1790328892.347 72.6 2.3
TL 1790328892.449 216.6 2.3
TL 1790328892.549 64.8 2.0
TL 1790328892.649 227.3 2.6
TL 1790328892.749 207.3 2.4
TL 1790328892.849 185.7 2.4
TL 1790328892.949 188.0 2.2
TL 1790328893.050 150.7 2.2
TL 1790328893.150 282.2 2.3
TL 1790328893.250 254.9 1.8
TL 1790328893.350 196.4 2.9
TL 1790328893.451 273.5 2.2
TL 1790328893.551 142.0 1.5
TL 1790328893.651 191.1 2.5
TL 1790328893.751 231.1 2.2
TL 1790328893.851 179.4 2.4
TL 1790328893.951 259.3 2.6
TL 1790328894.051 218.4 2.4
TL 1790328894.151 106.3 2.3
TL 1790328894.251 222.1 2.5
TL 1790328894.353 554.3 2.0
TL 1790328894.453 223.2 2.6
TL 1790328894.553 172.9 1.5
TL 1790328894.653 122.6 2.1
TL 1790328894.754 282.5 2.5
TL 1790328894.854 152.2 2.2
TL 1790328894.954 188.5 2.9
TL 1790328895.054 165.1 0.7
TL 1790328895.154 156.2 2.1
TL 1790328895.254 207.9 2.6
TL 1790328895.354 232.3 3.4
TL 1790328895.454 118.5 2.0
TL 1790328895.555 224.5 1.2
TL 1790328895.655 275.1 2.4
TL 1790328895.755 138.1 2.1
TL 1790328895.855 222.0 2.8
TL 1790328895.955 168.9 2.2
TL 1790328896.055 151.7 1.1
TL 1790328896.155 225.8 2.2
TL 1790328896.257 822.1 4.6
TL 1790328896.356 319.8 6.4
TL 1790328896.456 214.0 3.9
TL 1790328896.556 113.5 1.1
TL 1790328896.657 339.5 4.8
TL 1790328896.757 111.7 1.8
TL 1790328896.857 117.6 2.6
TL 1790328896.957 218.1 1.5
TL 1790328897.057 71.9 1.1
TL 1790328897.157 214.1 3.3
TL 1790328897.257 116.6 1.5
TL 1790328897.358 325.1 6.0
TL 1790328897.458 335.1 4.6
TL 1790328897.558 120.8 0.7
TL 1790328897.658 188.6 2.9
TL 1790328897.759 322.4 2.9
TL 1790328897.860 344.7 4.9
TL 1790328897.960 325.9 3.1
TL 1790328898.061 433.9 2.7
TL 1790328898.161 246.9 2.3
TL 1790328898.261 202.0 2.4
TL 1790328898.361 118.2 1.5
TL 1790328898.461 214.7 2.3
TL 1790328898.561 291.6 1.6
TL 1790328898.663 1292.7 2.1
TL 1790328898.762 424.4 4.1
TL 1790328898.862 311.6 3.9
TL 1790328898.962 299.1 3.4
TL 1790328899.062 283.6 1.9
TL 1790328899.162 273.7 2.9
TL 1790328899.262 77.4 2.0
TL 1790328899.363 239.9 2.3
TL 1790328899.463 125.8 1.7
TL 1790328899.563 84.3 0.7
TL 1790328899.663 106.2 3.0
TL 1790328899.763 208.5 3.3
TL 1790328899.863 482.2 2.7
TL 1790328899.963 57.0 1.6
TL 1790328900.063 230.1 1.0
TL 1790328900.164 106.9 2.7
TL 1790328900.264 148.2 1.8
TL 1790328900.364 405.3 1.5
TL 1790328900.464 130.7 1.7
TL 1790328900.564 157.8 1.0
TL 1790328900.664 234.3 1.7
TL 1790328900.764 94.5 3.2
TL 1790328900.865 136.3 2.0
TL 1790328900.965 130.1 3.4
TL 1790328901.065 178.1 1.1
TL 1790328901.165 556.7 1.8
TL 1790328901.265 99.5 3.0
TL 1790328901.366 442.1 1.6
TL 1790328901.465 136.2 2.0
TL 1790328901.566 186.8 0.7
TL 1790328901.666 171.2 3.2
TL 1790328901.766 152.2 3.0
TL 1790328901.866 194.0 3.0
TL 1790328901.966 65.2 3.4
TL 1790328902.066 111.6 1.3
TL 1790328902.166 80.7 1.4
TL 1790328902.266 77.9 1.7
TL 1790328902.367 93.7 2.1
TL 1790328902.467 58.1 2.1
TL 1790328902.567 604.9 0.8
TL 1790328902.667 115.9 2.2
TL 1790328902.767 387.6 3.9
TL 1790328902.870 586.5 16.8
TL 1790328902.970 214.6 2.8
TL 1790328903.070 249.1 2.7
TL 1790328903.170 154.2 1.7
TL 1790328903.271 468.7 4.1
TL 1790328903.371 666.9 4.9
TL 1790328903.472 737.4 3.5
TL 1790328903.571 113.9 0.8
TL 1790328903.673 87.9 1.4
TL 1790328903.774 654.0 4.8
TL 1790328903.874 313.2 3.8
TL 1790328903.974 384.3 3.9
TL 1790328904.074 96.0 0.9
TL 1790328904.174 192.2 2.3
TL 1790328904.274 422.9 1.9
TL 1790328904.376 1496.1 1.6
TL 1790328904.475 246.0 3.5
TL 1790328904.575 104.0 0.7
TL 1790328904.675 538.7 2.7
TL 1790328904.775 683.1 3.2
TL 1790328904.875 122.3 2.3
TL 1790328904.975 69.2 1.9
TL 1790328905.075 107.7 1.2
TL 1790328905.176 440.2 3.5
TL 1790328905.276 489.4 2.7
TL 1790328905.376 478.5 5.1
TL 1790328905.476 428.4 3.7
TL 1790328905.576 313.2 2.1
TL 1790328905.676 301.3 3.1
TL 1790328905.776 87.1 1.7
TL 1790328905.877 91.9 1.6
TL 1790328905.977 134.1 2.1
TL 1790328906.077 385.5 1.8
TL 1790328906.177 116.0 2.3
TL 1790328906.278 327.2 5.0
TL 1790328906.378 148.5 2.6
TL 1790328906.478 263.8 4.1
TL 1790328906.578 119.6 1.0
TL 1790328906.678 97.7 2.0
TL 1790328906.778 90.1 2.1
TL 1790328906.879 350.7 5.1
TL 1790328906.979 290.3 3.7
TL 1790328907.079 378.4 2.4
TL 1790328907.179 148.6 1.9
TL 1790328907.279 109.3 2.1
TL 1790328907.379 131.9 1.5
TL 1790328907.479 119.3 1.4
TL 1790328907.580 193.0 1.5
TL 1790328907.680 216.0 1.7
TL 1790328907.780 165.2 2.3
TL 1790328907.880 122.8 1.7
TL 1790328907.980 197.0 2.0
TL 1790328908.081 435.6 1.5
TL 1790328908.181 401.1 3.5
TL 1790328908.281 103.4 1.9
TL 1790328908.381 149.3 2.1
TL 1790328908.481 153.5 2.2
TL 1790328908.581 298.5 2.7
TL 1790328908.681 161.3 2.2
TL 1790328908.781 364.9 1.4
TL 1790328908.881 230.8 2.4
TL 1790328908.981 106.9 3.1
TL 1790328909.082 123.1 1.4
TL 1790328909.182 73.9 3.1
TL 1790328909.282 247.7 3.9
TL 1790328909.382 126.1 2.3
TL 1790328909.482 86.7 2.8
TL 1790328909.582 123.5 0.7
TL 1790328909.682 158.5 1.9
TL 1790328909.783 861.4 4.0
TL 1790328909.883 397.2 4.8
TL 1790328909.983 207.7 4.3
TL 1790328910.083 186.7 1.6
TL 1790328910.183 145.9 2.0
TL 1790328910.283 101.0 1.9
TL 1790328910.383 77.4 2.1
TL 1790328910.484 1204.5 2.1
TL 1790328910.584 330.3 1.2
TL 1790328910.684 347.4 4.8
TL 1790328910.784 133.7 2.6
TL 1790328910.884 104.9 2.5
TL 1790328910.984 188.8 2.2
TL 1790328911.084 140.6 1.2
TL 1790328911.184 136.0 1.7
TL 1790328911.285 858.8 1.9
TL 1790328911.384 129.5 2.7
TL 1790328911.485 117.3 2.8
TL 1790328911.585 445.4 2.9
TL 1790328911.685 360.9 6.6
TL 1790328911.785 138.4 1.8
TL 1790328911.885 167.2 2.0
TL 1790328911.985 117.9 1.4
TL 1790328912.089 3774.4 1.4
TL 1790328912.186 337.2 3.9
TL 1790328912.286 275.1 2.8
TL 1790328912.386 181.0 2.2
TL 1790328912.486 125.7 3.3
TL 1790328912.586 94.4 0.9
TL 1790328912.686 251.5 1.9
TL 1790328912.786 106.4 1.9
TL 1790328912.891 4384.3 2.2
TL 1790328912.986 87.2 1.8
TL 1790328913.087 161.0 1.4
TL 1790328913.187 181.9 2.1
TL 1790328913.287 359.3 4.3
TL 1790328913.387 142.4 1.9
TL 1790328913.487 156.4 1.7
TL 1790328913.587 96.5 1.7
TL 1790328913.688 175.2 2.6
TL 1790328913.788 299.2 3.3
TL 1790328913.888 340.8 2.1
TL 1790328913.988 293.6 3.5
TL 1790328914.088 290.6 1.8
TL 1790328914.189 409.0 4.2
TL 1790328914.289 155.5 2.0
TL 1790328914.389 136.0 1.7
TL 1790328914.489 158.9 1.7
TL 1790328914.589 126.7 0.9
TL 1790328914.689 266.7 2.0
TL 1790328914.789 128.2 2.2
TL 1790328914.889 291.1 3.9
TL 1790328914.990 321.5 4.1
TL 1790328915.090 212.0 1.2
TL 1790328915.190 134.6 1.7
TL 1790328915.290 106.2 1.8
TL 1790328915.390 194.6 1.4
TL 1790328915.490 143.9 2.0
TL 1790328915.591 637.6 1.1
TL 1790328915.691 790.4 4.3
TL 1790328915.791 603.1 55.8
TL 1790328915.891 230.7 2.1
TL 1790328915.991 99.3 1.4
TL 1790328916.091 90.8 1.2
TL 1790328916.191 52.9 1.6
TL 1790328916.291 105.5 1.5
TL 1790328916.391 282.9 1.7
TL 1790328916.491 106.7 1.8
TL 1790328916.591 214.5 2.0
TL 1790328916.692 351.0 3.9
TL 1790328916.792 176.9 2.5
TL 1790328916.892 297.3 1.4
TL 1790328916.992 248.0 2.2
TL 1790328917.092 171.4 1.1
TL 1790328917.192 113.4 2.2
TL 1790328917.292 166.4 1.9
TL 1790328917.393 126.2 1.7
TL 1790328917.493 140.9 2.0
TL 1790328917.593 340.5 1.7
TL 1790328917.693 275.9 3.4
TL 1790328917.794 452.6 3.9
TL 1790328917.894 290.2 3.0
TL 1790328917.994 215.3 1.9
TL 1790328918.094 147.9 0.9
TL 1790328918.194 164.4 2.1
TL 1790328918.300 6098.2 1.7
TL 1790328918.394 148.4 2.4
TL 1790328918.494 75.4 2.8
TL 1790328918.594 141.6 1.0
TL 1790328918.694 146.7 1.7
TL 1790328918.794 136.4 1.6
TL 1790328918.895 104.6 1.6
TL 1790328918.995 158.9 2.1
TL 1790328919.095 221.4 1.6
TL 1790328919.195 380.5 3.8
TL 1790328919.296 371.4 3.4
TL 1790328919.396 233.3 2.0
TL 1790328919.496 344.6 3.7
TL 1790328919.596 149.1 0.6
TL 1790328919.696 93.9 2.1
TL 1790328919.796 133.3 2.4
TL 1790328919.896 132.9 1.9
TL 1790328920.001 5185.3 4.3
TL 1790328920.097 233.8 2.7
TL 1790328920.197 222.7 3.4
TL 1790328920.297 207.4 2.9
TL 1790328920.397 176.9 3.1
TL 1790328920.497 98.8 1.6
TL 1790328920.597 110.6 1.3
TL 1790328920.697 96.1 2.1
TL 1790328920.797 93.6 3.1
TL 1790328920.897 122.9 4.6
TL 1790328920.998 255.2 2.7
TL 1790328921.098 107.1 1.1
TL 1790328921.198 167.2 2.5
TL 1790328921.298 128.9 1.7
TL 1790328921.398 252.2 2.7
TL 1790328921.499 136.6 1.7
TL 1790328921.599 144.8 1.1
TL 1790328921.699 92.6 1.9
TL 1790328921.799 189.4 3.2
TL 1790328921.899 141.9 2.2
TL 1790328921.999 141.2 2.5
TL 1790328922.099 124.5 1.7
TL 1790328922.199 240.1 2.2
TL 1790328922.299 169.2 3.3
TL 1790328922.400 157.3 1.7
TL 1790328922.500 168.9 1.8
TL 1790328922.600 159.4 1.0
TL 1790328922.700 181.9 1.8
TL 1790328922.800 113.6 1.9
TL 1790328922.902 2239.3 2.1
TL 1790328923.000 132.6 1.7
TL 1790328923.100 95.1 0.9
TL 1790328923.200 110.6 3.4
TL 1790328923.301 303.3 1.7
TL 1790328923.401 137.6 2.0
TL 1790328923.501 132.9 1.6
TL 1790328923.601 130.5 0.9
TL 1790328923.701 148.1 2.5
TL 1790328923.801 133.9 3.1
TL 1790328923.901 91.4 2.2
TL 1790328924.001 132.5 1.6
TL 1790328924.102 254.0 1.1
TL 1790328924.202 135.6 1.9
TL 1790328924.302 139.4 1.9
TL 1790328924.402 135.8 1.5
TL 1790328924.502 127.9 1.6
TL 1790328924.602 133.0 0.9
TL 1790328924.704 1759.6 1.7
TL 1790328924.802 121.9 2.4
TL 1790328924.902 90.9 1.3
TL 1790328925.002 187.1 1.9
TL 1790328925.103 291.6 1.6
TL 1790328925.203 140.4 1.9
TL 1790328925.303 80.0 1.9
TL 1790328925.403 89.4 3.0
TL 1790328925.503 357.8 1.8
TL 1790328925.603 467.9 2.3
TL 1790328925.704 875.0 4.1
TL 1790328925.804 387.0 3.1
TL 1790328925.904 179.1 2.9
TL 1790328926.004 159.6 2.7
TL 1790328926.104 134.8 0.9
TL 1790328926.204 160.8 2.0
TL 1790328926.304 199.4 2.2
TL 1790328926.408 3955.5 1.9
TL 1790328926.504 133.0 2.0
TL 1790328926.604 87.0 1.2
TL 1790328926.705 206.9 1.7
TL 1790328926.805 257.2 3.2
TL 1790328926.905 221.2 2.8
TL 1790328927.005 171.1 1.8
TL 1790328927.105 117.9 1.0
TL 1790328927.205 184.0 1.5
TL 1790328927.305 78.8 1.7
TL 1790328927.406 425.4 1.7
TL 1790328927.505 153.2 2.1
TL 1790328927.606 123.3 1.2
TL 1790328927.706 105.5 2.1
TL 1790328927.806 108.5 1.9
TL 1790328927.906 108.7 1.7
TL 1790328928.006 105.5 1.9
TL 1790328928.106 111.8 1.2
TL 1790328928.209 3041.6 1.7
TL 1790328928.306 147.7 2.4
TL 1790328928.406 67.0 1.4
TL 1790328928.507 169.0 3.3
TL 1790328928.607 144.7 1.0
TL 1790328928.707 242.2 1.9
TL 1790328928.807 109.3 3.9
TL 1790328928.907 116.1 1.8
TL 1790328929.007 190.9 1.4
TL 1790328929.107 98.1 0.7
TL 1790328929.209 1382.8 2.4
TL 1790328929.307 117.4 2.2
TL 1790328929.407 131.5 1.9
TL 1790328929.508 348.6 3.0
TL 1790328929.608 405.4 1.4
TL 1790328929.709 437.7 4.1
TL 1790328929.808 139.6 2.3
TL 1790328929.909 182.8 1.4
TL 1790328930.009 338.6 1.8
TL 1790328930.109 94.8 0.9
TL 1790328930.209 91.1 2.8
TL 1790328930.309 160.8 1.9
TL 1790328930.409 169.5 1.9
TL 1790328930.509 209.1 2.6
TL 1790328930.609 174.2 1.3
TL 1790328930.709 126.7 1.9
TL 1790328930.809 112.2 1.4
TL 1790328930.909 122.6 0.7
TL 1790328931.010 170.1 2.0
TL 1790328931.110 146.4 0.8
TL 1790328931.210 133.6 1.6
TL 1790328931.310 674.8 2.1
TL 1790328931.410 456.6 2.0
TL 1790328931.511 436.4 4.5
TL 1790328931.610 244.9 2.3
TL 1790328931.710 75.6 1.8
TL 1790328931.811 177.3 1.8
TL 1790328931.911 113.4 1.9
TL 1790328932.011 152.7 1.6
TL 1790328932.111 429.8 0.9
TL 1790328932.211 98.7 1.5
TL 1790328932.311 83.0 3.1
TL 1790328932.411 174.5 1.8
TL 1790328932.511 201.1 1.5
TL 1790328932.611 102.2 0.6
TL 1790328932.712 167.9 1.8
TL 1790328932.812 146.2 2.4
TL 1790328932.912 139.6 1.9
TL 1790328933.012 145.3 3.3
TL 1790328933.112 575.7 2.0
TL 1790328933.212 272.1 2.5
TL 1790328933.313 589.3 3.1
TL 1790328933.413 296.8 3.3
TL 1790328933.513 142.6 1.9
TL 1790328933.613 124.7 0.8
TL 1790328933.713 216.6 1.3
TL 1790328933.814 236.3 1.5
TL 1790328933.913 56.1 1.7
TL 1790328934.014 851.9 3.6
TL 1790328934.114 110.2 0.7
TL 1790328934.214 364.9 3.5
TL 1790328934.314 345.3 1.7
TL 1790328934.414 202.0 2.0
TL 1790328934.514 203.3 1.2
TL 1790328934.614 142.1 1.1
TL 1790328934.715 108.1 1.7
TL 1790328934.815 186.7 1.6
TL 1790328934.915 235.1 1.7
TL 1790328935.015 272.3 3.2
TL 1790328935.115 205.0 1.3
TL 1790328935.215 101.7 2.2
TL 1790328935.315 177.1 1.6
TL 1790328935.415 130.1 1.9
TL 1790328935.516 144.1 1.9
TL 1790328935.616 108.4 1.0
TL 1790328935.716 215.1 3.7
TL 1790328935.818 1598.9 1.8
TL 1790328935.917 305.5 3.9
TL 1790328936.017 172.8 2.1
TL 1790328936.117 243.5 0.7
TL 1790328936.217 102.4 1.5
TL 1790328936.317 98.1 1.6
TL 1790328936.417 208.4 2.3
TL 1790328936.517 227.7 1.8
TL 1790328936.617 124.5 0.8
TL 1790328936.717 163.7 2.6
TL 1790328936.817 112.4 1.6
TL 1790328936.918 218.6 2.2
TL 1790328937.018 89.4 1.9
TL 1790328937.118 381.1 1.0
TL 1790328937.218 90.6 1.9
TL 1790328937.318 372.3 1.4
TL 1790328937.418 129.8 1.5
TL 1790328937.518 116.5 1.7
TL 1790328937.618 139.3 1.3
TL 1790328937.718 109.4 3.1
TL 1790328937.819 474.3 2.9
TL 1790328937.919 110.9 2.0
TL 1790328938.019 486.8 2.6
TL 1790328938.119 266.7 0.9
TL 1790328938.219 173.0 1.8
TL 1790328938.319 160.6 1.8
TL 1790328938.419 107.4 1.8
TL 1790328938.519 242.4 2.4
TL 1790328938.619 111.6 0.8
TL 1790328938.719 68.9 1.5
TL 1790328938.820 83.8 1.7
TL 1790328938.920 271.1 1.4
TL 1790328939.020 215.0 1.4
TL 1790328939.120 167.0 1.0
TL 1790328939.220 88.4 2.1
TL 1790328939.320 89.5 2.4
TL 1790328939.420 139.9 1.4
TL 1790328939.520 70.7 2.1
TL 1790328939.620 94.7 1.4
TL 1790328939.721 208.9 3.4
TL 1790328939.821 429.9 4.3
TL 1790328939.921 287.0 3.9
TL 1790328940.021 288.4 1.9
TL 1790328940.122 373.5 1.5
TL 1790328940.222 304.8 2.2
TL 1790328940.322 130.2 1.7
TL 1790328940.422 172.2 1.9
TL 1790328940.522 138.8 1.8
TL 1790328940.626 3872.3 1.2
TL 1790328940.722 139.6 1.9
TL 1790328940.822 250.5 1.6
TL 1790328940.922 125.7 1.7
TL 1790328941.023 198.1 2.3
TL 1790328941.123 163.5 1.4
TL 1790328941.223 264.5 6.0
TL 1790328941.323 211.7 1.7
TL 1790328941.423 103.8 1.6
TL 1790328941.524 906.1 4.3
TL 1790328941.623 232.4 2.2
TL 1790328941.724 224.5 3.3
TL 1790328941.824 253.6 1.5
TL 1790328941.924 178.5 2.1
TL 1790328942.024 153.7 1.5
TL 1790328942.124 143.7 1.2
TL 1790328942.224 98.2 1.8
TL 1790328942.324 263.6 1.9
TL 1790328942.424 179.0 1.9
TL 1790328942.525 1121.7 1.9
TL 1790328942.624 156.8 1.1
TL 1790328942.724 160.7 2.5
TL 1790328942.825 289.9 3.3
TL 1790328942.925 189.1 4.1
TL 1790328943.025 117.6 1.9
TL 1790328943.125 75.1 0.9
TL 1790328943.232 6817.4 3.6
TL 1790328943.326 1195.8 3.9
TL 1790328943.426 308.0 3.4
TL 1790328943.526 516.9 3.5
TL 1790328943.626 209.5 1.0
TL 1790328943.726 119.1 1.6
TL 1790328943.826 132.9 2.0
TL 1790328943.926 94.8 1.7
TL 1790328944.026 211.2 2.5
TL 1790328944.127 939.7 2.6
TL 1790328944.226 82.8 2.8
TL 1790328944.327 233.6 2.4
TL 1790328944.427 108.6 1.8
TL 1790328944.527 331.7 2.4
TL 1790328944.627 206.2 1.1
TL 1790328944.727 193.1 2.3
TL 1790328944.828 295.7 2.8
TL 1790328944.927 126.8 1.5
TL 1790328945.027 66.3 2.0
TL 1790328945.131 2570.8 0.8
TL 1790328945.229 383.4 3.5
TL 1790328945.329 615.7 3.5
TL 1790328945.429 190.6 3.2
TL 1790328945.529 151.4 1.9
TL 1790328945.629 173.7 1.0
TL 1790328945.730 135.7 1.7
TL 1790328945.830 82.7 1.8
TL 1790328945.930 208.2 1.8
TL 1790328946.031 1125.8 4.5
TL 1790328946.130 199.3 1.2
TL 1790328946.230 247.9 3.1
TL 1790328946.330 178.3 1.4
TL 1790328946.431 131.4 2.0
TL 1790328946.531 236.5 2.1
TL 1790328946.631 157.6 1.0
TL 1790328946.731 392.0 1.7
TL 1790328946.832 424.0 1.8
TL 1790328946.932 179.1 2.0
TL 1790328947.032 109.9 2.2
TL 1790328947.132 199.3 1.2
TL 1790328947.232 210.0 3.2
TL 1790328947.332 167.0 2.2
TL 1790328947.433 147.9 2.1
TL 1790328947.533 98.4 2.2
TL 1790328947.639 6001.5 1.2
TL 1790328947.733 659.4 3.0
TL 1790328947.834 269.8 2.2
TL 1790328947.934 161.6 2.0
TL 1790328948.034 178.3 2.2
TL 1790328948.134 301.0 1.6
TL 1790328948.234 84.1 1.9
TL 1790328948.338 3341.0 2.4
TL 1790328948.437 2688.3 2.2
TL 1790328948.535 202.7 2.5
TL 1790328948.635 87.3 1.1
TL 1790328948.735 325.7 2.6
TL 1790328948.835 521.7 1.6
TL 1790328948.935 226.7 3.6
TL 1790328949.036 334.3 2.8
TL 1790328949.135 115.8 1.5
TL 1790328949.236 228.9 1.6
TL 1790328949.336 174.0 2.3
TL 1790328949.436 184.5 2.3
TL 1790328949.536 241.3 3.5
TL 1790328949.636 163.6 1.0
TL 1790328949.736 193.3 1.8
TL 1790328949.839 3118.2 2.9
TL 1790328949.937 268.3 2.6
TL 1790328950.037 725.3 2.8
TL 1790328950.137 162.9 1.1
TL 1790328950.237 127.0 2.0
TL 1790328950.337 236.3 2.9
TL 1790328950.437 145.9 2.6
TL 1790328950.537 181.0 2.2
TL 1790328950.637 89.2 1.1
TL 1790328950.739 1300.2 1.9
TL 1790328950.838 488.5 2.3
TL 1790328950.938 228.1 2.3
TL 1790328951.038 229.2 2.0
TL 1790328951.138 168.2 0.9
TL 1790328951.238 160.3 1.7
TL 1790328951.339 1067.0 1.9
TL 1790328951.438 241.7 2.2
TL 1790328951.541 3167.9 2.1
TL 1790328951.638 99.9 1.1
TL 1790328951.738 119.4 2.2
TL 1790328951.839 257.8 2.9
TL 1790328951.939 135.9 2.0
TL 1790328952.039 206.0 2.1
TL 1790328952.139 261.0 1.2
TL 1790328952.243 3991.6 2.2
TL 1790328952.339 138.3 2.3
TL 1790328952.439 101.7 3.6
TL 1790328952.540 229.0 3.1
TL 1790328952.641 184.7 1.9
TL 1790328952.741 210.9 2.7
TL 1790328952.841 250.4 2.3
TL 1790328952.941 241.5 3.2
TL 1790328953.047 5465.9 3.1
TL 1790328953.142 156.9 1.0
TL 1790328953.242 108.4 1.9
TL 1790328953.342 175.4 2.1
TL 1790328953.442 384.4 3.3
TL 1790328953.542 184.4 2.6
TL 1790328953.642 182.7 1.6
TL 1790328953.743 145.4 2.8
TL 1790328953.843 186.9 1.9
TL 1790328953.947 4191.9 3.3
TL 1790328954.043 188.5 2.4
TL 1790328954.143 101.8 1.0
TL 1790328954.243 191.0 1.6
TL 1790328954.343 282.2 3.8
TL 1790328954.443 188.5 1.8
TL 1790328954.543 174.4 2.7
TL 1790328954.644 109.7 1.1
TL 1790328954.744 96.8 2.2
TL 1790328954.848 4393.2 2.3
TL 1790328954.944 304.6 3.6
TL 1790328955.044 210.8 2.3
TL 1790328955.144 181.9 1.6
TL 1790328955.245 112.6 2.1
TL 1790328955.345 174.0 3.5
TL 1790328955.445 125.5 2.2
TL 1790328955.545 230.8 2.9
TL 1790328955.645 438.9 1.6
TL 1790328955.745 238.6 1.9
TL 1790328955.845 206.8 2.1
TL 1790328955.946 210.4 2.6
TL 1790328956.046 235.2 1.8
TL 1790328956.146 90.2 1.3
TL 1790328956.246 232.2 2.2
TL 1790328956.347 594.1 2.8
TL 1790328956.447 1140.7 1.8
TL 1790328956.547 399.2 1.9
TL 1790328956.647 327.6 1.8
TL 1790328956.747 320.4 4.0
TL 1790328956.847 92.4 2.1
TL 1790328956.947 167.9 2.3
TL 1790328957.047 163.9 2.0
TL 1790328957.147 189.4 2.3
TL 1790328957.249 1474.9 3.2
TL 1790328957.348 190.5 2.2
TL 1790328957.448 164.1 2.8
TL 1790328957.548 200.3 2.1
TL 1790328957.648 154.3 1.1
TL 1790328957.748 101.7 2.2
TL 1790328957.848 215.3 2.2
TL 1790328957.948 308.7 2.2
TL 1790328958.050 1380.6 1.4
TL 1790328958.149 573.9 1.2
TL 1790328958.249 274.3 2.5
TL 1790328958.349 127.4 2.3
TL 1790328958.449 157.7 2.1
TL 1790328958.550 447.0 2.0
TL 1790328958.649 132.1 0.9
TL 1790328958.750 204.7 2.6
TL 1790328958.850 163.5 2.3
TL 1790328958.950 239.2 2.5
TL 1790328959.050 133.0 3.0
TL 1790328959.150 208.1 1.6
TL 1790328959.250 163.4 2.1
TL 1790328959.350 102.3 1.3
TL 1790328959.451 153.9 1.7
TL 1790328959.551 102.7 3.3
TL 1790328959.651 159.9 1.2
TL 1790328959.751 135.5 1.9
TL 1790328959.851 437.4 1.9
TL 1790328959.951 160.8 2.6
TL 1790328960.052 391.8 2.1
TL 1790328960.151 104.3 0.9
TL 1790328960.252 174.9 1.9
TL 1790328960.352 132.7 1.7
TL 1790328960.452 197.4 17.0
TL 1790328960.552 249.0 1.9
TL 1790328960.652 101.8 0.9
TL 1790328960.752 415.5 2.7
TL 1790328960.853 340.1 2.7
TL 1790328960.953 300.3 1.5
TL 1790328961.053 107.8 2.2
TL 1790328961.153 152.2 1.2
TL 1790328961.253 120.8 2.8
TL 1790328961.353 184.0 2.0
TL 1790328961.453 199.6 1.7
TL 1790328961.553 121.9 1.6
TL 1790328961.653 120.6 1.3
TL 1790328961.754 280.1 2.1
TL 1790328961.854 163.7 2.2
TL 1790328961.955 1171.0 2.2
TL 1790328962.054 269.7 4.0
TL 1790328962.154 185.1 1.4
TL 1790328962.254 186.4 2.6
TL 1790328962.354 187.0 1.6
TL 1790328962.454 175.4 2.3
TL 1790328962.554 142.2 2.1
TL 1790328962.655 137.9 1.1
TL 1790328962.755 276.2 3.3
TL 1790328962.855 77.2 2.9
TL 1790328962.955 295.9 2.2
TL 1790328963.055 338.1 2.9
TL 1790328963.155 259.2 1.7
TL 1790328963.255 150.1 1.7
TL 1790328963.356 636.2 4.1
TL 1790328963.456 401.6 2.6
TL 1790328963.556 94.4 2.6
TL 1790328963.656 77.3 1.2
TL 1790328963.756 269.1 2.3
TL 1790328963.856 154.1 2.2
TL 1790328963.956 142.1 1.8
TL 1790328964.056 134.5 1.8
TL 1790328964.158 1775.7 1.9
TL 1790328964.257 280.6 3.7
TL 1790328964.357 130.4 1.8
TL 1790328964.457 204.1 2.3
TL 1790328964.557 138.7 2.1
TL 1790328964.657 183.1 1.0
TL 1790328964.757 168.4 2.6
TL 1790328964.858 596.2 2.4
TL 1790328964.958 587.0 2.8
TL 1790328965.058 188.6 2.4
TL 1790328965.158 138.3 0.9
TL 1790328965.258 186.7 2.3
TL 1790328965.358 164.5 2.3
TL 1790328965.458 201.1 4.0
TL 1790328965.559 250.6 1.9
TL 1790328965.661 2133.1 1.4
TL 1790328965.759 202.0 3.2
TL 1790328965.859 99.0 2.9
TL 1790328965.959 104.9 3.2
TL 1790328966.059 78.4 2.2
TL 1790328966.159 175.5 2.1
TL 1790328966.259 165.8 1.7
TL 1790328966.360 146.5 2.0
TL 1790328966.460 246.9 2.9
TL 1790328966.562 2594.6 2.5
TL 1790328966.661 1169.8 2.7
TL 1790328966.760 147.1 1.9
TL 1790328966.860 244.8 2.2
TL 1790328966.960 235.1 1.9
TL 1790328967.060 156.5 1.7
TL 1790328967.161 141.8 2.4
TL 1790328967.261 114.9 1.9
TL 1790328967.361 93.9 2.8
TL 1790328967.463 2405.1 2.4
TL 1790328967.562 447.4 2.1
TL 1790328967.661 264.3 2.9
TL 1790328967.761 139.0 2.2
TL 1790328967.862 175.9 2.4
TL 1790328967.962 113.4 1.8
TL 1790328968.062 131.7 2.4
TL 1790328968.165 3383.1 1.8
TL 1790328968.262 155.3 3.2
TL 1790328968.362 98.5 1.7
TL 1790328968.463 483.0 2.3
TL 1790328968.563 202.9 2.5
TL 1790328968.663 238.2 2.1
TL 1790328968.763 231.6 2.0
TL 1790328968.863 169.9 2.1
TL 1790328968.963 63.0 3.0
TL 1790328969.063 73.2 2.0
TL 1790328969.163 169.5 3.4
TL 1790328969.264 273.6 3.2
TL 1790328969.364 338.7 2.5
TL 1790328969.464 130.9 2.0
TL 1790328969.564 209.2 2.3
TL 1790328969.664 185.0 1.9
TL 1790328969.764 215.4 2.2
TL 1790328969.864 135.3 2.3
TL 1790328969.973 8929.0 3.3
TL 1790328970.065 237.1 2.9
TL 1790328970.165 205.1 2.3
TL 1790328970.265 211.1 3.5
TL 1790328970.365 155.1 2.9
TL 1790328970.465 183.9 2.1
TL 1790328970.565 215.1 2.0
TL 1790328970.665 90.9 2.2
TL 1790328970.766 394.8 2.0
TL 1790328970.867 614.2 2.2
TL 1790328970.966 156.5 2.0
TL 1790328971.066 298.9 2.0
TL 1790328971.166 204.3 1.9
TL 1790328971.267 181.8 2.3
TL 1790328971.367 177.2 1.9
TL 1790328971.467 353.5 1.7
TL 1790328971.567 97.2 2.4
TL 1790328971.667 371.0 3.1
TL 1790328971.767 339.6 2.9
TL 1790328971.867 182.6 2.5
TL 1790328971.967 164.7 2.2
TL 1790328972.067 92.2 2.0
TL 1790328972.173 5090.8 2.2
TL 1790328972.268 348.9 1.8
TL 1790328972.368 146.6 2.4
TL 1790328972.468 97.9 1.8
TL 1790328972.569 341.8 2.2
TL 1790328972.669 241.0 2.4
TL 1790328972.769 272.3 2.3
TL 1790328972.869 143.2 3.7
TL 1790328972.970 266.5 2.2
TL 1790328973.070 910.0 2.1
TL 1790328973.170 166.7 1.9
TL 1790328973.270 231.9 2.1
TL 1790328973.370 124.1 2.2
TL 1790328973.470 107.5 1.9
TL 1790328973.570 235.6 2.3
TL 1790328973.670 201.9 2.2
TL 1790328973.770 255.1 2.3
TL 1790328973.871 628.1 2.2
TL 1790328973.971 206.0 1.8
TL 1790328974.071 136.1 2.6
TL 1790328974.171 145.6 2.2
TL 1790328974.271 198.2 2.5
TL 1790328974.371 172.7 2.3
TL 1790328974.471 187.4 2.1
TL 1790328974.571 100.3 1.7
TL 1790328974.674 2267.5 3.4
TL 1790328974.772 213.3 2.3
TL 1790328974.872 189.7 2.5
TL 1790328974.972 195.8 1.9
TL 1790328975.072 203.6 2.6
TL 1790328975.172 90.6 2.2
TL 1790328975.272 135.1 2.3
TL 1790328975.373 198.7 2.0
TL 1790328975.479 6310.3 20.5
TL 1790328975.573 117.8 3.4
TL 1790328975.673 110.6 3.0
TL 1790328975.773 139.7 2.2
TL 1790328975.873 245.8 2.4
TL 1790328975.973 150.5 2.3
TL 1790328976.074 219.1 2.1
TL 1790328976.174 141.7 4.2
TL 1790328976.274 393.1 4.3
TL 1790328976.374 188.1 2.2
TL 1790328976.474 179.8 183.6
TL 1790328976.574 145.7 2.1
TL 1790328976.674 182.1 2.2
TL 1790328976.775 144.9 2.3
TL 1790328976.875 185.9 3.0
TL 1790328976.975 272.0 2.7
TL 1790328977.075 143.2 1.9
TL 1790328977.175 128.2 2.1
TL 1790328977.275 191.4 2.2
TL 1790328977.376 226.9 2.1
TL 1790328977.476 179.9 2.0
TL 1790328977.577 975.6 2.6
TL 1790328977.676 369.7 5.2
TL 1790328977.776 176.5 2.2
TL 1790328977.877 588.2 1.9
TL 1790328977.976 134.3 1.7
TL 1790328978.076 117.8 2.5
TL 1790328978.176 121.5 2.3
TL 1790328978.277 113.2 1.5
TL 1790328978.381 4216.7 2.1
TL 1790328978.477 415.7 3.8
TL 1790328978.577 226.1 2.7
TL 1790328978.677 276.9 2.4
TL 1790328978.777 124.7 2.1
TL 1790328978.877 251.7 2.0
TL 1790328978.977 79.1 2.3
TL 1790328979.085 7114.9 3.0
TL 1790328979.178 221.9 2.4
TL 1790328979.278 117.0 1.7
TL 1790328979.378 217.9 63.2
TL 1790328979.478 273.4 3.0
TL 1790328979.578 115.5 1.8
TL 1790328979.678 82.9 3.0
TL 1790328979.779 237.8 1.8
TL 1790328979.879 288.3 3.2
TL 1790328979.980 477.7 1.8
TL 1790328980.080 244.3 3.4
TL 1790328980.180 242.1 2.0
TL 1790328980.280 66.0 2.1
TL 1790328980.380 217.0 2.2
TL 1790328980.480 99.9 2.2
TL 1790328980.580 116.4 2.7
TL 1790328980.680 89.2 3.0
TL 1790328980.780 160.2 3.0
TL 1790328980.881 207.5 2.1
TL 1790328980.981 245.1 3.4
TL 1790328981.081 235.4 2.6
TL 1790328981.181 185.9 3.6
TL 1790328981.281 200.7 2.8
TL 1790328981.381 209.0 2.0
TL 1790328981.485 4152.4 2.7
TL 1790328981.582 251.0 3.5
TL 1790328981.682 182.4 16.1
TL 1790328981.782 370.3 2.2
TL 1790328981.882 187.7 3.7
TL 1790328981.982 141.7 2.1
TL 1790328982.083 278.2 2.4
TL 1790328982.183 344.3 2.0
TL 1790328982.283 427.0 2.0
TL 1790328982.384 1215.1 2.1
TL 1790328982.483 170.2 2.2
TL 1790328982.584 194.1 2.1
TL 1790328982.684 154.6 2.2
TL 1790328982.784 208.0 1.8
TL 1790328982.884 213.0 2.3
TL 1790328982.985 1169.8 2.8
TL 1790328983.084 110.1 2.0
TL 1790328983.184 75.9 2.4
TL 1790328983.285 391.4 2.8
TL 1790328983.385 197.2 1.9
TL 1790328983.485 282.9 77.2
TL 1790328983.585 142.0 2.1
TL 1790328983.685 182.7 2.4
TL 1790328983.785 133.0 2.5
TL 1790328983.885 144.4 2.3
TL 1790328983.985 234.8 2.7
TL 1790328984.086 400.0 2.8
TL 1790328984.186 131.2 2.6
TL 1790328984.286 74.1 1.8
TL 1790328984.386 170.0 2.1
TL 1790328984.486 167.1 2.0
TL 1790328984.586 164.4 1.4
TL 1790328984.686 156.8 1.7
TL 1790328984.786 90.0 2.3
TL 1790328984.887 577.1 5.2
TL 1790328984.987 283.5 2.2
TL 1790328985.087 178.6 1.9
TL 1790328985.187 187.1 2.5
TL 1790328985.289 1891.3 1.9
TL 1790328985.387 79.7 2.0
TL 1790328985.487 471.7 2.0
TL 1790328985.588 628.0 2.4
TL 1790328985.688 351.7 2.4
TL 1790328985.788 152.4 2.1
TL 1790328985.888 312.8 47.7
TL 1790328985.988 323.9 3.0
TL 1790328986.088 254.7 2.0
TL 1790328986.188 167.4 2.1
TL 1790328986.288 141.5 1.6
TL 1790328986.389 187.3 2.1
TL 1790328986.489 267.8 5.0
TL 1790328986.589 574.3 3.3
TL 1790328986.689 365.5 2.1
TL 1790328986.789 171.5 2.3
TL 1790328986.889 252.8 1.9
TL 1790328986.989 139.4 1.8
TL 1790328987.096 6709.1 2.2
TL 1790328987.190 351.4 3.6
TL 1790328987.290 398.8 3.5
TL 1790328987.390 266.1 2.9
TL 1790328987.490 254.2 2.8
TL 1790328987.590 151.9 2.1
TL 1790328987.690 212.4 4.4
TL 1790328987.791 543.1 2.6
TL 1790328987.891 83.8 2.3
TL 1790328987.991 216.7 3.2
TL 1790328988.091 146.1 2.0
TL 1790328988.191 169.5 2.1
TL 1790328988.291 193.2 2.6
TL 1790328988.391 131.8 4.2
TL 1790328988.492 1238.6 2.8
TL 1790328988.592 312.4 3.0
TL 1790328988.692 222.1 2.1
TL 1790328988.792 230.9 2.5
TL 1790328988.892 184.6 2.3
TL 1790328988.993 215.3 2.8
TL 1790328989.093 248.0 2.3
TL 1790328989.194 1651.3 1.9
TL 1790328989.293 94.0 3.5
TL 1790328989.393 103.8 3.0
TL 1790328989.493 111.3 3.2
TL 1790328989.594 963.3 1.9
TL 1790328989.693 173.3 2.2
TL 1790328989.794 169.2 2.2
TL 1790328989.894 144.0 1.6
TL 1790328989.994 156.9 1.9
TL 1790328990.094 389.2 1.8
TL 1790328990.194 176.7 2.6
TL 1790328990.294 183.0 2.7
TL 1790328990.394 113.6 3.1
TL 1790328990.495 179.2 2.2
TL 1790328990.595 140.2 2.4
TL 1790328990.695 201.0 2.6
TL 1790328990.795 334.8 2.1
TL 1790328990.895 120.9 4.2
TL 1790328990.995 159.8 2.2
TL 1790328991.095 165.2 3.4
TL 1790328991.196 590.1 2.7
TL 1790328991.296 152.7 3.0
TL 1790328991.396 160.0 1.6
TL 1790328991.496 263.6 3.2
TL 1790328991.596 221.6 2.0
TL 1790328991.696 220.3 2.3
TL 1790328991.797 494.0 3.2
TL 1790328991.897 298.2 2.3
TL 1790328991.997 109.4 3.1
TL 1790328992.097 121.8 2.3
TL 1790328992.198 861.5 2.2
TL 1790328992.297 193.1 2.6
TL 1790328992.397 217.3 2.1
TL 1790328992.497 149.7 2.5
TL 1790328992.597 190.0 2.3
TL 1790328992.703 5313.3 2.6
TL 1790328992.797 85.1 2.1
TL 1790328992.900 2076.6 2.3
TL 1790328992.998 228.6 2.1
TL 1790328993.098 143.5 2.1
TL 1790328993.199 173.5 2.1
TL 1790328993.299 174.5 2.3
TL 1790328993.399 151.9 1.8
TL 1790328993.499 181.2 2.3
TL 1790328993.599 240.4 1.8
TL 1790328993.699 104.9 1.6
TL 1790328993.799 148.7 2.0
TL 1790328993.900 214.1 2.2
TL 1790328994.000 102.1 16.4
TL 1790328994.100 232.7 2.3
TL 1790328994.200 212.0 2.6
TL 1790328994.300 237.4 2.5
TL 1790328994.400 155.1 2.3
TL 1790328994.501 220.5 2.7
TL 1790328994.602 1071.4 2.2
TL 1790328994.701 142.3 2.2
TL 1790328994.801 147.1 1.9
TL 1790328994.901 251.8 2.7
TL 1790328995.001 180.8 2.0
TL 1790328995.102 837.8 1.7
TL 1790328995.201 151.7 2.0
TL 1790328995.302 145.5 2.5
TL 1790328995.405 3189.8 2.2
TL 1790328995.502 162.6 2.2
TL 1790328995.602 177.4 2.1
TL 1790328995.702 99.1 2.7
TL 1790328995.802 204.1 2.5
TL 1790328995.902 250.9 2.2
TL 1790328996.002 133.6 2.1
TL 1790328996.105 2470.9 2.4
TL 1790328996.203 61.4 2.2
TL 1790328996.303 179.2 1.7
TL 1790328996.403 157.9 1.6
TL 1790328996.503 193.2 2.1
TL 1790328996.603 180.6 3.6
TL 1790328996.703 135.4 3.9
TL 1790328996.803 177.7 2.3
TL 1790328996.904 189.0 3.1
TL 1790328997.004 323.6 33.3
TL 1790328997.104 390.9 3.6
TL 1790328997.204 192.9 2.1
TL 1790328997.304 101.1 1.8
TL 1790328997.404 83.2 1.6
TL 1790328997.505 427.0 2.6
TL 1790328997.604 92.4 2.4
TL 1790328997.706 1080.9 4.5
TL 1790328997.805 122.0 3.0
TL 1790328997.905 247.8 2.8
TL 1790328998.005 197.9 1.8
TL 1790328998.105 177.8 2.0
TL 1790328998.205 143.1 2.6
TL 1790328998.306 240.6 2.1
TL 1790328998.406 220.2 2.0
TL 1790328998.506 149.7 2.4
TL 1790328998.607 428.3 4.1
TL 1790328998.707 406.1 2.9
TL 1790328998.807 189.2 2.6
TL 1790328998.907 223.6 4.0
TL 1790328999.007 140.3 2.6
TL 1790328999.107 186.6 2.1
TL 1790328999.207 253.8 4.9
TL 1790328999.308 293.0 4.4
TL 1790328999.408 287.8 3.0
TL 1790328999.508 196.8 2.6
TL 1790328999.608 187.6 1.9
TL 1790328999.708 244.9 2.9
TL 1790328999.808 245.0 1.4
TL 1790328999.909 802.4 2.2
TL 1790329000.009 729.7 206.2
TL 1790329000.109 129.7 3.2
TL 1790329000.209 291.8 2.1
TL 1790329000.309 292.6 2.9
TL 1790329000.409 141.4 2.2
TL 1790329000.510 90.9 3.1
TL 1790329000.610 121.9 2.7
TL 1790329000.711 1317.3 2.3
TL 1790329000.811 697.1 3.4
TL 1790329000.911 314.9 4.0
TL 1790329001.011 173.6 2.7
TL 1790329001.111 339.3 2.9
TL 1790329001.211 136.2 2.2
TL 1790329001.314 2884.4 1.9
TL 1790329001.412 268.4 3.0
TL 1790329001.512 869.4 4.8
TL 1790329001.612 320.3 2.9
TL 1790329001.712 257.9 2.3
TL 1790329001.812 162.0 1.9
TL 1790329001.912 81.6 2.0
TL 1790329002.020 8110.9 3.0
TL 1790329002.113 480.3 4.4
TL 1790329002.213 179.1 2.3
TL 1790329002.313 786.8 2.7
TL 1790329002.413 165.6 1.9
TL 1790329002.513 110.3 1.7
TL 1790329002.613 124.5 2.8
TL 1790329002.714 505.5 1.7
TL 1790329002.814 763.6 2.2
TL 1790329002.914 297.1 3.6
TL 1790329003.014 163.7 2.8
TL 1790329003.114 273.3 2.0
TL 1790329003.214 218.5 3.1
TL 1790329003.314 173.1 2.4
TL 1790329003.415 264.5 2.5
TL 1790329003.515 212.7 2.0
TL 1790329003.615 425.2 4.2
TL 1790329003.715 144.3 3.1
TL 1790329003.815 99.1 2.6
TL 1790329003.915 193.5 1.9
TL 1790329004.016 692.8 2.2
TL 1790329004.116 238.2 2.7
TL 1790329004.217 833.9 2.1
TL 1790329004.316 412.6 4.5
TL 1790329004.416 195.7 3.5
TL 1790329004.517 425.6 3.7
TL 1790329004.617 190.8 1.9
TL 1790329004.717 163.5 3.3
TL 1790329004.817 122.3 3.3
TL 1790329004.917 220.5 3.5
TL 1790329005.017 73.0 2.7
TL 1790329005.117 132.6 2.6
TL 1790329005.218 423.3 4.0
TL 1790329005.317 170.9 1.9
TL 1790329005.417 129.4 2.0
TL 1790329005.518 134.5 2.3
TL 1790329005.618 603.9 2.8
TL 1790329005.718 255.7 3.5
TL 1790329005.818 326.3 4.9
TL 1790329005.918 87.1 3.1
TL 1790329006.018 313.9 2.0
TL 1790329006.118 169.7 1.9
TL 1790329006.218 91.5 2.1
TL 1790329006.319 238.4 3.6
TL 1790329006.419 342.4 4.4
TL 1790329006.519 237.3 4.0
TL 1790329006.619 190.6 2.3
TL 1790329006.719 118.5 1.8
TL 1790329006.819 215.3 2.2
TL 1790329006.919 85.3 2.6
TL 1790329007.020 248.2 3.7
TL 1790329007.120 134.1 3.3
TL 1790329007.220 125.7 3.1
TL 1790329007.323 2701.1 2.4
TL 1790329007.421 136.5 2.4
TL 1790329007.521 233.8 2.1
TL 1790329007.621 750.4 2.4
TL 1790329007.721 381.4 3.4
TL 1790329007.821 157.9 2.2
TL 1790329007.921 160.0 2.4
TL 1790329008.021 270.1 1.9
TL 1790329008.121 228.7 2.3
TL 1790329008.222 447.0 2.1
TL 1790329008.322 253.1 2.6
TL 1790329008.422 139.8 2.2
TL 1790329008.522 155.2 1.6
TL 1790329008.623 1230.6 3.0
TL 1790329008.722 62.1 2.6
TL 1790329008.822 230.9 2.1
TL 1790329008.922 165.7 2.0
TL 1790329009.023 190.7 2.7
TL 1790329009.123 211.7 2.4
TL 1790329009.223 171.7 2.1
TL 1790329009.323 244.6 2.0
TL 1790329009.423 193.1 2.9
TL 1790329009.523 178.3 1.9
TL 1790329009.623 71.1 2.2
TL 1790329009.724 269.4 2.7
TL 1790329009.824 125.9 2.6
TL 1790329009.924 104.7 1.9
TL 1790329010.024 188.5 2.2
TL 1790329010.125 623.7 2.5
TL 1790329010.224 193.1 1.9
TL 1790329010.324 150.6 3.5
TL 1790329010.424 95.4 1.5
TL 1790329010.525 236.3 1.8
TL 1790329010.625 235.8 3.4
TL 1790329010.725 171.1 2.3
TL 1790329010.825 234.2 2.6
TL 1790329010.925 116.8 2.1
TL 1790329011.025 174.3 2.1
TL 1790329011.125 102.0 1.9
TL 1790329011.226 323.1 1.7
TL 1790329011.326 237.3 3.3
TL 1790329011.426 94.5 2.3
TL 1790329011.526 232.1 2.6
TL 1790329011.626 323.2 2.4
TL 1790329011.726 193.5 2.1
TL 1790329011.826 257.3 2.8
TL 1790329011.926 191.9 2.2
TL 1790329012.028 1293.1 3.9
TL 1790329012.126 69.8 3.4
TL 1790329012.227 265.4 2.4
TL 1790329012.327 96.9 2.1
TL 1790329012.427 141.0 2.3
TL 1790329012.527 365.9 2.1
TL 1790329012.627 188.3 2.3
TL 1790329012.731 3471.3 2.9
TL 1790329012.827 169.4 2.5
TL 1790329012.928 496.0 3.4
TL 1790329013.028 409.3 3.0
TL 1790329013.128 227.1 2.0
TL 1790329013.228 211.8 2.6
TL 1790329013.328 306.7 2.3
TL 1790329013.428 102.0 2.3
TL 1790329013.530 1697.2 2.3
TL 1790329013.629 95.6 2.7
TL 1790329013.729 371.8 3.1
TL 1790329013.831 243.2 2.7
TL 1790329013.931 176.4 2.5
TL 1790329014.031 155.5 2.3
TL 1790329014.131 129.4 2.3
TL 1790329014.231 130.5 2.2
TL 1790329014.334 2402.8 2.4
TL 1790329014.432 119.0 3.4
TL 1790329014.532 119.2 3.0
TL 1790329014.632 135.6 1.6
TL 1790329014.732 350.1 2.5
TL 1790329014.832 176.7 3.8
TL 1790329014.932 191.3 2.1
TL 1790329015.033 240.1 2.6
TL 1790329015.133 155.4 2.0
TL 1790329015.233 165.4 2.4
TL 1790329015.333 87.0 2.3
TL 1790329015.433 376.5 3.2
TL 1790329015.533 202.9 2.4
TL 1790329015.633 181.5 2.3
TL 1790329015.733 193.4 2.8
TL 1790329015.833 103.2 2.3
TL 1790329015.935 997.0 3.7
TL 1790329016.034 152.2 2.4
TL 1790329016.134 442.6 3.2
TL 1790329016.234 219.9 3.5
TL 1790329016.334 164.2 2.0
TL 1790329016.434 123.0 2.1
TL 1790329016.534 114.2 2.3
TL 1790329016.635 168.2 2.0
TL 1790329016.735 212.0 1.8
TL 1790329016.835 117.3 1.9
TL 1790329016.935 126.5 3.8
TL 1790329017.035 203.7 1.6
TL 1790329017.135 151.6 2.1
TL 1790329017.235 124.7 2.1
TL 1790329017.335 112.9 3.6
TL 1790329017.435 201.0 2.1
TL 1790329017.536 198.2 2.2
TL 1790329017.636 191.7 3.3
TL 1790329017.736 301.7 2.3
TL 1790329017.837 576.8 2.7
TL 1790329017.937 147.9 2.1
TL 1790329018.037 207.2 2.3
TL 1790329018.137 180.9 2.3
TL 1790329018.237 135.3 2.2
TL 1790329018.337 174.0 2.4
TL 1790329018.437 138.4 1.9
TL 1790329018.538 1108.7 2.1
TL 1790329018.638 330.8 4.1
TL 1790329018.738 291.4 3.3
TL 1790329018.838 301.8 3.2
TL 1790329018.938 200.3 2.5
TL 1790329019.038 138.2 2.2
TL 1790329019.138 120.0 2.3
TL 1790329019.238 98.6 1.7
TL 1790329019.339 451.5 2.6
TL 1790329019.439 263.5 2.9
TL 1790329019.539 145.2 1.9
TL 1790329019.639 159.3 2.0
TL 1790329019.739 339.1 2.2
TL 1790329019.839 113.0 2.3
TL 1790329019.940 258.8 4.1
TL 1790329020.040 515.5 1.9
TL 1790329020.140 167.6 3.2
TL 1790329020.240 105.6 2.1
TL 1790329020.341 351.2 3.1
TL 1790329020.441 222.3 3.3
TL 1790329020.541 173.0 3.7
TL 1790329020.641 115.5 1.8
TL 1790329020.741 160.3 2.1
TL 1790329020.841 505.5 3.4
TL 1790329020.942 258.6 3.0
TL 1790329021.042 258.9 2.9
TL 1790329021.142 130.0 2.3
TL 1790329021.242 196.1 2.3
TL 1790329021.342 183.1 2.0
TL 1790329021.442 83.9 1.9
TL 1790329021.543 655.2 3.0
TL 1790329021.642 219.9 3.5
TL 1790329021.743 335.7 5.4
TL 1790329021.843 85.7 2.0
TL 1790329021.943 597.6 1.8
TL 1790329022.043 305.5 2.1
TL 1790329022.143 70.5 2.4
TL 1790329022.243 249.4 3.3
TL 1790329022.343 82.1 2.0
TL 1790329022.443 97.7 1.8
TL 1790329022.544 213.2 1.9
TL 1790329022.644 96.9 2.1
TL 1790329022.744 358.5 2.2
TL 1790329022.845 343.9 1.8
TL 1790329022.952 7327.2 1.7
TL 1790329023.045 119.8 1.9
TL 1790329023.145 208.9 2.3
TL 1790329023.245 195.4 1.7
TL 1790329023.345 189.2 2.0
TL 1790329023.445 203.9 2.4
TL 1790329023.545 140.2 2.0
TL 1790329023.645 162.9 2.2
TL 1790329023.746 196.2 3.4
TL 1790329023.853 7206.7 1.9
TL 1790329023.946 195.9 3.1
TL 1790329024.046 213.9 2.2
TL 1790329024.147 535.6 3.8
TL 1790329024.247 196.4 2.8
TL 1790329024.347 536.9 1.7
TL 1790329024.447 116.4 2.6
TL 1790329024.549 1494.0 1.7
TL 1790329024.648 729.6 1.7
TL 1790329024.748 343.2 2.3
TL 1790329024.848 664.8 4.2
TL 1790329024.948 108.2 2.5
TL 1790329025.048 383.7 1.8
TL 1790329025.148 157.6 2.2
TL 1790329025.248 103.1 2.2
TL 1790329025.348 147.3 1.7
TL 1790329025.449 128.6 2.5
TL 1790329025.549 378.9 4.3
TL 1790329025.649 98.1 2.1
TL 1790329025.749 126.5 2.7
TL 1790329025.849 199.1 2.4
TL 1790329025.949 223.5 2.0
TL 1790329026.049 154.7 2.3
TL 1790329026.151 1416.5 2.0
TL 1790329026.250 397.2 3.1
TL 1790329026.350 153.9 2.3
TL 1790329026.450 101.1 3.0
TL 1790329026.550 186.9 2.3
TL 1790329026.650 212.2 4.2
TL 1790329026.751 475.0 2.1
TL 1790329026.853 2934.8 10.5
TL 1790329026.951 183.2 3.1
TL 1790329027.051 78.1 2.2
TL 1790329027.151 153.2 1.9
TL 1790329027.251 150.7 2.3
TL 1790329027.351 203.0 2.5
TL 1790329027.451 132.1 3.8
TL 1790329027.551 151.1 1.6
TL 1790329027.652 549.3 2.4
TL 1790329027.752 361.3 1.8
TL 1790329027.852 210.2 2.7
TL 1790329027.952 453.7 8.1
TL 1790329028.052 151.7 2.0
TL 1790329028.152 198.6 2.5
TL 1790329028.253 221.0 2.4
TL 1790329028.353 113.1 1.9
TL 1790329028.453 770.9 2.0
TL 1790329028.553 168.2 2.1
TL 1790329028.653 356.3 1.9
TL 1790329028.754 417.8 3.7
TL 1790329028.854 273.5 3.4
TL 1790329028.953 124.3 2.0
TL 1790329029.054 165.1 1.5
TL 1790329029.154 139.5 1.9
TL 1790329029.265 11660.7 1.7
TL 1790329029.354 132.0 2.5
TL 1790329029.454 72.1 3.3
TL 1790329029.554 104.5 2.8
TL 1790329029.654 170.9 2.4
TL 1790329029.755 242.1 1.9
TL 1790329029.855 180.9 3.7
TL 1790329029.955 340.0 2.3
TL 1790329030.055 133.5 1.5
TL 1790329030.155 79.2 2.5
TL 1790329030.255 125.3 3.2
TL 1790329030.355 112.6 1.6
TL 1790329030.455 114.6 2.1
TL 1790329030.555 169.6 2.3
TL 1790329030.655 67.1 2.0
TL 1790329030.756 631.2 1.9
TL 1790329030.856 403.8 3.8
TL 1790329030.956 322.8 2.8
TL 1790329031.056 207.6 3.3
TL 1790329031.156 180.5 2.0
TL 1790329031.256 123.6 2.0
TL 1790329031.357 236.1 2.2
TL 1790329031.461 3992.3 1.7
TL 1790329031.557 444.1 4.0
TL 1790329031.658 1037.0 2.3
TL 1790329031.757 459.8 2.0
TL 1790329031.857 131.9 1.9
TL 1790329031.957 144.6 1.8
TL 1790329032.057 151.2 1.6
TL 1790329032.158 93.4 3.5
TL 1790329032.259 407.9 4.1
TL 1790329032.359 364.7 5.1
TL 1790329032.459 172.5 2.4
TL 1790329032.559 231.8 2.5
TL 1790329032.659 184.6 2.9
TL 1790329032.759 300.1 2.4
TL 1790329032.860 1109.6 2.3
TL 1790329032.960 223.7 1.9
TL 1790329033.060 185.2 1.8
TL 1790329033.160 251.4 4.1
TL 1790329033.261 1450.2 2.0
TL 1790329033.360 182.6 1.7
TL 1790329033.460 89.3 9.4
TL 1790329033.561 163.9 2.4
TL 1790329033.661 126.3 2.1
TL 1790329033.761 291.7 1.9
TL 1790329033.861 145.3 2.1
TL 1790329033.961 230.1 1.9
TL 1790329034.061 171.7 2.6
TL 1790329034.161 83.4 2.6
TL 1790329034.269 8163.6 2.0
TL 1790329034.361 76.0 2.7
TL 1790329034.462 125.9 1.7
TL 1790329034.562 263.8 2.4
TL 1790329034.662 111.4 2.0
TL 1790329034.762 204.4 2.0
TL 1790329034.862 222.1 1.8
TL 1790329034.969 7207.0 1.8
TL 1790329035.063 526.4 3.8
TL 1790329035.163 234.5 2.1
TL 1790329035.263 142.5 2.1
TL 1790329035.363 135.4 1.7
TL 1790329035.463 119.3 1.7
TL 1790329035.564 343.3 1.8
TL 1790329035.665 100.7 3.4
TL 1790329035.767 1705.5 1.8
TL 1790329035.866 396.8 3.4
TL 1790329035.965 181.4 2.1
TL 1790329036.066 180.3 1.9
TL 1790329036.166 115.0 1.7
TL 1790329036.266 305.1 1.9
TL 1790329036.366 526.1 1.6
TL 1790329036.466 104.8 1.9
TL 1790329036.570 4210.3 2.6
TL 1790329036.666 116.9 2.1
TL 1790329036.767 787.2 1.7
TL 1790329036.867 278.0 1.9
TL 1790329036.967 187.3 2.2
TL 1790329037.067 461.4 3.6
TL 1790329037.167 162.3 2.0
TL 1790329037.267 135.6 2.1
TL 1790329037.367 130.1 1.5
TL 1790329037.468 397.7 2.1
TL 1790329037.568 149.7 2.3
TL 1790329037.668 338.2 2.3
TL 1790329037.768 319.4 2.9
TL 1790329037.868 271.6 3.0
TL 1790329037.968 226.4 1.7
TL 1790329038.068 177.3 60.6
TL 1790329038.168 98.6 4.4
TL 1790329038.271 2459.4 3.4
TL 1790329038.369 313.3 3.3
TL 1790329038.470 689.1 3.1
TL 1790329038.570 430.0 3.9
TL 1790329038.670 184.4 2.4
TL 1790329038.770 150.5 1.8
TL 1790329038.870 87.9 2.3
TL 1790329038.971 1195.7 3.0
TL 1790329039.070 373.4 3.0
TL 1790329039.170 82.4 2.2
TL 1790329039.271 317.2 2.8
TL 1790329039.371 261.7 1.7
TL 1790329039.471 189.4 2.0
TL 1790329039.571 167.3 1.8
TL 1790329039.671 272.4 4.0
TL 1790329039.771 251.2 3.5
TL 1790329039.872 393.2 4.1
TL 1790329039.972 143.9 2.7
TL 1790329040.072 341.3 5.1
TL 1790329040.172 387.4 3.0
TL 1790329040.272 113.5 2.8
TL 1790329040.373 134.4 2.1
TL 1790329040.473 164.0 2.4
TL 1790329040.573 396.1 4.0
TL 1790329040.673 152.0 2.3
TL 1790329040.774 264.6 4.3
TL 1790329040.874 236.7 2.7
TL 1790329040.974 155.5 1.6
TL 1790329041.075 175.3 2.2
TL 1790329041.175 283.4 14.5
TL 1790329041.275 319.3 3.8
TL 1790329041.375 143.8 2.7
TL 1790329041.475 124.4 2.4
TL 1790329041.576 260.0 4.4
TL 1790329041.676 87.9 3.2
TL 1790329041.776 239.0 3.6
TL 1790329041.876 321.1 3.7
TL 1790329041.976 197.8 2.1
TL 1790329042.076 168.1 1.6
TL 1790329042.177 323.3 3.5
TL 1790329042.277 319.1 4.0
TL 1790329042.377 234.7 3.8
TL 1790329042.477 328.9 5.3
TL 1790329042.577 176.8 2.1
TL 1790329042.677 213.0 3.7
TL 1790329042.778 408.4 2.4
TL 1790329042.878 336.6 3.2
TL 1790329042.978 410.6 4.4
TL 1790329043.078 241.1 2.9
TL 1790329043.178 137.2 2.0
TL 1790329043.279 495.5 4.1
TL 1790329043.379 328.8 3.4
TL 1790329043.479 412.6 2.8
TL 1790329043.579 353.9 3.0
TL 1790329043.681 368.2 3.3
TL 1790329043.781 241.5 3.4
TL 1790329043.881 204.1 3.6
TL 1790329043.983 1592.0 2.5
TL 1790329044.081 148.7 1.5
TL 1790329044.182 354.5 5.5
TL 1790329044.282 105.7 2.0
TL 1790329044.382 322.3 3.6
TL 1790329044.482 140.5 3.7
TL 1790329044.583 239.4 2.7
TL 1790329044.683 223.4 4.0
TL 1790329044.783 306.6 2.7
TL 1790329044.883 220.3 3.2
TL 1790329044.983 334.7 3.2
TL 1790329045.083 133.3 1.9
TL 1790329045.184 433.8 2.2
TL 1790329045.284 763.3 2.0
TL 1790329045.384 367.8 4.7
TL 1790329045.484 375.1 3.3
TL 1790329045.584 199.3 1.6
TL 1790329045.685 394.0 4.4
TL 1790329045.785 348.2 4.2
TL 1790329045.885 366.6 1.6
TL 1790329045.985 194.2 2.0
TL 1790329046.085 259.6 2.7
TL 1790329046.186 554.3 2.6
TL 1790329046.286 249.0 3.6
TL 1790329046.386 151.9 2.3
TL 1790329046.486 156.0 3.1
TL 1790329046.586 134.0 3.1
TL 1790329046.686 324.2 3.2
TL 1790329046.786 377.8 2.3
TL 1790329046.887 560.5 2.3
TL 1790329046.986 152.8 1.8
TL 1790329047.087 319.6 3.1
TL 1790329047.187 284.1 2.1
TL 1790329047.287 131.5 1.1
TL 1790329047.387 186.8 2.9
TL 1790329047.488 435.7 3.5
TL 1790329047.588 276.5 4.2
TL 1790329047.688 381.8 3.1
TL 1790329047.789 372.7 4.0
TL 1790329047.889 287.9 3.2
TL 1790329047.989 93.3 1.1
TL 1790329048.089 245.7 3.1
TL 1790329048.189 342.2 4.0
TL 1790329048.289 426.0 4.0
TL 1790329048.390 299.9 26.0
TL 1790329048.489 110.0 1.7
TL 1790329048.590 132.7 3.6
TL 1790329048.690 114.5 3.0
TL 1790329048.790 147.3 2.9
TL 1790329048.890 69.9 2.8
TL 1790329048.990 346.9 4.6
TL 1790329049.090 193.5 2.3
TL 1790329049.190 145.0 2.6
TL 1790329049.291 300.5 3.2
TL 1790329049.391 326.5 3.3
TL 1790329049.491 289.8 2.4
TL 1790329049.591 309.3 3.5
TL 1790329049.691 112.3 1.9
TL 1790329049.792 220.3 4.3
TL 1790329049.892 159.1 2.3
TL 1790329049.992 124.0 1.1
TL 1790329050.092 269.0 4.1
TL 1790329050.193 424.3 1.9
TL 1790329050.293 330.1 2.7
TL 1790329050.393 336.5 3.6
TL 1790329050.493 278.0 2.2
TL 1790329050.593 128.1 1.8
TL 1790329050.693 149.5 1.7
TL 1790329050.794 148.9 2.1
TL 1790329050.894 282.3 4.3
TL 1790329050.994 280.1 2.9
TL 1790329051.094 93.6 2.6
TL 1790329051.194 169.2 3.6
TL 1790329051.294 109.3 2.6
TL 1790329051.394 118.4 2.6
TL 1790329051.495 388.3 2.6
TL 1790329051.595 344.5 3.3
TL 1790329051.695 223.9 3.3
TL 1790329051.795 153.0 2.4
TL 1790329051.895 102.8 3.1
TL 1790329051.995 323.7 2.6
TL 1790329052.096 276.5 2.2
TL 1790329052.196 414.7 3.6
TL 1790329052.296 193.7 2.9
TL 1790329052.396 251.9 2.8
TL 1790329052.496 162.5 3.1
TL 1790329052.596 449.8 2.1
TL 1790329052.699 2495.7 3.2
TL 1790329052.796 228.9 2.1
TL 1790329052.897 119.5 2.3
TL 1790329052.997 266.3 3.5
TL 1790329053.097 738.2 2.2
TL 1790329053.198 1086.5 2.6
TL 1790329053.297 153.6 3.2
TL 1790329053.397 162.3 2.7
TL 1790329053.500 2714.3 3.0
TL 1790329053.598 152.7 3.3
TL 1790329053.698 277.9 3.3
TL 1790329053.798 110.5 2.7
TL 1790329053.899 386.9 2.7
TL 1790329053.999 397.3 3.7
TL 1790329054.100 298.8 4.5
TL 1790329054.200 123.7 3.6
TL 1790329054.300 207.3 2.8
TL 1790329054.400 157.9 1.6
TL 1790329054.500 497.5 3.5
TL 1790329054.600 343.5 2.6
TL 1790329054.700 102.1 2.0
TL 1790329054.800 84.9 2.7
TL 1790329054.902 1589.5 2.3
TL 1790329055.001 128.4 1.8
TL 1790329055.101 261.3 2.9
TL 1790329055.201 137.8 4.3
TL 1790329055.301 157.1 3.0
TL 1790329055.401 137.7 2.6
TL 1790329055.501 129.0 2.3
TL 1790329055.602 129.3 2.4
TL 1790329055.702 165.0 2.9
TL 1790329055.804 195.8 2.3
TL 1790329055.905 943.4 2.5
TL 1790329056.004 94.7 3.2
TL 1790329056.104 109.7 3.5
TL 1790329056.204 87.5 2.6
TL 1790329056.305 659.5 3.1
TL 1790329056.405 213.8 2.9
TL 1790329056.505 189.9 3.9
TL 1790329056.605 178.6 2.7
TL 1790329056.705 263.5 2.5
TL 1790329056.807 1547.4 2.8
TL 1790329056.906 157.2 2.3
TL 1790329057.006 113.6 3.0
TL 1790329057.106 78.6 2.1
TL 1790329057.206 84.9 1.5
TL 1790329057.306 501.3 2.4
TL 1790329057.406 286.3 2.8
TL 1790329057.506 127.3 3.3
TL 1790329057.607 460.2 3.2
TL 1790329057.708 1171.9 2.5
TL 1790329057.808 1205.2 2.2
TL 1790329057.907 91.9 2.0
TL 1790329058.007 219.8 2.4
TL 1790329058.107 97.9 2.1
TL 1790329058.207 85.8 2.6
TL 1790329058.308 107.2 1.8
TL 1790329058.408 184.6 1.8
TL 1790329058.508 85.5 2.9
TL 1790329058.608 335.8 3.4
TL 1790329058.708 114.5 3.2
TL 1790329058.808 105.0 3.4
TL 1790329058.909 99.9 2.7
TL 1790329059.009 102.6 1.9
TL 1790329059.109 111.8 2.3
TL 1790329059.209 194.8 2.4
TL 1790329059.309 146.9 2.4
TL 1790329059.409 144.6 2.1
TL 1790329059.509 128.4 1.7
TL 1790329059.609 120.7 2.2
TL 1790329059.710 156.2 2.5
TL 1790329059.810 176.1 1.9
TL 1790329059.910 217.0 3.3
TL 1790329060.010 117.0 2.4
TL 1790329060.110 163.9 1.9
TL 1790329060.210 240.4 3.4
TL 1790329060.310 126.9 1.9
TL 1790329060.411 176.8 1.8
TL 1790329060.511 246.4 2.3
TL 1790329060.611 362.7 3.1
TL 1790329060.711 393.3 4.6
TL 1790329060.811 195.2 1.8
TL 1790329060.911 138.3 1.5
TL 1790329061.012 323.1 2.2
TL 1790329061.112 125.9 1.7
TL 1790329061.212 513.1 6.2
TL 1790329061.313 459.3 3.9
