1790328873.483535529  330174 1003632
1790328876.065037246       0       0
1790328878.519960214   37367 1003533
1790328881.015270474       0       0
1790328883.269859483       0       0
1790328885.534992451   90103 1002874
1790328887.845103023       0       0
1790328890.170982554       0       0
1790328892.480144740       0       0
1790328894.781902552       0       0
1790328897.165489270       0       0
1790328899.494077185       0       0
1790328901.908365622       0       0
1790328904.268983902   42821 1003155
1790328906.607198589   42341 1002596
1790328908.942814369   52657 1002753
1790328911.409030775   47630 1002652
1790328913.753131920   53676 1002716
1790328916.097310877   65444 1003129
1790328918.423084991   68964 1002944
1790328920.769020771   67851 1002498
1790328923.102086708   64996 1002612
1790328925.435478217   60625 1002717
1790328927.765571237   60361 1002668
1790328930.107218268   54591 1002703
1790328932.465885715   50535 1002579
1790328934.800842276   76648 1002597
1790328937.113861390   66132 1002690
1790328939.445681076   62911 1002683
1790328941.787775815   71123 1002941
1790328944.114247585   65579 1002723
1790328946.651868470   65384 1002766
1790328949.012610917   69234 1002569
1790328951.476188936   60687 1002588
1790328953.857958936   67625 1002547
1790328956.245979195   56987 1002528
1790328958.673565757   70418 1002517
1790328961.086755860   65346 1002597
1790328963.509936692   60576 1002580
1790328965.918311587   69157 1002839
1790328968.339071951   62051 1002261
1790328970.763085179   69963 1002537
1790328973.178803876   54474 1002553
1790328975.616383823   60913 1002505
1790328978.024912728   61801 1002869
1790328980.463486582   49591 1002727
1790328983.059482206   64456 1002828
1790328985.485464236   56653 1002676
1790328987.891057412   63934 1002898
1790328990.331567307   65128 1002769
1790328992.753448869   67043 1002629
1790328995.209220222   58057 1002600
1790328997.644545013   54833 1002666
1790329000.064023137   50489 1002708
1790329002.481671052   71086 1002510
1790329004.899054333   72194 1002861
1790329007.317357665   50633 1002479
1790329009.743302508   62126 1002588
1790329012.189157142   55018 1002775
1790329014.610693235   69336 1002533
1790329017.041220161   64434 1002362
1790329019.707621098   62031 1002475
1790329022.120993337   54392 1002475
1790329024.558652919   51821 1002374
1790329026.987620106   54780 1002762
1790329029.393702188   69996 1002669
1790329031.847440625   54244 1002670
1790329034.241907707   62886 1002606
1790329036.692490727   70664 1002730
1790329039.105256091   62981 1002654
1790329041.521801350       0       0
1790329043.946585932       0       0
1790329046.355192442       0       0
1790329048.762872910   55660 1002884
1790329051.161380044       0       0
1790329053.578871293       0       0
1790329056.218932021       0       0
1790329058.696040614       0       0
