TL 1790324673.157 139.2 1.0
TL 1790324673.258 254.2 2.9
TL 1790324673.362 4540.3 4.2
TL 1790324673.458 279.4 3.4
TL 1790324673.558 334.2 3.4
TL 1790324673.659 365.6 3.7
TL 1790324673.759 277.2 4.3
TL 1790324673.859 404.9 4.3
TL 1790324673.959 306.8 4.2
TL 1790324674.059 357.1 4.3
TL 1790324674.159 268.9 2.7
TL 1790324674.260 310.4 4.4
TL 1790324674.360 539.3 3.5
TL 1790324674.460 511.7 3.9
TL 1790324674.560 248.8 2.7
TL 1790324674.661 437.5 4.4
TL 1790324674.761 364.5 4.9
TL 1790324674.861 329.2 4.3
TL 1790324674.961 458.2 4.3
TL 1790324675.062 361.0 3.9
TL 1790324675.162 345.1 4.3
TL 1790324675.262 404.8 5.4
TL 1790324675.362 331.3 3.9
TL 1790324675.463 465.9 4.4
TL 1790324675.564 1776.9 4.6
TL 1790324675.663 404.2 4.3
TL 1790324675.763 349.0 4.8
TL 1790324675.863 438.6 4.7
TL 1790324675.963 363.4 4.6
TL 1790324676.064 383.4 2.9
TL 1790324676.164 897.3 2.2
TL 1790324676.264 362.9 3.9
TL 1790324676.364 284.1 2.9
TL 1790324676.464 390.4 4.0
TL 1790324676.564 304.0 3.0
TL 1790324676.664 452.8 2.8
TL 1790324676.765 346.8 4.7
TL 1790324676.865 409.5 3.9
TL 1790324676.965 453.6 4.0
TL 1790324677.065 338.6 3.5
TL 1790324677.165 278.6 2.8
TL 1790324677.265 280.5 3.5
TL 1790324677.365 165.2 2.4
TL 1790324677.466 455.5 4.0
TL 1790324677.567 343.9 3.4
TL 1790324677.667 326.9 3.1
TL 1790324677.767 294.1 4.8
TL 1790324677.867 214.6 2.3
TL 1790324677.967 297.8 3.7
TL 1790324678.068 356.8 4.4
TL 1790324678.169 915.9 3.1
TL 1790324678.268 293.9 4.9
TL 1790324678.369 183.6 2.3
TL 1790324678.469 307.2 4.1
TL 1790324678.572 193.9 2.2
TL 1790324678.672 399.2 3.9
TL 1790324678.772 545.5 4.7
TL 1790324678.872 449.7 4.6
TL 1790324678.972 298.8 3.4
TL 1790324679.072 342.9 3.5
TL 1790324679.173 586.7 4.9
TL 1790324679.273 360.7 4.3
TL 1790324679.373 290.4 3.6
TL 1790324679.473 375.1 4.7
TL 1790324679.573 328.7 3.4
TL 1790324679.673 416.4 4.1
TL 1790324679.773 366.1 4.3
TL 1790324679.873 363.7 4.4
TL 1790324679.974 298.3 4.0
TL 1790324680.074 454.0 3.9
TL 1790324680.174 344.5 3.4
TL 1790324680.274 318.7 4.5
TL 1790324680.374 170.5 2.1
TL 1790324680.474 390.6 3.9
TL 1790324680.575 310.9 4.0
TL 1790324680.675 433.9 3.5
TL 1790324680.778 3902.9 4.3
TL 1790324680.875 362.6 4.7
TL 1790324680.975 265.7 3.9
TL 1790324681.077 2072.3 5.6
TL 1790324681.175 158.3 2.2
TL 1790324681.276 398.3 3.4
TL 1790324681.376 258.6 3.3
TL 1790324681.476 420.2 3.3
TL 1790324681.577 248.8 3.3
TL 1790324681.677 388.3 3.3
TL 1790324681.777 413.7 3.3
TL 1790324681.877 400.1 4.1
TL 1790324681.978 631.9 4.1
TL 1790324682.078 458.1 4.9
TL 1790324682.178 448.5 3.3
TL 1790324682.278 539.7 140.6
TL 1790324682.378 267.1 2.9
TL 1790324682.478 415.6 4.4
TL 1790324682.578 234.6 2.8
TL 1790324682.678 322.6 2.2
TL 1790324682.779 332.2 3.5
TL 1790324682.879 430.3 4.0
TL 1790324682.979 470.1 3.6
TL 1790324683.079 420.7 3.9
TL 1790324683.179 345.4 3.1
TL 1790324683.279 329.9 4.0
TL 1790324683.379 273.8 3.7
TL 1790324683.480 350.2 3.4
TL 1790324683.580 345.0 3.5
TL 1790324683.680 234.2 2.0
TL 1790324683.781 505.5 4.4
TL 1790324683.881 300.9 3.4
TL 1790324683.981 336.4 3.5
TL 1790324684.082 504.3 3.3
TL 1790324684.181 305.6 1.9
TL 1790324684.281 173.2 1.7
TL 1790324684.386 5131.2 1.6
TL 1790324684.481 156.5 1.8
TL 1790324684.582 344.6 4.6
TL 1790324684.682 304.1 2.6
TL 1790324684.782 268.1 4.1
TL 1790324684.882 384.9 4.1
TL 1790324684.982 249.6 3.3
TL 1790324685.082 257.4 3.3
TL 1790324685.182 377.2 3.9
TL 1790324685.283 648.0 4.6
TL 1790324685.383 459.8 3.6
TL 1790324685.483 680.8 3.6
TL 1790324685.583 280.2 2.8
TL 1790324685.683 251.6 2.8
TL 1790324685.783 289.5 4.0
TL 1790324685.883 516.0 3.7
TL 1790324685.984 1146.4 4.7
TL 1790324686.084 552.0 3.3
TL 1790324686.184 681.2 3.5
TL 1790324686.284 370.7 4.0
TL 1790324686.384 234.5 3.5
TL 1790324686.484 295.0 3.9
TL 1790324686.585 292.4 3.5
TL 1790324686.685 671.1 4.0
TL 1790324686.785 273.7 3.9
TL 1790324686.886 305.7 224.7
TL 1790324686.986 401.6 4.0
TL 1790324687.086 336.4 4.9
TL 1790324687.187 563.0 4.6
TL 1790324687.288 873.8 4.4
TL 1790324687.390 3544.2 3.7
TL 1790324687.487 279.3 2.4
TL 1790324687.588 834.7 3.7
TL 1790324687.688 545.1 2.4
TL 1790324687.789 784.0 3.3
TL 1790324687.888 294.5 3.2
TL 1790324687.988 334.2 3.9
TL 1790324688.089 553.8 5.4
TL 1790324688.188 114.8 1.8
TL 1790324688.289 290.7 3.4
TL 1790324688.389 306.8 3.5
TL 1790324688.489 357.3 2.4
TL 1790324688.589 361.9 2.4
TL 1790324688.690 527.6 3.8
TL 1790324688.790 284.7 3.2
TL 1790324688.890 319.8 4.2
TL 1790324688.990 266.3 3.2
TL 1790324689.090 370.4 5.2
TL 1790324689.190 167.2 2.3
TL 1790324689.290 317.3 3.1
TL 1790324689.390 229.4 2.7
TL 1790324689.491 378.6 2.8
TL 1790324689.591 313.2 44.0
TL 1790324689.691 280.6 3.3
TL 1790324689.792 412.8 3.6
TL 1790324689.892 332.8 3.6
TL 1790324689.992 324.4 3.5
TL 1790324690.092 299.0 3.3
TL 1790324690.192 393.4 4.3
TL 1790324690.292 305.0 3.0
TL 1790324690.392 197.2 2.9
TL 1790324690.493 327.1 3.4
TL 1790324690.593 217.8 2.6
TL 1790324690.693 416.7 3.0
TL 1790324690.793 451.8 5.2
TL 1790324690.893 435.1 4.3
TL 1790324690.993 418.5 4.4
TL 1790324691.093 345.4 5.1
TL 1790324691.193 371.5 3.9
TL 1790324691.293 302.2 3.5
TL 1790324691.394 392.4 3.4
TL 1790324691.494 330.4 3.7
TL 1790324691.594 281.4 3.0
TL 1790324691.694 447.2 3.1
TL 1790324691.794 379.6 3.9
TL 1790324691.895 402.0 3.6
TL 1790324691.995 383.3 3.9
TL 1790324692.095 321.5 4.1
TL 1790324692.195 471.2 3.2
TL 1790324692.295 283.4 2.2
TL 1790324692.395 168.3 2.2
TL 1790324692.496 477.3 3.4
TL 1790324692.597 513.6 3.5
TL 1790324692.697 434.1 4.1
TL 1790324692.797 518.9 4.0
TL 1790324692.897 478.9 4.4
TL 1790324692.997 384.5 3.9
TL 1790324693.098 412.5 4.8
TL 1790324693.198 402.9 3.7
TL 1790324693.299 614.8 3.1
TL 1790324693.399 345.4 3.8
TL 1790324693.499 331.9 3.4
TL 1790324693.599 363.6 3.3
TL 1790324693.699 336.1 4.3
TL 1790324693.799 367.4 3.9
TL 1790324693.899 386.7 5.2
TL 1790324693.999 231.5 2.6
TL 1790324694.100 342.2 4.2
TL 1790324694.200 288.4 3.6
TL 1790324694.300 396.6 4.1
TL 1790324694.401 427.0 4.3
TL 1790324694.501 384.8 3.2
TL 1790324694.601 343.0 3.5
TL 1790324694.701 337.0 3.6
TL 1790324694.802 310.6 3.5
TL 1790324694.902 299.4 4.2
TL 1790324695.002 354.2 4.3
TL 1790324695.102 282.9 3.5
TL 1790324695.202 353.8 3.5
TL 1790324695.302 343.6 3.2
TL 1790324695.402 296.1 3.7
TL 1790324695.503 303.7 3.2
TL 1790324695.603 250.2 2.7
TL 1790324695.703 285.5 3.3
TL 1790324695.803 372.8 2.8
TL 1790324695.904 492.6 4.0
TL 1790324696.004 368.7 4.2
TL 1790324696.104 341.3 3.5
TL 1790324696.204 355.9 3.2
TL 1790324696.304 369.1 2.8
TL 1790324696.404 289.5 3.5
TL 1790324696.504 288.3 3.6
TL 1790324696.604 299.2 2.8
TL 1790324696.705 350.1 3.1
TL 1790324696.805 570.4 5.3
TL 1790324696.905 440.8 3.7
TL 1790324697.005 288.4 3.2
TL 1790324697.106 300.3 4.1
TL 1790324697.206 252.9 3.0
TL 1790324697.306 267.7 2.6
TL 1790324697.406 163.8 2.3
TL 1790324697.506 260.4 2.6
TL 1790324697.606 247.1 3.3
TL 1790324697.707 415.3 3.6
TL 1790324697.807 504.0 4.6
TL 1790324697.907 298.1 4.2
TL 1790324698.007 300.3 3.6
TL 1790324698.108 916.0 4.7
TL 1790324698.208 296.8 3.9
TL 1790324698.308 338.6 3.7
TL 1790324698.408 172.0 2.7
TL 1790324698.509 425.7 3.7
TL 1790324698.609 384.5 4.4
TL 1790324698.709 286.7 3.0
TL 1790324698.810 519.7 4.2
TL 1790324698.909 138.0 2.2
TL 1790324699.009 96.8 1.5
TL 1790324699.109 105.3 2.3
TL 1790324699.210 244.9 2.4
TL 1790324699.310 437.5 2.8
TL 1790324699.410 131.6 1.9
TL 1790324699.511 667.7 3.7
TL 1790324699.610 210.6 2.7
TL 1790324699.710 261.5 2.6
TL 1790324699.811 531.9 4.8
TL 1790324699.911 837.5 5.2
TL 1790324700.011 238.0 3.0
TL 1790324700.112 516.1 4.0
TL 1790324700.212 478.3 3.9
TL 1790324700.312 261.1 2.5
TL 1790324700.412 218.1 2.8
TL 1790324700.512 573.3 4.1
TL 1790324700.612 401.9 4.5
TL 1790324700.712 305.6 2.4
TL 1790324700.813 360.7 4.0
TL 1790324700.913 299.9 2.9
TL 1790324701.013 302.2 3.4
TL 1790324701.113 377.2 4.2
TL 1790324701.213 341.8 3.8
TL 1790324701.313 297.0 2.9
TL 1790324701.414 670.6 2.8
TL 1790324701.514 354.9 3.1
TL 1790324701.614 232.9 3.2
TL 1790324701.714 425.7 4.1
TL 1790324701.815 359.7 4.3
TL 1790324701.915 311.7 4.8
TL 1790324702.015 199.5 4.2
TL 1790324702.115 367.4 3.5
TL 1790324702.215 283.9 4.1
TL 1790324702.315 228.6 1.4
TL 1790324702.416 242.6 2.3
TL 1790324702.516 323.7 3.7
TL 1790324702.616 411.5 4.6
TL 1790324702.717 434.8 4.7
TL 1790324702.817 306.4 4.0
TL 1790324702.917 526.9 3.5
TL 1790324703.017 383.4 3.4
TL 1790324703.117 506.7 5.1
TL 1790324703.221 439.0 37.1
TL 1790324703.321 214.6 2.5
TL 1790324703.421 130.7 2.3
TL 1790324703.521 260.1 2.7
TL 1790324703.622 351.6 4.1
TL 1790324703.722 326.5 3.9
TL 1790324703.822 366.8 3.9
TL 1790324703.923 518.7 3.9
TL 1790324704.023 353.6 2.9
TL 1790324704.123 304.9 3.9
TL 1790324704.223 674.1 4.3
TL 1790324704.323 597.9 3.2
TL 1790324704.423 368.7 2.9
TL 1790324704.524 380.8 2.9
TL 1790324704.624 275.0 4.0
TL 1790324704.724 372.1 3.4
TL 1790324704.824 522.7 3.9
TL 1790324704.925 511.2 3.7
TL 1790324705.025 518.1 4.1
TL 1790324705.125 408.4 3.7
TL 1790324705.226 459.0 3.9
TL 1790324705.326 388.3 2.4
TL 1790324705.426 614.0 3.6
TL 1790324705.526 433.9 3.7
TL 1790324705.626 415.6 3.9
TL 1790324705.726 248.0 2.8
TL 1790324705.827 304.1 4.4
TL 1790324705.927 420.2 4.2
TL 1790324706.027 300.4 3.4
TL 1790324706.127 344.9 3.6
TL 1790324706.228 838.9 4.6
TL 1790324706.328 293.4 194.6
TL 1790324706.428 267.7 3.2
TL 1790324706.529 803.8 4.0
TL 1790324706.628 434.6 4.4
TL 1790324706.728 210.8 2.6
TL 1790324706.829 342.4 4.1
TL 1790324706.929 609.6 3.3
TL 1790324707.031 756.0 5.6
TL 1790324707.131 315.2 3.4
TL 1790324707.231 384.6 3.0
TL 1790324707.331 174.3 1.3
TL 1790324707.432 724.3 3.7
TL 1790324707.532 397.0 2.8
TL 1790324707.632 354.5 2.5
TL 1790324707.733 271.0 3.4
TL 1790324707.834 288.7 4.0
TL 1790324707.934 280.5 4.4
TL 1790324708.035 688.9 3.8
TL 1790324708.135 369.5 3.9
TL 1790324708.235 269.3 4.9
TL 1790324708.335 300.9 2.8
TL 1790324708.435 323.0 3.6
TL 1790324708.535 319.3 3.6
TL 1790324708.635 221.9 3.0
TL 1790324708.736 396.9 4.1
TL 1790324708.836 414.3 4.1
TL 1790324708.936 437.3 3.6
TL 1790324709.041 4696.6 5.1
TL 1790324709.136 368.9 4.1
TL 1790324709.237 287.9 2.8
TL 1790324709.337 189.5 2.3
TL 1790324709.437 322.8 3.8
TL 1790324709.537 461.1 3.4
TL 1790324709.637 213.3 3.0
TL 1790324709.738 670.1 3.7
TL 1790324709.838 428.6 3.4
TL 1790324709.938 370.6 3.7
TL 1790324710.038 300.3 4.1
TL 1790324710.138 359.4 4.1
TL 1790324710.238 275.8 3.1
TL 1790324710.338 239.0 2.0
TL 1790324710.439 334.1 64.7
TL 1790324710.539 358.6 3.5
TL 1790324710.639 313.3 4.6
TL 1790324710.740 364.9 4.2
TL 1790324710.840 554.8 4.2
TL 1790324710.940 449.6 3.9
TL 1790324711.040 501.5 3.3
TL 1790324711.141 318.0 4.5
TL 1790324711.241 402.6 3.7
TL 1790324711.341 348.9 2.8
TL 1790324711.441 174.7 3.0
TL 1790324711.542 450.9 4.0
TL 1790324711.642 364.1 4.5
TL 1790324711.742 355.8 3.2
TL 1790324711.842 234.8 2.8
TL 1790324711.943 884.2 3.5
TL 1790324712.046 2137.7 2.8
TL 1790324712.144 372.2 2.8
TL 1790324712.244 194.4 2.2
TL 1790324712.344 239.6 1.1
TL 1790324712.445 577.7 2.4
TL 1790324712.547 2709.6 2.8
TL 1790324712.644 231.2 2.4
TL 1790324712.744 180.5 2.4
TL 1790324712.846 1461.4 4.3
TL 1790324712.945 474.3 3.5
TL 1790324713.045 196.6 2.0
TL 1790324713.150 4626.7 4.4
TL 1790324713.245 381.3 3.3
TL 1790324713.346 421.6 3.2
TL 1790324713.446 256.6 3.8
TL 1790324713.546 625.9 2.9
TL 1790324713.646 494.4 4.2
TL 1790324713.747 722.0 197.1
TL 1790324713.847 496.1 4.6
TL 1790324713.947 206.5 2.4
TL 1790324714.047 378.4 5.3
TL 1790324714.147 374.5 3.2
TL 1790324714.248 493.0 3.7
TL 1790324714.348 511.6 3.9
TL 1790324714.449 568.3 4.0
TL 1790324714.549 499.8 4.6
TL 1790324714.649 534.3 4.4
TL 1790324714.749 522.8 4.3
TL 1790324714.849 307.7 2.6
TL 1790324714.950 1010.3 4.3
TL 1790324715.050 542.6 4.4
TL 1790324715.150 415.8 3.7
TL 1790324715.250 186.6 2.3
TL 1790324715.350 176.5 2.2
TL 1790324715.450 308.2 3.5
TL 1790324715.551 712.3 3.3
TL 1790324715.651 554.2 3.7
TL 1790324715.751 364.7 3.7
TL 1790324715.852 493.5 4.1
TL 1790324715.952 350.2 3.6
TL 1790324716.052 340.4 5.1
TL 1790324716.152 483.6 4.1
TL 1790324716.252 557.3 4.5
TL 1790324716.352 332.5 2.9
TL 1790324716.453 347.0 2.6
TL 1790324716.553 325.1 3.4
TL 1790324716.654 871.6 4.0
TL 1790324716.754 443.7 4.2
TL 1790324716.854 271.5 3.3
TL 1790324716.954 587.4 3.4
TL 1790324717.054 315.4 3.6
TL 1790324717.154 164.1 3.2
TL 1790324717.254 156.0 1.6
TL 1790324717.354 302.3 3.0
TL 1790324717.455 275.6 2.8
TL 1790324717.555 227.6 2.3
TL 1790324717.655 447.7 3.2
TL 1790324717.755 355.3 4.2
TL 1790324717.855 291.7 4.0
TL 1790324717.955 260.1 2.4
TL 1790324718.055 544.7 3.6
TL 1790324718.155 258.8 2.6
TL 1790324718.255 302.9 3.4
TL 1790324718.356 312.8 4.4
TL 1790324718.456 248.6 2.6
TL 1790324718.556 335.9 4.2
TL 1790324718.656 286.9 3.4
TL 1790324718.756 350.0 4.1
TL 1790324718.856 346.0 3.3
TL 1790324718.957 362.5 3.9
TL 1790324719.057 352.6 4.2
TL 1790324719.157 484.1 4.8
TL 1790324719.257 198.7 2.8
TL 1790324719.358 298.6 3.5
TL 1790324719.458 334.5 3.3
TL 1790324719.559 391.7 3.1
TL 1790324719.659 279.6 3.2
TL 1790324719.759 377.1 3.7
TL 1790324719.859 267.9 3.5
TL 1790324719.959 321.1 2.9
TL 1790324720.059 299.0 3.5
TL 1790324720.160 417.0 3.4
TL 1790324720.260 381.5 4.4
TL 1790324720.363 3484.2 3.4
TL 1790324720.460 280.1 2.8
TL 1790324720.561 305.5 3.5
TL 1790324720.661 291.5 3.7
TL 1790324720.761 405.1 3.4
TL 1790324720.861 353.7 4.4
TL 1790324720.962 556.1 3.4
TL 1790324721.062 256.2 3.7
TL 1790324721.162 460.1 4.0
TL 1790324721.263 513.9 5.5
TL 1790324721.363 328.9 3.6
TL 1790324721.463 388.0 3.3
TL 1790324721.563 299.3 3.0
TL 1790324721.663 428.2 4.4
TL 1790324721.764 421.7 4.5
TL 1790324721.864 263.6 3.4
TL 1790324721.965 1761.0 3.1
TL 1790324722.064 672.3 4.5
TL 1790324722.164 349.8 2.6
TL 1790324722.264 214.3 2.4
TL 1790324722.365 430.9 4.1
TL 1790324722.465 297.0 2.4
TL 1790324722.565 273.8 3.3
TL 1790324722.665 373.4 4.6
TL 1790324722.765 297.6 3.4
TL 1790324722.866 395.3 3.7
TL 1790324722.966 419.2 3.6
TL 1790324723.066 290.0 3.6
TL 1790324723.166 347.2 3.7
TL 1790324723.266 380.3 3.9
TL 1790324723.366 286.1 3.1
TL 1790324723.467 470.2 2.7
TL 1790324723.567 276.2 3.0
TL 1790324723.667 171.3 1.9
TL 1790324723.767 413.0 4.4
TL 1790324723.867 492.9 3.4
TL 1790324723.968 678.0 3.9
TL 1790324724.068 563.6 4.2
TL 1790324724.168 482.8 5.1
TL 1790324724.268 824.2 4.1
TL 1790324724.368 349.0 4.0
TL 1790324724.469 1018.1 3.5
TL 1790324724.568 386.6 2.7
TL 1790324724.673 4373.3 4.7
TL 1790324724.769 372.3 194.4
TL 1790324724.869 322.8 4.7
TL 1790324724.970 788.3 3.2
TL 1790324725.069 385.1 4.3
TL 1790324725.170 351.5 3.2
TL 1790324725.270 368.3 4.9
TL 1790324725.370 280.3 2.9
TL 1790324725.470 392.7 2.3
TL 1790324725.571 188.6 2.4
TL 1790324725.671 328.5 3.7
TL 1790324725.771 545.1 2.9
TL 1790324725.871 365.4 3.9
TL 1790324725.971 432.1 3.1
TL 1790324726.072 465.7 187.2
TL 1790324726.172 521.6 4.0
TL 1790324726.272 414.2 4.0
TL 1790324726.372 396.9 3.6
TL 1790324726.473 370.3 3.1
TL 1790324726.573 327.2 3.5
TL 1790324726.673 490.2 3.4
TL 1790324726.776 2847.0 4.2
TL 1790324726.874 623.1 4.7
TL 1790324726.974 348.3 3.3
TL 1790324727.075 925.9 4.0
TL 1790324727.175 556.8 4.5
TL 1790324727.274 189.2 2.2
TL 1790324727.375 533.7 3.7
TL 1790324727.475 396.3 3.3
TL 1790324727.575 175.7 2.1
TL 1790324727.676 428.7 3.1
TL 1790324727.776 529.9 3.9
TL 1790324727.876 391.4 4.3
TL 1790324727.976 289.3 3.3
TL 1790324728.077 352.9 4.1
TL 1790324728.177 322.6 3.5
TL 1790324728.277 350.8 4.1
TL 1790324728.377 313.6 3.7
TL 1790324728.477 388.8 3.2
TL 1790324728.579 2380.1 4.0
TL 1790324728.678 1171.3 4.2
TL 1790324728.778 388.1 3.0
TL 1790324728.878 276.4 2.9
TL 1790324728.978 463.1 5.3
TL 1790324729.078 566.7 4.6
TL 1790324729.178 343.2 4.1
TL 1790324729.278 480.1 4.5
TL 1790324729.378 262.2 3.6
TL 1790324729.478 223.9 2.5
TL 1790324729.582 3922.7 3.8
TL 1790324729.679 349.0 3.9
TL 1790324729.779 348.8 3.6
TL 1790324729.879 402.9 3.5
TL 1790324729.979 407.1 3.6
TL 1790324730.079 262.3 4.3
TL 1790324730.179 200.1 3.8
TL 1790324730.279 291.4 3.5
TL 1790324730.380 322.8 3.5
TL 1790324730.480 311.4 3.9
TL 1790324730.580 222.7 2.6
TL 1790324730.680 218.7 2.6
TL 1790324730.780 321.5 3.9
TL 1790324730.880 319.7 4.9
TL 1790324730.981 349.7 3.5
TL 1790324731.081 364.9 3.5
TL 1790324731.181 303.4 3.4
TL 1790324731.281 346.0 4.9
TL 1790324731.381 558.5 3.8
TL 1790324731.481 219.5 1.9
TL 1790324731.581 221.5 2.2
TL 1790324731.681 347.2 3.4
TL 1790324731.782 410.5 4.1
TL 1790324731.882 348.8 3.9
TL 1790324731.982 389.1 3.4
TL 1790324732.082 299.0 3.5
TL 1790324732.182 338.7 3.6
TL 1790324732.282 256.7 2.3
TL 1790324732.382 166.2 2.4
TL 1790324732.482 171.2 1.8
TL 1790324732.583 280.3 2.1
TL 1790324732.683 584.4 3.9
TL 1790324732.783 348.5 3.8
TL 1790324732.884 800.7 3.3
TL 1790324732.983 399.0 3.8
TL 1790324733.084 499.7 3.5
TL 1790324733.184 490.0 4.6
TL 1790324733.285 572.0 4.2
TL 1790324733.384 182.8 1.7
TL 1790324733.485 518.5 1.5
TL 1790324733.585 330.0 2.4
TL 1790324733.686 1458.6 4.6
TL 1790324733.785 150.1 2.2
TL 1790324733.885 664.6 3.4
TL 1790324733.985 332.3 2.7
TL 1790324734.086 644.6 3.1
TL 1790324734.187 2191.0 2.4
TL 1790324734.286 374.1 4.8
TL 1790324734.386 108.1 2.0
TL 1790324734.488 2318.9 2.0
TL 1790324734.587 958.6 3.2
TL 1790324734.686 168.2 3.5
TL 1790324734.786 185.5 2.1
TL 1790324734.886 241.0 2.5
TL 1790324734.987 1262.0 2.3
TL 1790324735.086 229.3 4.4
TL 1790324735.186 85.1 2.5
TL 1790324735.287 996.5 2.0
TL 1790324735.387 316.3 4.0
TL 1790324735.487 184.2 4.0
TL 1790324735.587 446.0 2.2
TL 1790324735.688 898.7 3.0
TL 1790324735.787 322.1 4.5
TL 1790324735.887 378.4 4.1
TL 1790324735.988 662.9 2.6
TL 1790324736.087 227.7 2.1
TL 1790324736.188 938.8 2.6
TL 1790324736.288 559.2 4.1
TL 1790324736.388 227.1 3.2
TL 1790324736.489 1794.0 2.1
TL 1790324736.588 385.0 4.8
TL 1790324736.688 121.4 4.1
TL 1790324736.789 627.5 2.2
TL 1790324736.889 837.3 2.8
TL 1790324736.988 139.2 3.7
TL 1790324737.089 916.4 3.5
TL 1790324737.191 2528.6 2.5
TL 1790324737.289 389.8 3.7
TL 1790324737.389 233.2 4.2
TL 1790324737.489 505.7 1.9
TL 1790324737.589 379.5 3.9
TL 1790324737.690 337.4 3.9
TL 1790324737.790 254.7 19.8
TL 1790324737.890 371.7 3.1
TL 1790324737.990 351.6 3.5
TL 1790324738.091 1099.5 4.5
TL 1790324738.191 1162.6 2.2
TL 1790324738.291 1094.3 5.9
TL 1790324738.391 896.2 3.2
TL 1790324738.490 181.5 2.0
TL 1790324738.591 754.0 3.3
TL 1790324738.704 13810.3 4.6
TL 1790324738.791 153.5 2.8
TL 1790324738.891 116.1 3.0
TL 1790324738.992 238.9 3.4
TL 1790324739.092 332.7 3.0
TL 1790324739.192 333.1 2.7
TL 1790324739.292 140.8 2.3
TL 1790324739.392 238.0 2.1
TL 1790324739.502 10118.6 2.1
TL 1790324739.594 2085.4 2.4
TL 1790324739.694 1392.1 2.7
TL 1790324739.793 529.9 2.3
TL 1790324739.897 4263.8 3.5
TL 1790324740.008 15038.2 2.8
TL 1790324740.094 1241.8 3.5
TL 1790324740.195 1579.0 2.8
TL 1790324740.294 253.9 3.0
TL 1790324740.395 384.8 2.6
TL 1790324740.498 3709.3 3.9
TL 1790324740.595 192.3 2.4
TL 1790324740.695 100.8 2.3
TL 1790324740.795 138.9 2.2
TL 1790324740.935 40298.7 3.8
TL 1790324741.010 15391.5 3.4
TL 1790324741.096 1147.4 2.6
TL 1790324741.196 385.1 3.4
TL 1790324741.296 601.2 2.4
TL 1790324741.396 251.8 2.7
TL 1790324741.505 9830.1 2.9
TL 1790324741.596 463.0 1.9
TL 1790324741.696 731.9 2.9
TL 1790324741.797 1695.8 2.5
TL 1790324741.907 10819.8 5.5
TL 1790324742.014 18028.2 3.3
TL 1790324742.112 15859.1 3.6
TL 1790324742.209 12821.2 2.9
TL 1790324742.317 21187.5 4.0
TL 1790324742.414 17972.0 4.6
TL 1790324742.505 8337.8 2.2
TL 1790324742.599 2708.0 4.1
TL 1790324742.713 16482.1 4.7
TL 1790324742.797 429.9 4.0
TL 1790324742.903 5966.4 3.1
TL 1790324742.997 153.2 3.3
TL 1790324743.098 833.7 2.7
TL 1790324743.250 52729.5 2.4
TL 1790324743.326 28739.1 2.9
TL 1790324743.398 766.9 2.7
TL 1790324743.517 19870.2 2.7
TL 1790324743.600 3048.5 2.1
TL 1790324743.698 245.9 2.3
TL 1790324743.804 7019.0 1.7
TL 1790324743.900 2252.4 4.0
TL 1790324743.999 1393.6 2.6
TL 1790324744.105 7351.0 2.6
TL 1790324744.199 589.4 2.3
TL 1790324744.316 16915.6 2.9
TL 1790324744.431 31735.2 3.8
TL 1790324744.510 11062.6 2.2
TL 1790324744.749 149558.9 2.1
TL 1790324744.810 60917.6 2.5
TL 1790324744.863 13955.3 4.2
TL 1790324744.956 7540.2 1.1
TL 1790324745.064 15410.2 3.8
TL 1790324745.158 9290.6 4.0
TL 1790324745.260 11158.3 3.4
TL 1790324745.350 551.9 3.0
TL 1790324745.533 83261.2 3.4
TL 1790324745.576 26093.5 5.1
TL 1790324745.666 16261.1 3.7
TL 1790324745.776 26374.6 4.6
TL 1790324745.864 14586.9 3.9
TL 1790324745.951 896.0 3.2
TL 1790324746.052 2417.6 3.5
TL 1790324746.296 146396.4 3.1
TL 1790324746.299 2076.6 1.4
TL 1790324746.399 2064.0 4.2
TL 1790324746.606 109343.5 4.7
TL 1790324746.607 282.0 0.9
TL 1790324746.734 28168.9 3.6
TL 1790324746.885 78677.2 2.6
TL 1790324746.987 80492.3 3.1
TL 1790324747.072 65755.2 3.3
TL 1790324747.111 4531.9 2.2
TL 1790324747.207 529.9 2.8
TL 1790324747.310 3030.4 3.5
TL 1790324747.413 5739.0 4.5
TL 1790324747.519 12013.4 4.8
TL 1790324747.615 7933.6 3.0
TL 1790324747.758 50489.8 3.9
TL 1790324747.808 584.0 2.3
TL 1790324747.915 7265.9 2.9
TL 1790324748.009 1121.9 3.2
TL 1790324748.118 9885.9 3.3
TL 1790324748.240 31543.3 2.1
TL 1790324748.320 11637.4 3.1
TL 1790324748.483 74942.9 3.0
TL 1790324748.539 30657.1 2.7
TL 1790324748.645 36906.6 2.3
TL 1790324748.732 23223.9 3.5
TL 1790324748.826 17252.7 3.7
TL 1790324748.945 36963.6 4.4
TL 1790324749.036 27858.3 2.0
TL 1790324749.152 43044.4 4.0
TL 1790324749.224 15316.1 3.2
TL 1790324749.310 183.5 1.5
TL 1790324749.437 27142.0 1.7
TL 1790324749.526 16696.8 2.2
TL 1790324749.616 5959.6 3.6
TL 1790324749.717 7670.3 3.0
TL 1790324749.823 12975.1 2.6
TL 1790324749.944 33929.8 3.1
TL 1790324750.013 3090.9 2.6
TL 1790324750.117 6508.5 3.4
TL 1790324750.211 744.9 3.4
TL 1790324750.318 7974.7 4.8
TL 1790324750.423 12523.5 4.5
TL 1790324750.578 67193.3 1.6
TL 1790324750.654 43131.4 2.3
TL 1790324750.733 21947.9 2.1
TL 1790324750.816 5541.6 2.4
TL 1790324750.925 13785.1 2.9
TL 1790324751.110 99087.4 2.2
TL 1790324751.112 805.9 0.8
TL 1790324751.228 16565.5 2.9
TL 1790324751.336 24977.0 2.4
TL 1790324751.411 113.1 2.1
TL 1790324751.554 42939.3 2.3
TL 1790324751.629 17217.7 3.2
TL 1790324751.772 60883.0 3.2
TL 1790324751.826 14642.0 2.7
TL 1790324751.912 261.1 2.3
TL 1790324752.062 49692.1 4.9
TL 1790324752.112 417.3 2.9
TL 1790324752.220 8021.3 2.8
TL 1790324752.314 342.1 2.7
TL 1790324752.415 1773.8 2.4
TL 1790324752.548 34754.1 3.2
TL 1790324752.623 9551.7 2.3
TL 1790324752.715 1430.5 2.5
TL 1790324752.818 4932.3 1.0
TL 1790324753.112 198488.5 2.6
TL 1790324753.113 789.2 0.7
TL 1790324753.442 229395.4 1.8
TL 1790324753.442 247.0 0.7
TL 1790324753.602 60212.6 3.0
TL 1790324753.648 6132.6 2.3
TL 1790324753.799 57182.4 2.1
TL 1790324754.096 254240.8 1.7
TL 1790324754.216 119831.8 3.0
TL 1790324754.222 6209.6 1.5
TL 1790324754.318 396.6 2.3
TL 1790324754.430 13095.2 2.1
TL 1790324754.532 14955.7 1.1
TL 1790324754.647 29505.5 3.5
TL 1790324754.718 547.2 2.8
TL 1790324754.821 3809.7 2.4
TL 1790324754.931 13282.4 3.0
TL 1790324755.112 94165.1 2.0
TL 1790324755.121 3164.6 2.1
TL 1790324755.221 2974.5 3.0
TL 1790324755.381 63171.7 5.1
TL 1790324755.553 134688.4 2.7
TL 1790324755.554 995.9 0.8
TL 1790324755.700 47027.7 1.7
TL 1790324755.767 14094.8 1.0
TL 1790324756.449 595792.5 1.7
TL 1790324756.449 162.2 1.2
TL 1790324756.560 10593.1 1.4
TL 1790324756.915 265920.8 2.2
TL 1790324756.972 56691.7 2.2
TL 1790324757.271 255637.0 3.0
TL 1790324758.387 1116110.7 1.9
TL 1790324758.508 120614.3 2.5
TL 1790324758.746 238158.0 4.0
TL 1790324758.746 245.6 1.0
TL 1790324758.877 31192.9 4.4
TL 1790324759.097 151435.7 2.8
TL 1790324759.441 343742.3 3.3
TL 1790324759.455 13440.1 1.6
TL 1790324760.124 583069.0 2.3
TL 1790324760.130 5523.6 1.7
TL 1790324760.309 84980.9 2.9
TL 1790324760.440 115141.1 1.6
TL 1790324760.440 643.6 1.0
TL 1790324760.635 95466.8 2.9
TL 1790324760.894 253984.3 1.8
TL 1790324760.896 2054.2 1.6
TL 1790324760.999 4925.5 3.9
TL 1790324761.726 632464.8 3.1
TL 1790324761.904 177492.0 2.8
TL 1790324761.904 272.9 1.5
TL 1790324762.016 12240.4 1.8
TL 1790324762.183 79319.2 1.4
TL 1790324762.246 42173.1 1.6
TL 1790324762.549 244463.7 5.1
TL 1790324762.564 15286.1 3.2
TL 1790324762.649 120.9 3.0
TL 1790324762.762 13356.8 2.6
TL 1790324762.950 100621.1 2.1
TL 1790324763.013 63211.3 3.7
TL 1790324763.059 9256.7 3.9
TL 1790324763.157 7594.3 2.0
TL 1790324763.285 34677.4 1.5
TL 1790324763.365 14992.1 2.2
TL 1790324763.453 2604.7 2.2
TL 1790324763.601 50592.2 3.0
TL 1790324763.776 125816.5 2.4
TL 1790324763.777 471.2 1.1
TL 1790324763.882 5801.5 2.7
TL 1790324763.994 17296.0 2.8
TL 1790324764.102 25427.7 2.6
TL 1790324764.626 449286.0 4.1
TL 1790324764.626 435.6 1.5
TL 1790324764.752 25921.1 1.8
TL 1790324765.030 204130.8 1.1
TL 1790324765.031 734.9 0.8
TL 1790324765.279 148932.9 1.5
TL 1790324765.280 380.1 0.8
TL 1790324765.414 34270.4 2.9
TL 1790324765.559 79374.9 2.9
TL 1790324766.061 481906.0 4.3
TL 1790324766.062 422.4 1.0
TL 1790324766.183 21109.6 2.5
TL 1790324766.289 27371.9 2.1
TL 1790324766.393 30795.7 2.4
TL 1790324766.507 44743.3 2.5
TL 1790324766.579 16923.4 2.5
TL 1790324766.663 634.3 2.6
TL 1790324766.768 5400.3 2.0
TL 1790324766.868 5132.7 3.0
TL 1790324766.994 31692.4 3.6
TL 1790324767.127 64450.2 2.8
TL 1790324767.209 45643.1 1.8
TL 1790324767.338 74395.9 3.2
TL 1790324767.367 3497.5 1.6
TL 1790324767.470 6842.2 1.0
TL 1790324767.641 77798.9 2.2
TL 1790324767.683 19676.0 2.5
TL 1790324767.768 5040.0 2.2
TL 1790324767.908 44116.1 2.7
TL 1790324768.087 123265.5 1.9
TL 1790324768.140 52766.4 3.0
TL 1790324768.211 23757.3 3.1
TL 1790324768.287 217.9 3.3
TL 1790324768.554 166430.2 3.1
TL 1790324768.590 36327.9 2.9
TL 1790324768.696 41789.0 1.8
TL 1790324769.091 337417.3 3.0
TL 1790324769.226 135012.2 3.2
TL 1790324769.237 10400.3 1.8
TL 1790324769.380 53484.3 2.6
TL 1790324769.444 17578.3 3.1
TL 1790324769.576 49876.0 3.6
TL 1790324769.647 20712.0 2.9
TL 1790324769.809 82386.7 3.5
TL 1790324769.961 134415.9 4.2
TL 1790324770.031 69551.4 3.6
TL 1790324770.146 84935.9 3.7
TL 1790324770.165 3362.7 3.2
TL 1790324770.336 73981.1 722.5
TL 1790324770.462 100347.0 2.1
TL 1790324770.462 193.8 0.8
TL 1790324770.669 107099.4 4.3
TL 1790324770.695 26101.2 2.6
TL 1790324770.851 81866.3 2.7
TL 1790324770.901 31174.0 2.5
TL 1790324771.159 189405.1 3.5
TL 1790324771.160 1322.4 1.3
TL 1790324771.264 4982.2 2.6
TL 1790324771.395 36184.0 4.2
TL 1790324771.555 95375.7 2.0
TL 1790324771.596 36454.8 1.5
TL 1790324771.666 6631.2 3.6
TL 1790324771.779 19141.8 3.4
TL 1790324771.917 57317.2 4.5
TL 1790324772.046 85943.2 4.0
TL 1790324772.096 36605.9 2.4
TL 1790324772.196 36365.6 4.9
TL 1790324772.334 74226.5 4.7
TL 1790324772.430 70045.6 4.5
TL 1790324772.501 40908.1 3.1
TL 1790324772.582 21129.9 2.9
TL 1790324772.666 4591.6 1.2
TL 1790324772.915 153534.0 30.6
TL 1790324772.915 141.8 0.8
TL 1790324773.030 14849.9 4.4
TL 1790324773.117 1854.9 1.9
TL 1790324773.230 14561.3 3.2
TL 1790324773.553 237424.1 2.9
TL 1790324773.603 49397.4 2.3
TL 1790324773.749 95690.8 6.3
TL 1790324773.764 10646.7 3.7
TL 1790324773.860 6470.6 35.9
TL 1790324773.998 44429.7 4.2
TL 1790324774.108 53667.2 2.6
TL 1790324774.159 5370.2 1.6
TL 1790324774.279 25301.1 2.8
TL 1790324774.452 98058.4 4.6
TL 1790324774.470 15299.9 3.3
TL 1790324774.566 11669.7 2.9
TL 1790324774.753 97777.3 2.7
TL 1790324774.771 14845.2 5.1
TL 1790324774.873 16968.2 4.1
TL 1790324774.965 8955.8 3.7
TL 1790324775.057 1021.0 1.2
TL 1790324775.157 589.3 2.5
TL 1790324775.267 10652.1 2.2
TL 1790324775.360 3585.2 2.2
TL 1790324775.508 51134.5 2.7
TL 1790324775.568 10601.8 2.2
TL 1790324775.672 14672.3 2.1
TL 1790324775.775 17204.0 2.4
TL 1790324775.867 8729.5 349.9
TL 1790324775.981 22917.1 3.1
TL 1790324776.082 24089.7 2.9
TL 1790324776.166 8142.4 1.8
TL 1790324776.283 24732.6 2.0
TL 1790324776.367 9224.1 2.3
TL 1790324776.459 478.0 2.1
TL 1790324776.560 218.8 2.3
TL 1790324776.662 2413.1 3.3
TL 1790324776.772 11876.6 2.3
TL 1790324776.895 34553.2 2.8
TL 1790324776.970 9878.6 2.8
TL 1790324777.173 112694.1 1.7
TL 1790324777.188 15247.9 1.9
TL 1790324777.309 35472.6 2.7
TL 1790324777.374 1086.9 1.7
TL 1790324777.495 21417.4 2.9
TL 1790324777.615 41562.1 3.4
TL 1790324777.704 30242.6 2.4
TL 1790324777.777 3922.8 2.6
TL 1790324777.930 56283.6 2.6
TL 1790324778.122 148407.8 3.0
TL 1790324778.260 137568.3 5.4
TL 1790324778.413 153619.9 4.2
TL 1790324778.456 42497.2 3.9
TL 1790324778.629 115860.4 3.1
TL 1790324778.630 437.7 1.0
TL 1790324778.760 30299.2 4.3
TL 1790324778.848 17664.6 2.3
TL 1790324778.961 30441.2 3.8
TL 1790324779.149 119151.5 3.9
TL 1790324779.168 18478.0 3.6
TL 1790324779.296 46687.3 4.6
TL 1790324779.373 23400.7 3.4
TL 1790324779.559 109260.2 3.0
TL 1790324779.932 372827.6 3.8
TL 1790324780.095 162980.2 3.7
TL 1790324780.146 51038.7 3.7
TL 1790324780.230 35055.9 4.0
TL 1790324780.345 49420.1 3.7
TL 1790324780.846 450524.0 3.3
TL 1790324780.851 4899.2 2.0
TL 1790324780.994 47763.7 1.4
TL 1790324781.090 42964.1 1.6
TL 1790324781.200 52628.4 4.5
TL 1790324781.259 9120.9 3.5
TL 1790324781.358 8257.9 2.6
TL 1790324781.452 1598.4 2.6
TL 1790324781.555 5112.3 2.1
TL 1790324781.662 11682.4 2.6
TL 1790324781.872 121784.6 2.1
TL 1790324781.873 1219.8 0.9
TL 1790324781.972 120.4 2.2
TL 1790324783.821 1749325.1 1.3
TL 1790324783.822 800.6 0.7
TL 1790324783.924 2474.2 3.3
TL 1790324784.030 8303.5 2.1
TL 1790324784.144 21746.4 1.9
TL 1790324784.228 5915.2 4.4
TL 1790324784.364 42261.2 2.9
TL 1790324784.423 509.2 3.4
TL 1790324784.544 21450.7 2.1
TL 1790324784.629 7125.7 2.6
TL 1790324784.724 1676.1 3.8
TL 1790324784.836 13954.1 1.9
TL 1790324784.923 1010.2 2.4
TL 1790324785.023 757.7 1.0
TL 1790324785.124 1738.3 4.1
TL 1790324785.236 13264.9 4.7
TL 1790324785.371 48220.9 3.0
TL 1790324785.459 36221.5 4.8
TL 1790324785.525 2200.6 2.5
TL 1790324785.646 23278.5 4.3
TL 1790324785.725 1653.6 2.3
TL 1790324785.843 19350.3 1.9
TL 1790324785.925 1970.8 4.3
TL 1790324786.029 5257.1 4.5
TL 1790324786.124 1015.4 1.9
TL 1790324786.234 10107.4 2.2
TL 1790324786.334 10498.7 3.6
TL 1790324786.432 8581.8 3.2
TL 1790324786.535 11361.1 3.7
TL 1790324786.628 4069.5 3.6
TL 1790324786.757 33149.2 2.7
TL 1790324786.846 22210.4 3.1
TL 1790324786.965 40651.1 5.1
TL 1790324787.060 36004.0 2.4
TL 1790324787.238 113212.8 1.9
TL 1790324787.271 33002.3 2.8
TL 1790324787.350 12259.6 3.3
TL 1790324787.449 10683.8 2.4
TL 1790324787.601 63154.4 1.7
TL 1790324787.674 35937.6 1.3
TL 1790324787.799 60686.5 2.6
TL 1790324787.928 90065.9 4.0
TL 1790324788.062 123613.1 4.1
TL 1790324788.112 49647.8 4.4
TL 1790324788.310 148237.0 5.1
TL 1790324788.453 141759.4 2.6
TL 1790324788.560 107436.0 4.6
TL 1790324788.561 1052.3 1.3
TL 1790324788.683 22498.3 3.4
TL 1790324788.899 139007.0 2.3
TL 1790324788.899 117.2 0.7
TL 1790324789.075 62406.9 2.4
TL 1790324789.178 65665.2 1.8
TL 1790324789.229 15914.8 2.9
TL 1790324789.327 14288.7 1.3
TL 1790324789.470 57062.6 2.6
TL 1790324789.537 24517.3 2.8
TL 1790324789.624 10852.6 2.7
TL 1790324789.754 41113.1 2.4
TL 1790324789.920 107522.9 8.3
TL 1790324789.921 726.1 1.8
TL 1790324790.578 557039.7 1.3
TL 1790324790.621 43852.6 0.8
TL 1790324790.680 1897.2 2.3
TL 1790324790.781 3574.1 2.9
TL 1790324790.880 1866.6 2.4
TL 1790324791.000 22186.9 3.3
TL 1790324791.079 575.1 2.7
TL 1790324791.261 82473.5 45.8
TL 1790324791.344 65531.6 3.3
TL 1790324791.433 54888.2 2.2
TL 1790324791.489 11068.0 4.0
TL 1790324791.582 3378.4 2.4
TL 1790324791.679 197.7 3.8
TL 1790324791.779 129.4 3.7
TL 1790324791.882 3093.0 3.1
TL 1790324792.079 99711.5 2.0
TL 1790324792.081 1537.2 1.6
TL 1790324792.235 56089.9 3.3
TL 1790324792.279 171.8 3.1
TL 1790324792.379 110.2 5.0
TL 1790324792.481 1132.8 4.3
TL 1790324793.077 497153.8 3.4
TL 1790324793.080 2904.3 2.1
TL 1790324793.181 4451.3 3.0
TL 1790324793.277 558.1 2.3
TL 1790324793.402 24911.6 2.6
TL 1790324793.488 10739.7 4.7
TL 1790324793.587 9827.9 1.8
TL 1790324793.680 2757.8 2.6
TL 1790324793.812 34968.2 3.3
TL 1790324793.924 46963.7 2.6
TL 1790324794.000 23071.4 3.2
TL 1790324794.382 304891.8 2.8
TL 1790324794.384 1832.8 1.6
TL 1790324794.531 49144.1 3.1
TL 1790324794.602 19635.8 4.3
TL 1790324794.686 4002.2 4.5
TL 1790324794.798 15378.1 4.8
TL 1790324794.910 27065.1 5.1
TL 1790324795.053 70400.7 2.3
TL 1790324795.157 74441.6 2.7
TL 1790324795.184 1216.9 23.2
TL 1790324795.312 28756.5 4.6
TL 1790324795.411 27716.7 2.7
TL 1790324795.493 10187.8 2.7
TL 1790324795.583 135.1 0.7
TL 1790324796.033 349409.5 2.7
TL 1790324796.327 293910.5 2.0
TL 1790324797.009 682459.2 2.3
TL 1790324797.020 11005.6 1.1
TL 1790324797.110 1263.4 2.2
TL 1790324797.234 25224.1 3.2
TL 1790324797.831 522171.9 2.0
TL 1790324797.832 227.5 0.8
TL 1790324798.216 284948.6 4.8
TL 1790324798.244 27784.9 3.3
TL 1790324798.330 13906.7 1.0
TL 1790324798.419 2265.5 1.6
TL 1790324798.522 4991.1 2.3
TL 1790324798.630 12974.5 4.7
TL 1790324798.718 159.1 2.3
TL 1790324798.861 43647.3 1.9
TL 1790324798.929 11539.6 2.0
TL 1790324799.025 6512.9 4.1
TL 1790324799.177 59123.0 3.4
TL 1790324800.746 1527573.0 1.1
TL 1790324801.063 317240.2 2.7
TL 1790324801.354 290736.6 2.8
TL 1790324801.354 320.9 0.7
TL 1790324801.609 155536.0 2.4
TL 1790324801.628 18159.0 2.7
TL 1790324801.720 9705.4 2.8
TL 1790324801.879 69105.4 2.6
TL 1790324802.366 455858.5 2.2
TL 1790324802.367 1341.7 0.8
TL 1790324802.563 96474.8 4.0
TL 1790324802.570 4068.5 1.3
TL 1790324802.692 25770.3 1.3
TL 1790324802.768 220.9 2.1
TL 1790324802.872 4475.7 2.2
TL 1790324802.969 1531.9 2.8
TL 1790324803.071 2692.7 2.9
TL 1790324803.181 13097.8 2.9
TL 1790324803.277 8739.3 2.9
TL 1790324803.394 26291.2 2.1
TL 1790324803.550 81349.5 2.8
TL 1790324803.584 15973.8 2.9
TL 1790324803.674 5829.1 3.5
TL 1790324803.770 1505.0 1.2
TL 1790324803.884 15444.3 2.6
TL 1790324804.026 57531.0 3.5
TL 1790324804.079 10957.9 4.6
TL 1790324804.270 101196.2 3.1
TL 1790324804.271 940.8 1.5
TL 1790324804.487 117145.7 2.6
TL 1790324804.505 18194.8 2.1
TL 1790324804.658 70461.0 4.0
TL 1790324804.692 4436.5 3.6
TL 1790324804.790 3006.6 2.4
TL 1790324804.889 1837.4 2.5
TL 1790324804.992 4786.6 3.2
TL 1790324805.090 2427.1 2.1
TL 1790324805.188 228.7 2.2
TL 1790324805.293 5004.4 2.3
TL 1790324805.389 842.3 2.3
TL 1790324805.507 19334.1 2.5
TL 1790324805.589 1218.0 5.3
TL 1790324805.688 148.3 3.4
TL 1790324805.790 2216.7 2.2
TL 1790324805.889 463.5 2.0
TL 1790324805.989 103.2 2.4
TL 1790324806.089 121.3 2.4
TL 1790324806.189 497.3 1.8
TL 1790324806.289 182.7 2.9
TL 1790324806.389 299.7 2.8
TL 1790324806.489 206.7 1.9
TL 1790324806.589 361.5 3.1
TL 1790324806.690 806.6 2.9
TL 1790324806.790 476.0 4.2
TL 1790324806.890 174.8 1.2
TL 1790324806.990 156.1 2.1
TL 1790324807.090 332.2 4.1
TL 1790324807.190 710.7 1.9
TL 1790324807.290 322.4 3.5
TL 1790324807.390 380.7 3.1
TL 1790324807.491 815.9 2.8
TL 1790324807.591 418.9 3.9
TL 1790324807.691 398.3 3.6
TL 1790324807.791 528.3 3.6
TL 1790324807.891 292.1 1.9
TL 1790324807.994 2989.2 2.2
TL 1790324808.091 301.3 1.8
TL 1790324808.191 208.0 1.9
TL 1790324808.291 364.2 1.9
TL 1790324808.391 172.6 1.7
TL 1790324808.491 194.1 3.0
TL 1790324808.592 691.1 4.3
TL 1790324808.691 246.7 2.1
TL 1790324808.791 320.8 1.9
TL 1790324808.891 117.4 2.1
TL 1790324808.992 1015.2 2.6
TL 1790324809.092 1141.0 3.2
TL 1790324809.192 369.0 3.3
TL 1790324809.292 391.2 2.7
TL 1790324809.392 191.6 2.4
TL 1790324809.492 201.9 2.0
TL 1790324809.596 4852.9 4.0
TL 1790324809.692 525.3 5.1
TL 1790324809.792 387.4 3.1
TL 1790324809.893 644.8 2.0
TL 1790324809.992 215.2 1.8
TL 1790324810.094 1518.4 4.3
TL 1790324810.193 357.4 3.6
TL 1790324810.293 293.0 4.0
TL 1790324810.393 213.3 2.8
TL 1790324810.493 556.8 1.9
TL 1790324810.593 299.2 2.9
TL 1790324810.693 345.1 3.7
TL 1790324810.794 1086.6 3.1
TL 1790324810.893 131.7 1.9
TL 1790324810.993 259.3 2.0
TL 1790324811.093 366.3 3.0
TL 1790324811.193 169.9 2.1
TL 1790324811.294 342.9 4.1
TL 1790324811.438 45035.1 2.9
TL 1790324811.495 1258.9 2.8
TL 1790324811.594 225.2 2.1
TL 1790324811.694 190.3 2.4
TL 1790324811.794 229.7 3.1
TL 1790324811.894 320.4 1.9
TL 1790324811.994 194.2 2.2
TL 1790324812.094 281.6 3.2
TL 1790324812.194 279.3 2.7
TL 1790324812.297 2523.7 2.7
TL 1790324812.394 205.3 2.1
TL 1790324812.495 344.6 2.9
TL 1790324812.595 1253.4 3.0
TL 1790324812.698 3658.8 2.4
TL 1790324812.795 540.2 4.1
TL 1790324812.895 141.5 2.6
TL 1790324813.002 7178.1 2.6
TL 1790324813.096 1193.4 4.6
TL 1790324813.195 226.4 4.2
TL 1790324813.307 11853.9 3.0
TL 1790324813.397 2640.9 4.1
TL 1790324813.512 17585.4 3.1
TL 1790324813.596 1435.9 4.8
TL 1790324813.701 5537.2 4.1
TL 1790324813.806 10921.9 2.8
TL 1790324813.972 77305.1 2.4
TL 1790324813.997 1899.9 2.5
TL 1790324814.136 40873.1 4.3
TL 1790324814.196 381.2 2.3
TL 1790324814.296 1038.6 2.9
TL 1790324814.414 18371.7 2.6
TL 1790324814.521 25517.4 4.5
TL 1790324814.596 196.3 2.8
TL 1790324814.699 2743.3 2.7
TL 1790324814.796 147.9 3.8
TL 1790324814.897 425.6 3.7
TL 1790324815.009 12822.5 1.7
TL 1790324815.107 11176.6 2.7
TL 1790324815.196 89.6 1.9
TL 1790324815.301 4873.4 2.8
TL 1790324815.405 8648.7 3.5
TL 1790324815.507 9955.3 3.4
TL 1790324815.598 843.7 3.2
TL 1790324815.707 10418.8 4.7
TL 1790324815.891 94125.2 3.7
TL 1790324815.902 4446.7 2.3
TL 1790324816.251 253547.1 3.8
TL 1790324816.251 150.0 1.2
TL 1790324816.352 341.0 2.6
TL 1790324816.455 3794.2 2.0
TL 1790324816.574 23083.1 3.7
TL 1790324816.723 71119.2 2.6
TL 1790324816.903 151702.6 4.0
TL 1790324816.904 243.5 1.5
TL 1790324817.022 18157.4 119.3
TL 1790324817.137 33286.8 2.9
TL 1790324817.204 739.7 3.2
TL 1790324817.316 11935.6 3.6
TL 1790324817.404 388.1 2.8
TL 1790324817.527 23004.9 2.7
TL 1790324817.633 28959.5 2.2
TL 1790324817.917 213181.2 1.9
TL 1790324817.918 1317.7 0.8
TL 1790324818.034 16595.9 2.8
TL 1790324818.168 50174.3 2.0
TL 1790324818.797 579930.0 4.9
TL 1790324818.799 1356.1 1.0
TL 1790324818.957 59829.5 1.0
TL 1790324819.058 60053.6 3.1
TL 1790324819.122 23877.1 2.4
TL 1790324819.198 608.8 2.3
TL 1790324819.303 4794.2 3.4
TL 1790324819.398 184.7 3.9
TL 1790324819.514 16115.6 3.4
TL 1790324819.685 87234.1 3.2
TL 1790324819.708 10090.5 4.2
TL 1790324819.823 24761.3 3.1
TL 1790324819.899 144.2 3.0
TL 1790324820.000 1438.9 3.1
TL 1790324820.102 3656.8 3.1
TL 1790324820.200 789.2 3.2
TL 1790324820.299 336.0 2.7
TL 1790324820.400 569.0 3.6
TL 1790324820.499 203.7 2.2
TL 1790324820.600 1236.9 2.3
TL 1790324820.700 469.0 4.4
TL 1790324820.800 384.0 1.3
TL 1790324820.903 3178.5 2.0
TL 1790324821.000 337.4 2.6
TL 1790324821.101 1025.9 1.7
TL 1790324821.200 159.4 4.2
TL 1790324821.300 220.6 2.8
TL 1790324821.401 1236.3 1.5
TL 1790324821.501 889.3 4.3
TL 1790324821.600 187.1 2.8
TL 1790324821.703 2557.2 4.0
TL 1790324821.800 106.8 1.4
TL 1790324821.904 4027.3 5.2
TL 1790324822.001 222.6 2.6
TL 1790324822.101 182.7 4.6
TL 1790324822.202 1767.2 3.6
TL 1790324822.301 343.7 3.1
TL 1790324822.401 251.6 4.4
TL 1790324822.501 281.2 3.7
TL 1790324822.601 129.6 2.8
TL 1790324822.703 1212.1 2.5
TL 1790324822.806 4796.1 3.0
TL 1790324822.902 151.5 4.1
TL 1790324823.010 8244.0 3.4
TL 1790324823.102 160.8 4.0
TL 1790324823.202 123.6 3.2
TL 1790324823.302 585.2 3.1
TL 1790324823.402 189.9 4.4
TL 1790324823.503 1203.2 3.7
TL 1790324823.602 451.7 3.3
TL 1790324823.705 2648.0 5.1
TL 1790324823.802 177.3 2.0
TL 1790324823.902 205.1 4.2
TL 1790324824.006 3548.1 4.6
TL 1790324824.103 118.4 3.2
TL 1790324824.205 2090.4 1.0
TL 1790324824.303 157.4 2.8
TL 1790324824.403 140.6 3.2
TL 1790324824.503 305.8 3.0
TL 1790324824.603 204.3 2.4
TL 1790324824.703 163.1 3.8
TL 1790324824.803 255.4 2.9
TL 1790324824.904 1026.1 4.4
TL 1790324825.005 1986.5 3.1
TL 1790324825.104 351.1 4.4
TL 1790324825.209 6001.6 1.3
TL 1790324825.303 114.0 1.9
TL 1790324825.404 1040.4 2.2
TL 1790324825.504 356.1 1.5
TL 1790324825.605 1013.2 2.4
TL 1790324825.704 153.4 2.3
TL 1790324825.813 9298.8 2.1
TL 1790324825.970 65851.4 4.3
TL 1790324826.004 426.8 4.2
TL 1790324826.105 864.5 3.9
TL 1790324826.206 2012.6 4.8
TL 1790324826.309 4543.6 2.9
TL 1790324826.404 231.0 3.9
TL 1790324826.510 5401.3 3.4
TL 1790324826.605 549.1 2.5
TL 1790324826.705 912.2 2.7
TL 1790324826.805 367.3 3.0
TL 1790324826.906 1141.3 2.4
TL 1790324827.005 666.8 2.0
TL 1790324827.105 599.6 2.3
TL 1790324827.213 8577.2 2.5
TL 1790324827.306 1516.7 1.9
TL 1790324827.405 268.4 3.5
TL 1790324827.505 126.7 1.9
TL 1790324827.606 1025.2 2.8
TL 1790324827.706 1407.6 1.9
TL 1790324827.806 525.0 2.3
TL 1790324827.905 312.2 2.2
TL 1790324828.007 2039.1 1.6
TL 1790324828.107 1945.7 5.7
TL 1790324828.205 131.4 1.6
TL 1790324828.308 2360.2 0.9
TL 1790324828.408 2288.7 2.2
TL 1790324828.506 176.5 2.2
TL 1790324828.606 332.4 4.4
TL 1790324828.752 46013.9 4.5
TL 1790324828.806 222.3 2.5
TL 1790324828.909 3020.0 4.1
TL 1790324829.006 178.0 2.6
TL 1790324829.109 3319.4 2.3
TL 1790324829.212 6000.1 5.5
TL 1790324829.430 123559.6 2.2
TL 1790324829.431 762.8 1.1
TL 1790324829.588 58381.2 3.5
TL 1790324829.663 33302.2 3.9
TL 1790324829.747 16416.3 4.6
TL 1790324829.840 9762.2 4.6
TL 1790324830.030 99527.4 4.6
TL 1790324830.032 1022.9 2.2
TL 1790324830.140 9441.7 180.6
TL 1790324830.243 12081.8 4.5
TL 1790324830.391 59491.3 4.8
TL 1790324830.441 9746.2 1.8
TL 1790324830.564 32538.5 3.1
TL 1790324830.662 30455.1 4.1
TL 1790324831.102 370777.3 3.1
TL 1790324831.110 7509.4 2.5
TL 1790324831.223 21163.4 3.6
TL 1790324831.316 13806.1 4.0
TL 1790324831.406 3186.4 1.8
TL 1790324831.641 138398.9 4.0
TL 1790324831.653 11929.9 1.7
TL 1790324831.766 24850.5 3.0
TL 1790324831.854 12871.8 2.1
TL 1790324831.945 3993.4 2.1
TL 1790324832.042 262.8 4.6
TL 1790324832.142 499.9 2.2
TL 1790324832.242 454.7 1.7
TL 1790324832.348 6673.5 4.0
TL 1790324832.442 121.0 1.8
TL 1790324832.542 174.0 2.7
TL 1790324832.642 472.2 2.9
TL 1790324832.742 301.7 2.9
TL 1790324832.843 703.7 2.7
TL 1790324832.945 2786.1 2.4
TL 1790324833.042 256.0 2.0
TL 1790324833.144 1635.1 1.6
TL 1790324833.243 376.1 2.6
TL 1790324833.343 318.6 3.5
TL 1790324833.443 875.5 3.9
TL 1790324833.547 4093.9 2.1
TL 1790324833.643 529.9 2.3
TL 1790324833.773 30199.5 2.8
TL 1790324833.843 126.9 2.7
TL 1790324833.943 319.3 3.5
TL 1790324834.043 253.0 2.8
TL 1790324834.143 205.8 1.8
TL 1790324834.243 174.6 3.2
TL 1790324834.343 158.2 2.1
TL 1790324834.444 338.4 3.7
TL 1790324834.544 454.8 3.0
TL 1790324834.644 484.7 3.1
TL 1790324834.744 604.3 4.0
TL 1790324834.844 549.4 2.9
TL 1790324834.947 3664.4 3.6
TL 1790324835.044 438.9 3.3
TL 1790324835.144 334.9 1.9
TL 1790324835.247 2230.8 2.9
TL 1790324835.345 168.3 1.8
TL 1790324835.450 5699.4 2.4
TL 1790324835.559 14562.3 3.5
TL 1790324835.645 261.8 2.2
TL 1790324835.750 5643.7 4.9
TL 1790324835.846 1308.6 2.8
TL 1790324835.950 4985.1 3.8
TL 1790324836.045 544.0 2.7
TL 1790324836.150 4699.1 3.2
TL 1790324836.249 3472.0 1.9
TL 1790324836.363 18233.4 1.5
TL 1790324836.445 174.4 2.9
TL 1790324836.546 597.4 2.9
TL 1790324836.646 537.1 3.3
TL 1790324836.746 549.9 4.5
TL 1790324836.846 384.0 2.4
TL 1790324836.947 1108.4 2.6
TL 1790324837.047 1630.8 3.2
TL 1790324837.146 569.6 2.9
TL 1790324837.253 7366.5 3.1
TL 1790324837.347 872.2 1.9
TL 1790324837.446 187.1 4.4
TL 1790324837.546 194.3 4.2
TL 1790324837.647 324.5 4.4
TL 1790324837.747 201.6 4.1
TL 1790324837.847 402.7 4.0
TL 1790324837.947 190.2 1.7
TL 1790324838.053 6309.6 4.9
TL 1790324838.148 1217.9 2.1
TL 1790324838.247 252.2 3.9
TL 1790324838.348 290.5 3.2
TL 1790324838.448 235.5 2.6
TL 1790324838.548 151.4 3.9
TL 1790324838.652 3771.4 3.5
TL 1790324838.749 771.8 2.8
TL 1790324838.849 246.3 2.7
TL 1790324838.949 258.6 3.6
TL 1790324839.049 139.8 2.4
TL 1790324839.149 121.1 1.9
TL 1790324839.249 132.1 2.1
TL 1790324839.350 1419.2 3.1
TL 1790324839.450 1038.4 2.7
TL 1790324839.549 94.1 3.1
TL 1790324839.649 484.2 2.4
TL 1790324839.751 1842.0 2.9
TL 1790324839.859 8883.4 2.1
TL 1790324839.971 20188.2 3.6
TL 1790324840.054 3559.1 3.7
TL 1790324840.157 6776.1 2.6
TL 1790324840.254 3039.3 3.6
TL 1790324840.434 82894.9 2.0
TL 1790324840.482 30797.1 3.4
TL 1790324840.554 3622.8 3.9
TL 1790324840.658 7090.9 3.0
TL 1790324840.752 808.9 3.0
TL 1790324840.856 4576.6 4.4
TL 1790324840.962 10567.7 1.8
TL 1790324841.052 352.2 4.1
TL 1790324841.152 181.9 4.1
TL 1790324841.272 20295.7 2.9
TL 1790324841.352 252.9 2.7
TL 1790324841.452 154.8 2.9
TL 1790324841.552 534.3 2.4
TL 1790324841.652 206.0 2.1
TL 1790324841.754 2428.3 2.9
TL 1790324841.852 141.9 2.0
TL 1790324841.956 4278.2 3.4
TL 1790324842.053 605.0 2.9
TL 1790324842.153 326.1 1.6
TL 1790324842.253 361.0 3.4
TL 1790324842.353 361.7 3.1
TL 1790324842.457 3462.1 3.7
TL 1790324842.554 459.2 2.9
TL 1790324842.654 308.2 2.3
TL 1790324842.754 262.4 2.6
TL 1790324842.854 282.4 3.0
TL 1790324842.956 1938.1 1.9
TL 1790324843.054 484.1 4.6
TL 1790324843.154 305.9 3.2
TL 1790324843.254 482.4 4.7
TL 1790324843.354 480.9 2.4
TL 1790324843.454 387.2 4.2
TL 1790324843.555 405.5 3.1
TL 1790324843.655 305.1 3.9
TL 1790324843.755 310.2 3.1
TL 1790324843.855 232.2 2.8
TL 1790324843.955 205.2 2.9
TL 1790324844.055 365.7 4.7
TL 1790324844.155 405.7 2.2
TL 1790324844.255 348.7 3.0
TL 1790324844.356 452.3 2.7
TL 1790324844.456 518.3 3.4
TL 1790324844.556 458.6 5.0
TL 1790324844.655 210.4 2.3
TL 1790324844.756 771.9 4.0
TL 1790324844.856 205.7 2.3
TL 1790324844.956 207.3 2.0
TL 1790324845.056 353.2 2.3
TL 1790324845.157 882.7 3.1
TL 1790324845.258 1704.1 3.8
TL 1790324845.359 2587.7 3.1
TL 1790324845.457 527.0 2.8
TL 1790324845.558 1280.8 4.2
TL 1790324845.657 198.2 2.0
TL 1790324845.757 267.6 2.8
TL 1790324845.861 4086.7 2.8
TL 1790324845.957 424.6 3.2
TL 1790324846.057 154.8 3.1
TL 1790324846.157 319.8 3.8
TL 1790324846.258 474.0 4.3
TL 1790324846.358 622.0 4.8
TL 1790324846.458 585.5 4.6
TL 1790324846.558 360.7 3.3
TL 1790324846.659 1218.2 3.6
TL 1790324846.759 673.8 2.7
TL 1790324846.859 305.2 3.0
TL 1790324846.959 242.1 2.4
TL 1790324847.059 351.2 4.1
TL 1790324847.159 393.1 2.9
TL 1790324847.259 326.2 3.1
TL 1790324847.359 399.4 4.9
TL 1790324847.464 5466.9 2.3
TL 1790324847.559 250.1 2.6
TL 1790324847.659 335.1 2.6
TL 1790324847.760 336.7 2.5
TL 1790324847.860 338.7 2.5
TL 1790324847.961 526.2 3.6
TL 1790324848.061 538.1 5.7
TL 1790324848.161 325.2 2.6
TL 1790324848.261 506.9 4.4
TL 1790324848.361 265.4 3.0
TL 1790324848.461 180.5 2.1
TL 1790324848.561 223.2 2.4
TL 1790324848.661 151.0 2.2
TL 1790324848.761 261.6 2.4
TL 1790324848.862 407.1 2.8
TL 1790324848.962 318.1 2.6
TL 1790324849.062 832.7 4.9
TL 1790324849.163 1177.1 4.4
TL 1790324849.262 216.3 2.0
TL 1790324849.362 189.9 2.6
TL 1790324849.464 2791.3 3.2
TL 1790324849.562 148.1 3.0
TL 1790324849.663 1529.0 2.3
TL 1790324849.762 254.0 2.9
TL 1790324849.863 461.0 2.7
TL 1790324849.962 255.7 2.0
TL 1790324850.062 223.6 2.1
TL 1790324850.163 793.6 3.0
TL 1790324850.263 440.2 4.7
TL 1790324850.364 1655.4 2.1
TL 1790324850.463 300.5 5.4
TL 1790324850.563 514.7 2.4
TL 1790324850.663 182.2 1.1
TL 1790324850.763 179.4 2.0
TL 1790324850.863 241.1 1.8
TL 1790324850.963 221.0 2.1
TL 1790324851.063 161.5 2.3
TL 1790324851.164 393.1 2.3
TL 1790324851.266 2558.5 3.9
TL 1790324851.364 411.8 2.0
TL 1790324851.464 194.6 1.8
TL 1790324851.565 1140.9 5.4
TL 1790324851.664 390.8 2.3
TL 1790324851.764 477.2 2.3
TL 1790324851.864 360.0 2.4
TL 1790324851.964 474.5 3.3
TL 1790324852.064 220.7 2.0
TL 1790324852.164 207.1 2.2
TL 1790324852.264 285.0 3.2
TL 1790324852.364 222.1 1.7
TL 1790324852.466 1572.5 1.5
TL 1790324852.565 253.5 2.3
TL 1790324852.665 157.0 2.1
TL 1790324852.765 485.7 5.3
TL 1790324852.865 187.5 1.5
TL 1790324852.965 145.6 3.2
TL 1790324853.066 566.9 4.6
TL 1790324853.166 372.5 3.2
TL 1790324853.266 451.9 4.3
TL 1790324853.366 383.6 1.6
TL 1790324853.466 457.8 2.4
TL 1790324853.569 3508.4 2.5
TL 1790324853.666 170.5 1.0
TL 1790324853.767 645.5 3.6
TL 1790324853.866 472.2 1.3
TL 1790324853.966 345.8 3.7
TL 1790324854.067 889.6 2.3
TL 1790324854.167 390.2 2.1
TL 1790324854.267 1037.7 2.2
TL 1790324854.367 250.1 1.8
TL 1790324854.467 407.9 2.7
TL 1790324854.567 995.3 3.0
TL 1790324854.667 680.1 1.0
TL 1790324854.768 1359.6 4.0
TL 1790324854.867 425.5 3.0
TL 1790324854.967 282.6 3.7
TL 1790324855.067 207.9 3.3
TL 1790324855.169 1578.1 2.8
TL 1790324855.267 293.6 3.5
TL 1790324855.368 336.0 2.7
TL 1790324855.468 291.9 3.6
TL 1790324855.568 281.1 3.2
TL 1790324855.671 3873.7 1.7
TL 1790324855.779 11687.0 1.1
TL 1790324855.868 148.1 3.0
TL 1790324855.968 258.5 3.3
TL 1790324856.070 1850.4 3.9
TL 1790324856.168 121.8 1.9
TL 1790324856.268 140.7 3.1
TL 1790324856.368 186.1 4.1
TL 1790324856.471 2766.8 4.4
TL 1790324856.568 173.4 3.2
TL 1790324856.671 2989.1 3.4
TL 1790324856.768 121.6 3.1
TL 1790324856.869 747.6 3.2
TL 1790324856.970 825.8 4.5
TL 1790324857.069 121.7 3.6
TL 1790324857.171 1909.4 2.6
TL 1790324857.298 28907.1 2.9
TL 1790324857.369 126.8 3.1
TL 1790324857.472 3013.1 3.9
TL 1790324857.569 163.9 2.4
TL 1790324857.670 245.3 3.1
TL 1790324857.770 283.5 5.0
TL 1790324857.870 304.1 3.4
TL 1790324857.970 135.5 3.7
TL 1790324858.071 470.6 4.2
TL 1790324858.171 392.3 2.8
TL 1790324858.271 366.9 3.7
TL 1790324858.372 674.0 3.4
TL 1790324858.471 370.0 3.5
TL 1790324858.571 258.7 2.6
TL 1790324858.671 194.4 1.6
TL 1790324858.772 717.8 1.6
TL 1790324858.872 417.4 1.9
TL 1790324858.972 334.0 4.3
TL 1790324859.077 5665.4 4.0
TL 1790324859.172 485.0 3.6
TL 1790324859.272 499.7 2.8
TL 1790324859.372 374.7 2.9
TL 1790324859.472 331.0 2.9
TL 1790324859.573 372.3 2.4
TL 1790324859.673 523.5 2.9
TL 1790324859.773 297.8 3.0
TL 1790324859.873 372.4 2.6
TL 1790324859.974 816.0 3.1
TL 1790324860.073 217.3 2.4
TL 1790324860.177 3940.2 3.0
TL 1790324860.274 518.6 3.9
TL 1790324860.374 1024.4 3.1
TL 1790324860.475 946.5 3.7
TL 1790324860.574 221.4 2.6
TL 1790324860.675 485.1 2.6
TL 1790324860.775 446.8 3.4
TL 1790324860.875 451.8 2.3
TL 1790324860.975 295.9 3.7
TL 1790324861.082 6778.9 2.8
TL 1790324861.176 628.0 2.8
TL 1790324861.277 750.6 3.9
TL 1790324861.380 3846.7 2.6
TL 1790324861.479 3201.3 3.4
TL 1790324861.576 278.8 2.7
TL 1790324861.677 523.4 3.1
TL 1790324861.777 804.1 3.2
TL 1790324861.878 980.6 2.8
TL 1790324861.978 903.5 3.2
TL 1790324862.077 165.5 2.2
TL 1790324862.178 968.7 2.3
TL 1790324862.277 190.0 2.0
TL 1790324862.377 229.1 2.4
TL 1790324862.480 2736.1 37.7
TL 1790324862.578 371.6 2.4
TL 1790324862.678 282.7 3.9
TL 1790324862.778 215.1 2.3
TL 1790324862.878 465.5 3.2
TL 1790324862.980 1808.3 2.7
TL 1790324863.079 509.5 3.6
TL 1790324863.180 1272.7 452.3
TL 1790324863.278 189.2 2.2
TL 1790324863.379 521.2 1.9
TL 1790324863.489 10314.6 4.3
TL 1790324863.584 4957.3 4.1
TL 1790324863.683 4090.3 2.4
TL 1790324863.779 192.1 2.9
TL 1790324863.879 251.9 2.2
TL 1790324863.984 4886.7 3.0
TL 1790324864.080 531.0 3.8
TL 1790324864.180 639.3 2.3
TL 1790324864.280 239.2 2.4
TL 1790324864.381 1029.3 2.2
TL 1790324864.481 1153.6 2.9
TL 1790324864.581 410.5 3.2
TL 1790324864.681 558.5 2.5
TL 1790324864.782 657.0 2.8
TL 1790324864.882 376.5 2.6
TL 1790324864.982 313.2 2.2
TL 1790324865.082 243.9 2.7
TL 1790324865.182 320.2 3.0
TL 1790324865.282 336.0 3.0
TL 1790324865.382 230.3 1.8
TL 1790324865.483 653.7 3.2
TL 1790324865.583 303.2 4.7
TL 1790324865.683 212.2 2.1
TL 1790324865.783 244.7 2.0
TL 1790324865.883 354.7 2.7
TL 1790324865.984 1009.2 3.1
TL 1790324866.083 271.7 2.9
TL 1790324866.184 516.1 3.6
TL 1790324866.284 582.7 3.9
TL 1790324866.384 391.9 2.9
TL 1790324866.485 451.3 3.2
TL 1790324866.585 1033.4 4.0
TL 1790324866.685 545.3 4.3
TL 1790324866.785 345.0 3.4
TL 1790324866.885 316.4 2.4
TL 1790324866.985 225.4 2.7
TL 1790324867.087 1857.6 2.9
TL 1790324867.191 5682.1 1.0
TL 1790324867.286 274.6 2.9
TL 1790324867.387 786.2 2.9
TL 1790324867.486 661.6 3.6
TL 1790324867.587 1334.8 3.5
TL 1790324867.686 294.5 3.0
TL 1790324867.787 507.6 2.2
TL 1790324867.887 304.8 2.6
TL 1790324867.989 2501.0 2.6
TL 1790324868.087 219.9 3.0
TL 1790324868.187 481.5 2.0
TL 1790324868.287 492.1 3.2
TL 1790324868.387 510.6 2.0
TL 1790324868.487 214.2 2.1
TL 1790324868.587 350.5 3.6
TL 1790324868.687 330.5 2.4
TL 1790324868.787 203.5 1.9
TL 1790324868.888 193.9 2.1
TL 1790324868.988 360.4 3.0
TL 1790324869.088 789.4 2.9
TL 1790324869.190 2675.2 3.5
TL 1790324869.288 313.4 2.0
TL 1790324869.388 451.7 3.6
TL 1790324869.489 1093.4 2.7
TL 1790324869.588 293.9 2.9
TL 1790324869.688 354.5 3.4
TL 1790324869.788 186.9 1.1
TL 1790324869.889 460.9 4.4
TL 1790324869.989 414.4 2.4
TL 1790324870.089 354.0 2.9
TL 1790324870.189 335.5 2.4
TL 1790324870.289 319.7 2.8
TL 1790324870.389 275.8 2.2
TL 1790324870.489 499.7 5.0
TL 1790324870.590 506.7 4.0
TL 1790324870.689 278.3 2.0
TL 1790324870.789 135.1 1.6
TL 1790324870.890 196.7 2.1
TL 1790324870.990 913.4 2.3
TL 1790324871.090 244.0 2.9
TL 1790324871.190 201.4 2.2
TL 1790324871.290 683.2 3.3
TL 1790324871.405 15371.8 1.4
TL 1790324871.491 270.7 3.8
TL 1790324871.591 500.2 2.8
TL 1790324871.691 253.7 3.2
TL 1790324871.791 216.3 1.3
TL 1790324871.891 303.4 2.7
TL 1790324871.992 767.9 2.9
TL 1790324872.092 516.3 3.4
TL 1790324872.191 367.0 2.8
TL 1790324872.291 253.0 2.3
TL 1790324872.391 263.9 2.1
TL 1790324872.493 1696.5 3.2
TL 1790324872.592 253.0 2.4
TL 1790324872.692 574.5 2.1
TL 1790324872.792 199.7 1.9
TL 1790324872.892 445.5 2.6
TL 1790324872.993 1580.7 3.9
TL 1790324873.092 575.5 3.9
TL 1790324873.192 298.5 2.6
TL 1790324873.293 498.1 3.7
TL 1790324873.393 439.6 2.6
TL 1790324873.494 1980.1 3.2
TL 1790324873.593 230.2 3.2
TL 1790324873.693 561.9 2.8
TL 1790324873.793 233.7 1.7
TL 1790324873.893 166.8 2.1
TL 1790324873.995 2102.7 2.7
TL 1790324874.093 416.7 3.1
TL 1790324874.193 147.5 2.1
TL 1790324874.293 201.0 2.2
TL 1790324874.393 293.9 2.6
TL 1790324874.510 16408.7 1.6
TL 1790324874.594 412.6 2.3
TL 1790324874.694 381.2 2.2
TL 1790324874.794 264.0 1.5
TL 1790324874.894 282.3 2.0
TL 1790324874.996 2748.2 3.4
TL 1790324875.094 280.6 3.1
TL 1790324875.194 159.0 2.6
TL 1790324875.294 320.9 3.5
TL 1790324875.395 551.7 2.8
TL 1790324875.495 1220.6 2.4
TL 1790324875.595 237.4 1.9
TL 1790324875.695 287.7 2.5
TL 1790324875.796 526.9 1.2
TL 1790324875.897 567.5 4.4
TL 1790324875.999 3105.4 2.8
TL 1790324876.097 550.2 3.4
TL 1790324876.197 489.2 2.4
TL 1790324876.297 580.7 3.1
TL 1790324876.397 479.5 3.2
TL 1790324876.497 797.2 2.9
TL 1790324876.597 393.7 3.6
TL 1790324876.697 457.7 2.2
TL 1790324876.798 632.2 1.3
TL 1790324876.898 571.0 2.6
TL 1790324876.998 631.6 2.3
TL 1790324877.098 376.8 3.3
TL 1790324877.198 433.1 2.6
TL 1790324877.298 402.7 2.3
TL 1790324877.398 405.2 3.2
TL 1790324877.498 260.2 2.3
TL 1790324877.598 304.5 2.6
TL 1790324877.699 625.3 3.0
TL 1790324877.799 832.1 1.4
TL 1790324877.899 384.9 2.2
TL 1790324877.999 356.5 2.7
TL 1790324878.099 469.4 3.1
TL 1790324878.202 967.2 2.3
TL 1790324878.301 266.7 2.4
TL 1790324878.402 377.1 3.2
TL 1790324878.502 330.8 3.1
TL 1790324878.602 669.4 2.7
TL 1790324878.702 306.8 2.8
TL 1790324878.803 864.6 2.9
TL 1790324878.902 264.0 3.1
TL 1790324879.003 1262.8 2.9
TL 1790324879.102 377.9 3.2
TL 1790324879.203 356.4 2.2
TL 1790324879.303 339.9 3.0
TL 1790324879.403 407.5 2.8
TL 1790324879.504 994.2 3.0
TL 1790324879.603 522.1 3.1
TL 1790324879.705 1719.4 2.8
TL 1790324879.804 272.7 2.6
TL 1790324879.905 1745.0 2.5
TL 1790324880.004 517.0 2.3
TL 1790324880.105 510.1 3.6
TL 1790324880.205 529.4 3.3
TL 1790324880.306 1086.4 3.3
TL 1790324880.405 315.4 2.0
TL 1790324880.508 2218.5 1.9
TL 1790324880.607 794.6 4.0
TL 1790324880.708 895.4 3.2
TL 1790324880.810 2315.5 2.1
TL 1790324880.908 253.7 3.1
TL 1790324881.008 202.9 2.7
TL 1790324881.108 454.7 4.3
TL 1790324881.208 640.8 2.4
TL 1790324881.308 421.8 4.5
TL 1790324881.409 786.7 2.0
TL 1790324881.508 475.8 2.4
TL 1790324881.609 537.2 2.3
TL 1790324881.709 363.6 2.7
TL 1790324881.809 454.0 3.3
TL 1790324881.909 833.9 3.4
TL 1790324882.009 482.7 3.7
TL 1790324882.109 478.7 5.3
TL 1790324882.210 791.5 2.8
TL 1790324882.309 208.2 1.9
TL 1790324882.409 255.9 2.3
TL 1790324882.509 133.5 2.1
TL 1790324882.610 494.6 4.4
TL 1790324882.710 826.9 2.6
TL 1790324882.810 189.5 1.8
TL 1790324882.910 419.9 2.9
TL 1790324883.010 817.8 2.8
TL 1790324883.111 870.6 4.8
TL 1790324883.210 328.5 2.7
TL 1790324883.310 468.9 2.8
TL 1790324883.410 263.0 1.8
TL 1790324883.510 330.5 2.9
TL 1790324883.610 239.3 2.5
TL 1790324883.711 261.5 3.3
TL 1790324883.811 292.1 2.8
TL 1790324883.911 409.2 2.6
TL 1790324884.011 272.6 2.2
TL 1790324884.111 645.9 4.8
TL 1790324884.211 253.1 3.3
TL 1790324884.311 318.4 2.6
TL 1790324884.412 552.7 4.5
TL 1790324884.511 178.5 1.1
TL 1790324884.613 1290.6 3.2
TL 1790324884.712 246.2 2.9
TL 1790324884.812 293.3 2.8
TL 1790324884.912 280.2 2.1
TL 1790324885.012 596.1 10.6
TL 1790324885.113 470.9 4.7
TL 1790324885.213 671.9 4.1
TL 1790324885.313 418.8 4.4
TL 1790324885.413 624.9 2.2
TL 1790324885.513 329.9 2.5
TL 1790324885.613 583.1 3.5
TL 1790324885.713 142.9 1.4
TL 1790324885.814 1423.4 4.3
TL 1790324885.913 347.1 2.6
TL 1790324886.014 476.2 3.5
TL 1790324886.114 937.2 3.5
TL 1790324886.214 374.2 4.0
TL 1790324886.314 419.0 3.2
TL 1790324886.414 492.7 3.4
TL 1790324886.515 503.2 1.6
TL 1790324886.615 722.4 3.5
TL 1790324886.715 381.1 2.1
TL 1790324886.815 665.6 3.2
TL 1790324886.915 368.1 1.9
TL 1790324887.015 461.9 2.6
TL 1790324887.115 308.4 3.0
TL 1790324887.215 367.7 4.3
TL 1790324887.316 305.9 2.7
TL 1790324887.416 842.4 2.7
TL 1790324887.516 827.3 3.5
TL 1790324887.617 1063.3 2.7
TL 1790324887.716 250.5 2.6
TL 1790324887.816 228.3 2.1
TL 1790324887.918 1033.6 2.8
TL 1790324888.017 344.7 1.7
TL 1790324888.117 512.2 3.8
TL 1790324888.218 777.9 2.9
TL 1790324888.318 662.3 2.6
TL 1790324888.417 320.6 2.5
TL 1790324888.517 218.7 1.4
TL 1790324888.621 2667.7 11.0
TL 1790324888.719 220.7 1.9
TL 1790324888.819 250.1 3.8
TL 1790324888.919 883.9 2.1
TL 1790324889.019 391.9 3.0
TL 1790324889.119 283.7 3.5
TL 1790324889.220 640.6 3.7
TL 1790324889.319 201.2 3.1
TL 1790324889.420 979.2 3.5
TL 1790324889.520 259.4 2.6
TL 1790324889.620 307.3 4.0
TL 1790324889.720 164.4 1.9
TL 1790324889.820 764.0 3.4
TL 1790324889.920 442.0 2.9
TL 1790324890.020 250.4 2.9
TL 1790324890.120 295.8 3.0
TL 1790324890.220 442.8 3.1
TL 1790324890.321 348.4 2.8
TL 1790324890.421 647.7 2.7
TL 1790324890.521 418.9 2.9
TL 1790324890.622 1034.9 4.6
TL 1790324890.721 415.4 2.8
TL 1790324890.822 395.8 3.1
TL 1790324890.923 797.4 2.1
TL 1790324891.023 509.2 2.5
TL 1790324891.123 367.3 2.3
TL 1790324891.223 324.2 3.5
TL 1790324891.323 234.2 2.3
TL 1790324891.423 395.4 2.5
TL 1790324891.523 403.5 2.3
TL 1790324891.623 414.3 3.5
TL 1790324891.725 611.6 2.6
TL 1790324891.825 205.1 1.7
TL 1790324891.925 324.1 2.6
TL 1790324892.026 449.2 2.9
TL 1790324892.126 517.7 3.5
TL 1790324892.226 224.9 2.2
TL 1790324892.326 290.3 3.2
TL 1790324892.426 632.3 3.3
TL 1790324892.526 437.4 2.3
TL 1790324892.627 784.0 4.7
TL 1790324892.727 832.1 4.6
TL 1790324892.827 256.8 2.7
TL 1790324892.927 501.0 2.1
TL 1790324893.028 1174.5 3.1
TL 1790324893.127 261.5 2.7
TL 1790324893.228 377.3 3.6
TL 1790324893.328 438.7 2.8
TL 1790324893.428 442.2 61.8
TL 1790324893.528 606.8 3.9
TL 1790324893.629 1612.6 2.2
TL 1790324893.730 2540.9 2.6
TL 1790324893.829 417.8 3.7
TL 1790324893.929 806.7 3.5
TL 1790324894.029 525.4 2.9
TL 1790324894.129 289.5 35.7
TL 1790324894.230 265.5 2.4
TL 1790324894.333 3447.4 2.7
TL 1790324894.430 195.3 2.4
TL 1790324894.530 376.9 2.9
TL 1790324894.633 1247.8 3.3
TL 1790324894.732 196.9 2.1
TL 1790324894.832 401.0 2.5
TL 1790324894.932 366.0 2.8
TL 1790324895.032 282.3 2.7
TL 1790324895.133 1056.0 4.7
TL 1790324895.233 347.8 1.7
TL 1790324895.334 999.7 4.0
TL 1790324895.434 464.8 2.7
TL 1790324895.534 537.6 3.7
TL 1790324895.635 574.5 2.7
TL 1790324895.735 346.8 2.2
TL 1790324895.835 506.1 2.6
TL 1790324895.935 719.4 2.8
TL 1790324896.035 397.6 3.0
TL 1790324896.135 264.5 2.7
TL 1790324896.236 758.2 3.7
TL 1790324896.336 737.1 2.3
TL 1790324896.436 289.0 2.1
TL 1790324896.536 641.0 2.1
TL 1790324896.637 730.0 3.7
TL 1790324896.737 467.1 2.3
TL 1790324896.837 1028.3 2.9
TL 1790324896.937 284.4 3.3
TL 1790324897.038 1368.0 4.1
TL 1790324897.138 545.2 1.3
TL 1790324897.242 4273.4 4.4
TL 1790324897.337 185.9 2.8
TL 1790324897.438 515.3 2.4
TL 1790324897.539 532.1 3.5
TL 1790324897.639 317.8 2.7
TL 1790324897.739 156.1 2.0
TL 1790324897.839 208.5 1.8
TL 1790324897.939 339.9 2.6
TL 1790324898.039 214.1 2.8
TL 1790324898.140 960.2 3.3
TL 1790324898.240 286.6 3.2
TL 1790324898.340 736.1 2.9
TL 1790324898.440 316.4 2.3
TL 1790324898.540 610.6 3.5
TL 1790324898.640 200.3 1.7
TL 1790324898.740 198.3 2.0
TL 1790324898.841 1308.7 2.2
TL 1790324898.941 394.9 228.9
TL 1790324899.040 255.5 3.3
TL 1790324899.141 314.1 2.2
TL 1790324899.241 558.9 2.3
TL 1790324899.341 342.1 3.0
TL 1790324899.441 266.5 2.3
TL 1790324899.541 346.0 2.9
TL 1790324899.642 615.5 3.1
TL 1790324899.741 166.3 1.9
TL 1790324899.841 259.5 2.4
TL 1790324899.942 479.7 2.6
TL 1790324900.042 186.6 2.3
TL 1790324900.142 628.2 2.2
TL 1790324900.242 375.3 2.9
TL 1790324900.342 605.6 3.5
TL 1790324900.442 264.7 3.1
TL 1790324900.542 392.7 3.0
TL 1790324900.642 249.6 1.8
TL 1790324900.742 230.0 2.2
TL 1790324900.843 349.8 3.4
TL 1790324900.943 404.8 2.0
TL 1790324901.043 622.6 4.0
TL 1790324901.143 204.2 1.8
TL 1790324901.243 212.5 2.6
TL 1790324901.343 286.9 3.1
TL 1790324901.443 129.4 1.6
TL 1790324901.543 332.4 3.6
TL 1790324901.643 227.5 1.8
TL 1790324901.743 246.6 2.0
TL 1790324901.843 451.5 2.8
TL 1790324901.943 359.1 2.3
TL 1790324902.044 945.4 7.7
TL 1790324902.144 348.6 2.2
TL 1790324902.244 510.2 4.5
TL 1790324902.344 212.0 1.8
TL 1790324902.444 640.9 2.7
TL 1790324902.545 1192.6 3.1
TL 1790324902.644 460.5 2.7
TL 1790324902.744 422.5 3.2
TL 1790324902.845 428.1 4.3
TL 1790324902.944 203.9 1.3
TL 1790324903.045 747.8 5.6
TL 1790324903.145 296.3 2.8
TL 1790324903.245 535.0 4.0
TL 1790324903.345 323.7 3.5
TL 1790324903.445 381.7 4.8
TL 1790324903.545 335.9 3.1
TL 1790324903.645 370.1 2.1
TL 1790324903.745 246.0 2.6
TL 1790324903.846 481.0 4.0
TL 1790324903.945 236.9 1.4
TL 1790324904.047 1771.8 5.3
TL 1790324904.146 325.6 1.9
TL 1790324904.246 364.7 2.9
TL 1790324904.346 272.7 2.2
TL 1790324904.446 706.5 4.1
TL 1790324904.546 312.4 2.2
TL 1790324904.647 673.8 2.6
TL 1790324904.746 219.3 2.3
TL 1790324904.846 306.5 2.3
TL 1790324904.948 1434.5 1.4
TL 1790324905.047 430.3 4.5
TL 1790324905.148 595.9 2.2
TL 1790324905.248 564.4 5.0
TL 1790324905.347 278.5 2.3
TL 1790324905.449 1333.2 3.6
TL 1790324905.548 597.2 3.9
TL 1790324905.648 253.2 1.8
TL 1790324905.748 249.1 2.4
TL 1790324905.848 437.1 3.0
TL 1790324905.948 259.8 1.6
TL 1790324906.048 536.4 3.9
TL 1790324906.148 400.9 3.6
TL 1790324906.248 314.1 4.5
TL 1790324906.348 281.8 2.8
TL 1790324906.449 357.2 3.3
TL 1790324906.549 351.8 3.5
TL 1790324906.650 1249.6 3.4
TL 1790324906.749 578.9 2.8
TL 1790324906.850 1342.6 2.2
TL 1790324906.949 139.4 3.0
TL 1790324907.049 205.4 2.9
TL 1790324907.149 352.7 1.4
TL 1790324907.249 433.4 3.1
TL 1790324907.350 649.0 3.9
TL 1790324907.449 296.8 3.5
TL 1790324907.550 393.2 3.2
TL 1790324907.650 431.0 2.9
TL 1790324907.750 237.2 2.1
TL 1790324907.850 262.6 2.2
TL 1790324907.950 380.1 3.2
TL 1790324908.050 320.5 1.9
TL 1790324908.150 428.7 3.8
TL 1790324908.250 332.3 2.8
TL 1790324908.351 389.5 2.9
TL 1790324908.451 1000.7 3.9
TL 1790324908.551 353.5 2.5
TL 1790324908.651 417.5 2.7
TL 1790324908.751 429.4 3.0
TL 1790324908.851 356.4 3.5
TL 1790324908.951 455.7 4.4
TL 1790324909.051 289.8 3.5
TL 1790324909.151 440.6 4.5
TL 1790324909.251 292.6 3.4
TL 1790324909.352 826.9 3.6
TL 1790324909.453 1812.0 4.1
TL 1790324909.552 241.7 2.6
TL 1790324909.652 473.9 2.9
TL 1790324909.752 219.2 2.0
TL 1790324909.852 587.5 4.4
TL 1790324909.952 312.9 1.7
TL 1790324910.052 313.1 3.3
TL 1790324910.153 542.6 3.4
TL 1790324910.254 1640.7 3.6
TL 1790324910.355 1145.4 10.9
TL 1790324910.455 554.3 28.5
TL 1790324910.555 210.8 2.5
TL 1790324910.655 287.4 2.2
TL 1790324910.755 230.1 2.1
TL 1790324910.855 255.1 2.6
TL 1790324910.955 271.0 3.3
TL 1790324911.055 124.3 2.7
TL 1790324911.155 239.8 2.0
TL 1790324911.257 1775.3 2.8
TL 1790324911.355 323.0 2.7
TL 1790324911.455 373.5 14.8
TL 1790324911.555 271.0 2.8
TL 1790324911.656 345.1 2.1
TL 1790324911.756 214.5 2.2
TL 1790324911.856 319.5 3.5
TL 1790324911.956 483.3 3.1
TL 1790324912.056 649.6 2.7
TL 1790324912.157 1173.9 3.0
TL 1790324912.256 372.0 3.7
TL 1790324912.358 2250.2 4.4
TL 1790324912.458 1450.6 2.7
TL 1790324912.558 603.4 3.3
TL 1790324912.657 294.3 2.6
TL 1790324912.757 256.6 2.3
TL 1790324912.859 1406.0 2.6
TL 1790324912.959 826.4 3.6
TL 1790324913.058 351.5 3.2
TL 1790324913.158 291.6 2.4
TL 1790324913.258 249.1 2.7
TL 1790324913.360 1468.5 3.6
TL 1790324913.459 311.6 2.8
TL 1790324913.559 271.2 3.8
TL 1790324913.659 283.7 2.7
TL 1790324913.759 274.8 2.3
TL 1790324913.859 329.1 2.4
TL 1790324913.959 348.3 2.9
TL 1790324914.059 242.9 2.2
TL 1790324914.159 234.9 3.0
TL 1790324914.259 441.3 2.4
TL 1790324914.364 5125.6 2.2
TL 1790324914.459 198.5 3.4
TL 1790324914.566 6596.6 2.6
TL 1790324914.660 293.1 3.2
TL 1790324914.760 234.8 2.5
TL 1790324914.860 234.7 4.6
TL 1790324914.960 463.6 2.5
TL 1790324915.060 195.2 33.7
TL 1790324915.164 3747.1 2.2
TL 1790324915.261 1404.9 2.3
TL 1790324915.360 283.6 3.8
TL 1790324915.460 298.2 4.0
TL 1790324915.561 443.5 2.2
TL 1790324915.660 191.4 1.6
TL 1790324915.761 481.6 4.4
TL 1790324915.861 281.0 4.3
TL 1790324915.962 1535.4 2.3
TL 1790324916.061 156.3 3.4
TL 1790324916.162 1597.1 1.8
TL 1790324916.262 786.0 4.5
TL 1790324916.362 604.2 34.7
TL 1790324916.462 165.3 2.3
TL 1790324916.562 253.3 4.2
TL 1790324916.662 131.9 4.0
TL 1790324916.765 3211.0 2.1
TL 1790324916.862 206.0 4.3
TL 1790324916.963 471.2 2.2
TL 1790324917.063 441.1 1.3
TL 1790324917.163 438.3 3.9
TL 1790324917.264 575.8 4.4
TL 1790324917.364 303.2 2.3
TL 1790324917.468 4864.5 3.6
TL 1790324917.564 484.1 4.3
TL 1790324917.664 256.3 3.9
TL 1790324917.765 1025.4 2.2
TL 1790324917.867 3143.2 2.4
TL 1790324917.965 246.9 4.4
TL 1790324918.065 204.6 4.2
TL 1790324918.165 523.8 1.6
TL 1790324918.267 1988.6 2.1
TL 1790324918.366 1079.4 4.3
TL 1790324918.467 1212.3 2.4
TL 1790324918.566 334.0 2.4
TL 1790324918.667 1352.3 2.1
TL 1790324918.777 11688.7 2.9
TL 1790324918.870 3999.5 4.1
TL 1790324919.000 34029.5 3.5
TL 1790324919.092 26546.8 3.4
TL 1790324919.176 9762.7 34.3
TL 1790324919.266 259.8 2.8
TL 1790324919.369 3256.0 1.6
TL 1790324919.470 4127.7 2.7
TL 1790324919.567 327.1 2.1
TL 1790324919.667 160.9 3.1
TL 1790324919.771 4312.0 4.3
TL 1790324919.867 116.1 4.1
TL 1790324919.967 487.9 4.4
TL 1790324920.073 6073.2 5.7
TL 1790324920.432 265088.8 1.4
TL 1790324920.433 1440.0 1.3
TL 1790324920.595 62563.0 2.9
TL 1790324920.833 201079.2 1.4
TL 1790324920.833 136.4 0.7
TL 1790324921.386 453014.3 2.2
TL 1790324921.387 349.1 0.9
TL 1790324921.493 6367.4 38.2
TL 1790324921.587 415.6 3.7
TL 1790324921.700 13303.9 0.7
TL 1790324921.787 145.3 1.8
TL 1790324921.887 449.5 1.5
TL 1790324923.191 1203744.4 2.2
TL 1790324923.241 50479.0 2.7
TL 1790324923.675 384590.1 3.9
TL 1790324923.934 258663.4 1.5
TL 1790324923.934 374.6 0.9
TL 1790324924.056 22484.3 2.9
TL 1790324924.166 32235.5 3.6
TL 1790324924.362 127785.8 5.5
TL 1790324924.363 1050.3 1.5
TL 1790324924.970 507634.9 3.2
TL 1790324924.970 294.8 1.4
TL 1790324925.089 18725.3 1.5
TL 1790324925.173 3172.2 2.8
TL 1790324925.275 4606.3 3.4
TL 1790324925.391 20426.6 3.1
TL 1790324925.473 3265.6 2.4
TL 1790324925.577 6974.9 4.8
TL 1790324925.678 7460.0 4.4
TL 1790324925.776 6027.6 4.8
TL 1790324925.871 159.7 2.1
TL 1790324925.971 148.1 2.6
TL 1790324926.071 123.1 3.9
TL 1790324926.173 2525.2 3.6
TL 1790324926.281 10149.2 2.7
TL 1790324926.373 2147.1 4.0
TL 1790324926.473 1709.3 1.9
TL 1790324926.582 10517.0 3.3
TL 1790324926.685 14078.0 3.2
TL 1790324926.789 17318.7 88.0
TL 1790324926.898 26568.9 3.9
TL 1790324926.973 1411.5 2.5
TL 1790324927.087 15285.7 3.5
TL 1790324927.180 8129.1 1.5
TL 1790324927.273 844.6 2.8
TL 1790324927.372 140.6 2.9
TL 1790324927.472 351.8 3.0
TL 1790324927.573 518.0 3.7
TL 1790324927.673 1327.4 2.9
TL 1790324927.785 12528.9 4.8
TL 1790324927.873 223.5 2.3
TL 1790324928.009 36311.5 4.1
TL 1790324928.129 56372.3 1.4
TL 1790324928.173 468.6 3.4
TL 1790324928.273 699.4 3.5
TL 1790324928.373 389.1 4.2
TL 1790324928.473 388.2 1.7
TL 1790324928.573 215.5 2.4
TL 1790324928.673 292.9 2.8
TL 1790324928.773 294.2 2.3
TL 1790324928.874 873.6 2.2
TL 1790324928.974 556.2 2.6
TL 1790324929.074 585.7 2.5
TL 1790324929.190 16903.0 2.8
TL 1790324929.276 2664.4 3.9
TL 1790324929.391 17944.4 3.6
TL 1790324929.570 96496.7 4.7
TL 1790324929.579 5348.6 2.3
TL 1790324929.784 110458.8 2.2
TL 1790324929.786 2091.8 1.5
TL 1790324929.890 5781.6 4.3
TL 1790324929.985 256.1 1.9
TL 1790324930.110 25930.9 4.1
TL 1790324930.345 159943.4 2.4
TL 1790324930.541 195813.0 1.5
TL 1790324930.553 12741.3 2.6
TL 1790324930.785 143793.0 4.4
TL 1790324930.785 172.4 1.5
TL 1790324930.885 211.8 3.6
TL 1790324931.000 14656.8 2.7
TL 1790324931.151 65160.1 2.1
TL 1790324931.186 359.0 2.3
TL 1790324931.287 1669.2 3.2
TL 1790324931.395 9218.3 3.3
TL 1790324931.486 729.6 3.5
TL 1790324931.593 7380.6 2.2
TL 1790324931.692 5798.0 4.1
TL 1790324931.788 1762.7 1.7
TL 1790324931.890 4034.1 4.2
TL 1790324931.986 184.1 1.9
TL 1790324932.088 1056.4 5.6
TL 1790324932.187 339.1 3.3
TL 1790324932.287 170.8 2.3
TL 1790324932.387 439.4 3.1
TL 1790324932.497 10205.2 3.3
TL 1790324932.587 236.3 3.4
TL 1790324932.739 51750.5 3.3
TL 1790324932.788 567.2 3.6
TL 1790324932.900 12973.4 2.9
TL 1790324932.988 973.3 2.2
TL 1790324933.088 234.1 3.5
TL 1790324933.193 5630.6 2.7
TL 1790324933.289 1219.4 3.3
TL 1790324933.388 433.9 3.5
TL 1790324933.492 4670.1 3.4
TL 1790324933.588 429.3 3.6
TL 1790324933.688 267.4 3.9
TL 1790324933.791 2661.6 3.3
TL 1790324933.889 815.5 1.9
TL 1790324933.992 3251.8 2.3
TL 1790324934.091 2946.1 5.8
TL 1790324934.189 322.6 2.8
TL 1790324934.289 580.5 3.5
TL 1790324934.389 401.2 2.7
TL 1790324934.492 3051.3 2.5
TL 1790324934.589 147.6 2.7
TL 1790324934.691 1810.1 2.7
TL 1790324934.789 306.6 4.0
TL 1790324934.889 373.5 1.3
TL 1790324934.989 120.5 2.7
TL 1790324935.089 168.1 4.3
TL 1790324935.195 6066.0 3.9
TL 1790324935.289 192.2 2.2
TL 1790324935.389 97.1 2.6
TL 1790324935.499 9274.4 3.8
TL 1790324935.590 358.0 3.8
TL 1790324935.690 124.8 2.8
TL 1790324935.790 149.0 3.4
TL 1790324935.890 372.1 0.9
TL 1790324935.990 238.2 2.7
TL 1790324936.091 739.2 40.6
TL 1790324936.192 1593.9 3.1
TL 1790324936.291 270.6 2.6
TL 1790324936.391 210.3 3.3
TL 1790324936.492 1791.9 2.3
TL 1790324936.591 411.6 4.5
TL 1790324936.691 203.4 3.0
TL 1790324936.791 439.6 5.4
TL 1790324936.891 257.9 1.5
TL 1790324936.992 682.6 1.9
TL 1790324937.091 232.1 3.4
TL 1790324937.192 352.1 3.9
TL 1790324937.292 177.9 2.1
TL 1790324937.392 273.8 3.2
TL 1790324937.492 251.4 1.9
TL 1790324937.592 426.7 3.0
TL 1790324937.692 625.5 2.3
TL 1790324937.792 302.4 3.3
TL 1790324937.893 719.2 5.4
TL 1790324937.992 294.6 2.2
TL 1790324938.096 3739.7 3.0
TL 1790324938.194 1607.6 4.5
TL 1790324938.293 189.6 2.4
TL 1790324938.393 811.0 4.7
TL 1790324938.493 286.5 2.6
TL 1790324938.593 258.7 2.9
TL 1790324938.694 839.9 3.9
TL 1790324938.793 438.7 4.1
TL 1790324938.894 654.4 2.2
TL 1790324938.993 203.1 1.6
TL 1790324939.093 111.1 1.4
TL 1790324939.193 217.0 1.6
TL 1790324939.293 210.9 2.2
TL 1790324939.394 308.0 2.9
TL 1790324939.497 3590.4 2.2
TL 1790324939.594 190.2 2.4
TL 1790324939.694 400.8 3.3
TL 1790324939.794 214.3 2.7
TL 1790324939.894 293.0 3.1
TL 1790324939.994 272.0 2.3
TL 1790324940.094 370.5 3.3
TL 1790324940.194 263.6 2.6
TL 1790324940.294 210.0 2.4
TL 1790324940.394 239.9 1.9
TL 1790324940.494 338.0 2.0
TL 1790324940.595 456.0 5.8
TL 1790324940.695 663.1 2.1
TL 1790324940.794 241.4 2.0
TL 1790324940.895 378.8 2.0
TL 1790324940.997 2640.0 2.4
TL 1790324941.095 283.2 3.1
TL 1790324941.195 872.7 2.5
TL 1790324941.295 189.4 2.7
TL 1790324941.395 443.9 3.5
TL 1790324941.495 316.0 2.8
TL 1790324941.595 241.6 3.1
TL 1790324941.703 7676.5 1.1
TL 1790324941.795 249.2 2.1
TL 1790324941.896 414.1 4.2
TL 1790324941.998 2057.3 2.1
TL 1790324942.097 1297.5 3.3
TL 1790324942.197 946.1 2.6
TL 1790324942.296 434.8 2.2
TL 1790324942.397 799.1 1.9
TL 1790324942.497 1352.8 2.1
TL 1790324942.598 1698.5 3.4
TL 1790324942.698 1514.7 4.1
TL 1790324942.797 718.8 2.9
TL 1790324942.899 2924.3 3.7
TL 1790324942.998 1295.1 1.8
TL 1790324943.097 264.4 4.2
TL 1790324943.197 384.7 3.9
TL 1790324943.302 4854.9 3.0
TL 1790324943.397 421.9 3.2
TL 1790324943.498 1050.6 1.9
TL 1790324943.597 263.6 2.3
TL 1790324943.698 419.2 4.0
TL 1790324943.798 813.8 2.3
TL 1790324943.898 925.3 3.2
TL 1790324943.998 272.6 1.9
TL 1790324944.098 247.9 2.1
TL 1790324944.198 254.0 2.7
TL 1790324944.298 240.8 2.7
TL 1790324944.398 393.4 3.2
TL 1790324944.499 554.8 1.5
TL 1790324944.598 298.0 2.8
TL 1790324944.699 446.0 4.8
TL 1790324944.799 474.6 2.7
TL 1790324944.898 219.1 1.5
TL 1790324944.999 196.7 1.8
TL 1790324945.099 574.6 2.8
TL 1790324945.199 338.6 3.3
TL 1790324945.299 215.2 2.4
TL 1790324945.403 4351.1 2.7
TL 1790324945.499 241.6 2.1
TL 1790324945.600 703.2 3.3
TL 1790324945.700 387.7 4.2
TL 1790324945.799 197.7 2.8
TL 1790324945.900 931.4 3.8
TL 1790324946.000 229.4 2.2
TL 1790324946.100 255.1 18.1
TL 1790324946.200 314.4 2.9
TL 1790324946.300 247.0 2.1
TL 1790324946.401 582.7 2.0
TL 1790324946.500 294.4 2.4
TL 1790324946.601 582.8 3.1
TL 1790324946.701 859.5 3.5
TL 1790324946.801 293.9 3.4
TL 1790324946.901 194.7 1.2
TL 1790324947.001 335.4 2.4
TL 1790324947.101 302.9 3.2
TL 1790324947.201 372.2 4.5
TL 1790324947.301 230.1 2.0
TL 1790324947.402 651.3 2.1
TL 1790324947.501 270.7 1.9
TL 1790324947.614 13096.6 3.6
TL 1790324947.711 10340.9 3.4
TL 1790324947.803 2152.9 2.6
TL 1790324947.903 2041.9 2.9
TL 1790324948.001 179.8 2.5
TL 1790324948.102 264.1 2.4
TL 1790324948.205 3697.6 2.1
TL 1790324948.302 562.5 1.5
TL 1790324948.402 257.1 2.2
TL 1790324948.502 263.7 2.3
TL 1790324948.602 383.9 2.7
TL 1790324948.703 1614.6 4.1
TL 1790324948.802 570.7 3.1
TL 1790324948.902 213.3 1.1
TL 1790324949.002 247.9 1.7
TL 1790324949.106 3966.3 1.9
TL 1790324949.202 373.5 4.5
TL 1790324949.302 235.3 1.9
TL 1790324949.403 329.8 3.3
TL 1790324949.503 241.4 2.5
TL 1790324949.603 1119.7 2.8
TL 1790324949.703 442.2 5.1
TL 1790324949.804 1664.3 5.1
TL 1790324949.903 507.4 2.9
TL 1790324950.003 231.1 2.2
TL 1790324950.103 140.6 3.2
TL 1790324950.262 58815.6 3.9
TL 1790324950.303 199.8 3.4
TL 1790324950.407 4059.5 2.1
TL 1790324950.503 247.9 2.4
TL 1790324950.603 213.6 2.7
TL 1790324950.704 388.7 4.1
TL 1790324950.804 292.0 2.8
TL 1790324950.904 595.2 1.9
TL 1790324951.004 237.7 1.8
TL 1790324951.105 1230.9 3.9
TL 1790324951.204 664.0 2.9
TL 1790324951.304 444.9 2.7
TL 1790324951.405 614.0 3.8
TL 1790324951.504 176.9 1.8
TL 1790324951.604 356.1 3.6
TL 1790324951.705 637.9 3.0
TL 1790324951.805 272.6 3.3
TL 1790324951.905 246.4 2.6
TL 1790324952.005 531.4 2.8
TL 1790324952.105 187.0 3.9
TL 1790324952.205 267.2 3.0
TL 1790324952.305 124.6 1.6
TL 1790324952.405 345.5 2.8
TL 1790324952.512 7285.1 3.1
TL 1790324952.606 460.8 3.1
TL 1790324952.706 348.1 3.0
TL 1790324952.808 287.9 2.1
TL 1790324952.909 617.2 2.8
TL 1790324953.008 322.3 2.6
TL 1790324953.109 494.5 4.6
TL 1790324953.209 430.2 4.1
TL 1790324953.309 239.2 2.6
TL 1790324953.419 10844.5 3.0
TL 1790324953.509 185.8 3.4
TL 1790324953.609 290.9 2.9
TL 1790324953.709 238.2 2.9
TL 1790324953.810 702.1 2.8
TL 1790324953.910 314.7 3.6
TL 1790324954.010 228.2 1.4
TL 1790324954.112 1918.2 1.7
TL 1790324954.211 390.3 3.5
TL 1790324954.311 202.7 2.1
TL 1790324954.411 351.0 2.4
TL 1790324954.511 184.4 2.5
TL 1790324954.611 252.0 2.3
TL 1790324954.712 480.9 5.1
TL 1790324954.812 373.9 2.9
TL 1790324954.912 217.3 1.9
TL 1790324955.012 174.3 0.8
TL 1790324955.112 379.1 2.1
TL 1790324955.212 240.9 2.1
TL 1790324955.312 249.2 1.6
TL 1790324955.413 803.0 3.3
TL 1790324955.512 236.8 2.1
TL 1790324955.613 1057.9 2.4
TL 1790324955.714 1272.3 3.1
TL 1790324955.814 1083.5 3.5
TL 1790324955.913 230.1 2.7
TL 1790324956.013 192.3 1.2
TL 1790324956.113 235.6 2.4
TL 1790324956.213 224.1 2.3
TL 1790324956.317 4117.6 2.1
TL 1790324956.413 294.5 2.4
TL 1790324956.518 4974.6 2.4
TL 1790324956.614 213.4 2.1
TL 1790324956.714 747.9 2.7
TL 1790324956.814 211.8 2.7
TL 1790324956.914 392.8 2.4
TL 1790324957.014 321.6 0.9
TL 1790324957.114 245.2 2.3
TL 1790324957.214 358.2 3.1
TL 1790324957.314 133.7 2.1
TL 1790324957.414 271.9 3.2
TL 1790324957.514 426.9 2.4
TL 1790324957.616 1601.3 2.8
TL 1790324957.715 328.7 2.7
TL 1790324957.816 1311.1 3.1
TL 1790324957.915 216.0 2.0
TL 1790324958.015 217.5 2.6
TL 1790324958.115 260.5 3.1
TL 1790324958.215 326.9 4.9
TL 1790324958.315 192.9 2.3
TL 1790324958.415 378.5 3.6
TL 1790324958.515 307.4 2.6
TL 1790324958.616 454.8 3.7
TL 1790324958.715 200.7 2.6
TL 1790324958.816 184.9 2.5
TL 1790324958.916 797.4 3.1
TL 1790324959.016 671.0 1.4
TL 1790324959.116 270.0 2.2
TL 1790324959.216 601.8 4.1
TL 1790324959.316 347.7 2.8
TL 1790324959.417 728.9 4.2
TL 1790324959.521 4489.4 2.4
TL 1790324959.617 599.4 4.9
TL 1790324959.717 423.6 3.3
TL 1790324959.821 4174.7 4.2
TL 1790324959.917 213.5 4.1
TL 1790324960.017 429.6 3.5
TL 1790324960.117 261.3 3.5
TL 1790324960.217 260.9 6.4
TL 1790324960.318 287.6 2.6
TL 1790324960.418 232.1 2.2
TL 1790324960.518 840.2 2.2
TL 1790324960.618 359.4 2.7
TL 1790324960.718 398.0 3.3
TL 1790324960.818 280.4 2.9
TL 1790324960.918 277.7 1.6
TL 1790324961.018 247.1 2.1
TL 1790324961.119 650.7 2.7
TL 1790324961.219 365.1 2.9
TL 1790324961.319 324.4 1.9
TL 1790324961.420 514.4 2.0
TL 1790324961.519 358.6 2.7
TL 1790324961.619 215.9 2.3
TL 1790324961.720 258.0 2.0
TL 1790324961.820 305.7 2.4
TL 1790324961.920 346.1 3.3
TL 1790324962.020 213.8 2.9
TL 1790324962.120 271.6 1.8
TL 1790324962.220 793.2 3.4
TL 1790324962.320 280.6 2.6
TL 1790324962.420 234.4 2.5
TL 1790324962.521 657.1 3.0
TL 1790324962.621 500.7 3.6
TL 1790324962.721 450.1 3.5
TL 1790324962.821 321.7 3.0
TL 1790324962.921 350.6 2.3
TL 1790324963.021 187.4 1.9
TL 1790324963.121 223.8 1.8
TL 1790324963.222 490.3 3.3
TL 1790324963.322 610.6 2.3
TL 1790324963.422 369.4 4.2
TL 1790324963.522 433.1 3.3
TL 1790324963.622 189.1 2.3
TL 1790324963.722 216.3 3.2
TL 1790324963.822 305.4 3.6
TL 1790324963.922 388.1 3.9
TL 1790324964.022 196.6 1.5
TL 1790324964.122 340.8 12.0
TL 1790324964.223 422.9 3.5
TL 1790324964.323 289.8 3.7
TL 1790324964.423 321.3 3.9
TL 1790324964.524 939.4 3.4
TL 1790324964.623 561.1 4.0
TL 1790324964.723 394.0 3.1
TL 1790324964.823 583.0 2.7
TL 1790324964.924 552.0 1.8
TL 1790324965.023 259.8 2.3
TL 1790324965.124 281.7 2.1
TL 1790324965.224 410.2 58.4
TL 1790324965.324 275.2 1.9
TL 1790324965.424 240.4 3.2
TL 1790324965.525 1199.2 2.6
TL 1790324965.625 253.7 2.4
TL 1790324965.727 1490.4 3.9
TL 1790324965.826 375.4 3.4
TL 1790324965.926 337.2 3.9
TL 1790324966.026 130.5 1.7
TL 1790324966.130 3824.1 2.5
TL 1790324966.226 497.4 3.7
TL 1790324966.327 845.5 4.0
TL 1790324966.428 1566.8 1.8
TL 1790324966.527 505.5 2.2
TL 1790324966.629 3013.5 2.6
TL 1790324966.728 1214.4 3.0
TL 1790324966.829 276.2 2.4
TL 1790324966.929 172.3 2.3
TL 1790324967.029 198.1 3.3
TL 1790324967.129 305.2 1.3
TL 1790324967.229 310.5 2.2
TL 1790324967.329 443.8 1.8
TL 1790324967.429 300.1 2.7
TL 1790324967.529 389.1 2.9
TL 1790324967.629 285.7 3.1
TL 1790324967.730 514.9 2.5
TL 1790324967.830 429.6 2.5
TL 1790324967.930 309.2 4.5
TL 1790324968.030 490.8 2.0
TL 1790324968.133 954.2 9.5
TL 1790324968.232 287.8 2.4
TL 1790324968.333 653.1 3.6
TL 1790324968.433 185.2 2.3
TL 1790324968.533 485.6 3.4
TL 1790324968.634 737.2 3.6
TL 1790324968.733 385.8 4.6
TL 1790324968.834 655.5 2.8
TL 1790324968.934 458.5 2.9
TL 1790324969.034 322.1 3.1
TL 1790324969.134 251.8 3.1
TL 1790324969.234 238.4 2.2
TL 1790324969.334 395.8 4.2
TL 1790324969.434 766.7 3.6
TL 1790324969.534 684.2 4.5
TL 1790324969.634 400.1 3.5
TL 1790324969.734 290.6 3.2
TL 1790324969.835 462.5 3.6
TL 1790324969.934 229.2 1.7
TL 1790324970.035 666.2 4.4
TL 1790324970.136 1042.5 3.5
TL 1790324970.235 267.7 2.4
TL 1790324970.335 245.6 3.1
TL 1790324970.435 184.7 2.2
TL 1790324970.535 281.1 3.0
TL 1790324970.636 748.0 3.7
TL 1790324970.736 534.1 3.7
TL 1790324970.836 366.0 3.0
TL 1790324970.936 182.7 3.0
TL 1790324971.037 854.1 2.7
TL 1790324971.136 321.5 2.6
TL 1790324971.237 655.9 3.9
TL 1790324971.336 284.5 2.8
TL 1790324971.437 847.0 3.6
TL 1790324971.537 499.4 3.0
TL 1790324971.637 512.2 4.7
TL 1790324971.737 362.4 2.0
TL 1790324971.837 326.8 3.2
TL 1790324971.937 250.9 5.4
TL 1790324972.038 524.8 4.0
TL 1790324972.138 266.7 2.3
TL 1790324972.239 346.3 3.6
TL 1790324972.338 205.2 2.4
TL 1790324972.439 389.5 4.0
TL 1790324972.539 407.3 3.9
TL 1790324972.639 214.4 1.9
TL 1790324972.739 378.4 3.2
TL 1790324972.839 224.2 2.1
TL 1790324972.939 464.2 2.1
TL 1790324973.039 263.2 2.9
TL 1790324973.139 203.0 2.3
TL 1790324973.241 1433.3 1.9
TL 1790324973.340 429.0 3.2
TL 1790324973.440 557.3 2.9
TL 1790324973.541 300.9 2.9
TL 1790324973.641 380.6 3.2
TL 1790324973.741 286.8 3.0
TL 1790324973.841 309.4 3.4
TL 1790324973.942 731.8 4.2
TL 1790324974.043 329.2 2.5
