TL 1790360887.126 80.8 1.5
TL 1790360887.226 111.5 1.8
TL 1790360887.326 100.3 1.9
TL 1790360887.426 257.4 4.4
TL 1790360887.526 203.5 2.6
TL 1790360887.627 219.9 2.0
TL 1790360887.727 60.4 1.5
TL 1790360887.827 54.7 1.2
TL 1790360887.927 392.7 2.9
TL 1790360888.027 266.7 2.7
TL 1790360888.127 411.5 2.4
TL 1790360888.227 352.9 2.7
TL 1790360888.328 274.9 3.2
TL 1790360888.428 274.3 1.4
TL 1790360888.528 276.1 2.7
TL 1790360888.628 323.9 2.5
TL 1790360888.728 199.6 2.0
TL 1790360888.828 200.5 1.7
TL 1790360888.928 94.8 1.0
TL 1790360889.029 218.5 2.4
TL 1790360889.129 263.9 2.2
TL 1790360889.230 894.7 1.2
TL 1790360889.330 236.0 3.3
TL 1790360889.430 499.8 3.0
TL 1790360889.530 169.2 2.4
TL 1790360889.631 171.5 1.2
TL 1790360889.731 134.9 1.0
TL 1790360889.831 181.7 0.9
TL 1790360889.931 389.9 4.3
TL 1790360890.032 1158.0 3.1
TL 1790360890.132 266.1 1.4
TL 1790360890.233 705.2 3.6
TL 1790360890.333 104.9 1.6
TL 1790360890.435 167.0 2.4
TL 1790360890.535 186.8 1.5
TL 1790360890.635 229.5 1.0
TL 1790360890.735 104.9 1.5
TL 1790360890.835 56.6 0.7
TL 1790360890.936 229.5 2.7
TL 1790360891.036 266.7 2.8
TL 1790360891.136 272.8 1.5
TL 1790360891.236 393.1 2.9
TL 1790360891.336 367.9 2.4
TL 1790360891.436 201.9 3.2
TL 1790360891.537 471.5 3.0
TL 1790360891.637 286.6 1.9
TL 1790360891.737 163.5 1.8
TL 1790360891.837 126.4 2.0
TL 1790360891.937 86.5 0.7
TL 1790360892.037 218.5 2.8
TL 1790360892.138 291.2 1.3
TL 1790360892.238 247.9 3.4
TL 1790360892.338 277.3 2.0
TL 1790360892.440 1624.6 2.6
TL 1790360892.538 52.1 1.2
TL 1790360892.638 90.4 0.7
TL 1790360892.738 66.6 2.1
TL 1790360892.839 168.7 1.5
TL 1790360892.939 74.2 2.1
TL 1790360893.039 110.3 2.7
TL 1790360893.139 108.5 0.9
TL 1790360893.239 337.4 2.6
TL 1790360893.339 121.1 1.7
TL 1790360893.439 64.7 2.5
TL 1790360893.540 196.3 1.8
TL 1790360893.640 69.7 1.0
TL 1790360893.740 109.5 1.8
TL 1790360893.840 175.1 1.9
TL 1790360893.940 102.2 1.4
TL 1790360894.040 72.2 2.6
TL 1790360894.142 1479.5 1.0
TL 1790360894.240 129.1 1.9
TL 1790360894.341 171.2 1.4
TL 1790360894.441 70.8 2.2
TL 1790360894.541 244.5 3.7
TL 1790360894.641 107.0 0.6
TL 1790360894.741 139.9 1.8
TL 1790360894.841 60.6 1.4
TL 1790360894.941 96.3 0.9
TL 1790360895.041 81.3 2.0
TL 1790360895.141 67.5 0.5
TL 1790360895.242 104.6 2.2
TL 1790360895.342 94.6 1.9
TL 1790360895.442 83.1 2.2
TL 1790360895.542 114.5 1.8
TL 1790360895.642 51.7 0.5
TL 1790360895.742 39.6 1.0
TL 1790360895.842 97.1 1.1
TL 1790360895.942 128.2 1.2
TL 1790360896.044 1967.2 1.9
TL 1790360896.143 88.3 1.1
TL 1790360896.243 41.9 1.7
TL 1790360896.343 92.6 1.7
TL 1790360896.443 53.2 1.9
TL 1790360896.543 256.9 1.8
TL 1790360896.643 53.6 1.0
TL 1790360896.743 179.4 1.3
TL 1790360896.843 68.8 1.2
TL 1790360896.943 272.5 1.4
TL 1790360897.044 901.7 2.4
TL 1790360897.143 67.6 0.7
TL 1790360897.244 61.0 2.8
TL 1790360897.344 132.2 1.7
TL 1790360897.444 115.0 1.4
TL 1790360897.544 83.9 0.9
TL 1790360897.644 118.9 1.0
TL 1790360897.744 79.1 1.8
TL 1790360897.844 115.3 1.0
TL 1790360897.945 732.0 4.6
TL 1790360898.045 253.2 4.1
TL 1790360898.145 100.9 0.8
TL 1790360898.245 340.3 2.1
TL 1790360898.345 80.6 1.8
TL 1790360898.445 289.8 2.6
TL 1790360898.546 122.5 2.0
TL 1790360898.646 140.3 1.0
TL 1790360898.746 94.6 0.6
TL 1790360898.846 91.8 1.6
TL 1790360898.946 290.8 4.2
TL 1790360899.046 336.0 3.9
TL 1790360899.146 118.5 0.9
TL 1790360899.247 324.7 3.7
TL 1790360899.347 216.6 2.4
TL 1790360899.447 110.5 1.9
TL 1790360899.547 317.1 2.9
TL 1790360899.647 189.4 0.8
TL 1790360899.747 81.9 0.5
TL 1790360899.847 86.1 2.6
TL 1790360899.948 55.5 1.7
TL 1790360900.048 110.7 1.1
TL 1790360900.148 341.6 3.0
TL 1790360900.248 247.9 3.2
TL 1790360900.348 247.1 2.9
TL 1790360900.448 65.9 1.6
TL 1790360900.548 77.7 1.0
TL 1790360900.649 138.8 0.9
TL 1790360900.749 277.3 1.6
TL 1790360900.849 239.1 3.3
TL 1790360900.949 89.9 1.9
TL 1790360901.049 118.4 1.6
TL 1790360901.149 168.0 0.8
TL 1790360901.249 230.8 3.0
TL 1790360901.350 231.8 3.3
TL 1790360901.450 112.2 1.4
TL 1790360901.550 99.0 1.6
TL 1790360901.650 188.7 0.9
TL 1790360901.750 320.2 3.3
TL 1790360901.850 277.9 4.0
TL 1790360901.951 458.0 3.2
TL 1790360902.051 261.6 4.2
TL 1790360902.151 99.2 0.7
TL 1790360902.251 63.1 2.0
TL 1790360902.351 274.4 3.3
TL 1790360902.451 126.6 1.1
TL 1790360902.551 58.9 1.0
TL 1790360902.651 253.2 2.3
TL 1790360902.752 276.7 3.2
TL 1790360902.852 86.0 1.1
TL 1790360902.952 421.4 2.3
TL 1790360903.052 363.1 3.4
TL 1790360903.152 120.1 0.8
TL 1790360903.253 569.9 4.1
TL 1790360903.353 241.7 2.9
TL 1790360903.453 259.3 2.7
TL 1790360903.553 340.7 2.0
TL 1790360903.653 245.6 2.2
TL 1790360903.753 117.7 1.2
TL 1790360903.853 94.1 0.8
TL 1790360903.954 274.4 1.8
TL 1790360904.054 76.6 1.1
TL 1790360904.154 371.8 2.8
TL 1790360904.254 230.1 2.9
TL 1790360904.354 250.4 0.8
TL 1790360904.454 70.6 1.4
TL 1790360904.554 164.1 2.8
TL 1790360904.654 90.5 0.8
TL 1790360904.755 88.0 0.4
TL 1790360904.855 399.6 2.4
TL 1790360904.955 259.5 1.6
TL 1790360905.056 296.1 2.3
TL 1790360905.156 328.8 0.6
TL 1790360905.256 315.5 3.1
TL 1790360905.357 1238.5 3.2
TL 1790360905.457 437.1 3.9
TL 1790360905.557 278.0 3.2
TL 1790360905.657 151.0 1.5
TL 1790360905.757 88.8 0.6
TL 1790360905.857 389.0 5.6
TL 1790360905.957 252.8 2.7
TL 1790360906.058 316.0 2.2
TL 1790360906.158 366.1 2.7
TL 1790360906.259 188.7 3.0
TL 1790360906.359 255.6 2.9
TL 1790360906.459 207.1 2.5
TL 1790360906.560 154.3 1.4
TL 1790360906.660 72.1 1.5
TL 1790360906.760 88.5 2.6
TL 1790360906.860 135.3 1.5
TL 1790360906.960 325.6 2.8
TL 1790360907.060 141.6 1.5
TL 1790360907.160 158.0 1.3
TL 1790360907.261 315.2 2.5
TL 1790360907.361 361.8 3.3
TL 1790360907.461 115.0 1.0
TL 1790360907.561 177.4 0.7
TL 1790360907.661 107.2 0.4
TL 1790360907.761 188.7 1.0
TL 1790360907.862 333.5 3.4
TL 1790360907.962 122.6 0.8
TL 1790360908.062 101.9 0.5
TL 1790360908.162 164.6 1.0
TL 1790360908.262 383.6 2.0
TL 1790360908.362 75.9 1.9
TL 1790360908.462 302.9 3.1
TL 1790360908.562 216.6 2.7
TL 1790360908.663 238.1 2.3
TL 1790360908.763 306.3 2.6
TL 1790360908.863 84.7 0.6
TL 1790360908.964 969.3 1.0
TL 1790360909.063 80.9 2.9
TL 1790360909.163 178.6 1.8
TL 1790360909.264 330.3 3.0
TL 1790360909.364 251.2 3.9
TL 1790360909.464 319.2 3.8
TL 1790360909.564 309.0 2.3
TL 1790360909.665 278.9 2.4
TL 1790360909.765 251.7 1.7
TL 1790360909.865 84.7 0.6
TL 1790360909.965 187.4 2.9
TL 1790360910.065 327.9 2.9
TL 1790360910.165 347.1 2.2
TL 1790360910.265 260.8 1.7
TL 1790360910.366 242.3 2.1
TL 1790360910.465 85.4 0.8
TL 1790360910.566 382.2 2.4
TL 1790360910.666 139.7 0.8
TL 1790360910.766 243.0 0.7
TL 1790360910.866 123.6 1.9
TL 1790360910.966 106.8 0.5
TL 1790360911.067 212.6 2.2
TL 1790360911.167 71.4 0.5
TL 1790360911.267 96.7 1.0
TL 1790360911.367 85.7 1.9
TL 1790360911.467 216.6 2.7
TL 1790360911.568 473.9 4.1
TL 1790360911.668 245.8 2.3
TL 1790360911.768 189.9 2.6
TL 1790360911.868 134.7 0.5
TL 1790360911.968 353.5 1.4
TL 1790360912.068 214.2 3.4
TL 1790360912.169 345.6 2.0
TL 1790360912.269 255.1 1.8
TL 1790360912.369 337.0 3.3
TL 1790360912.469 255.2 3.2
TL 1790360912.569 57.0 1.3
TL 1790360912.669 94.1 1.0
TL 1790360912.772 534.0 3.8
TL 1790360912.872 296.5 3.0
TL 1790360912.972 289.9 0.9
TL 1790360913.072 122.0 0.6
TL 1790360913.172 319.6 3.1
TL 1790360913.272 233.4 2.8
TL 1790360913.372 99.1 3.5
TL 1790360913.472 84.3 1.9
TL 1790360913.573 90.1 2.2
TL 1790360913.673 108.8 1.3
TL 1790360913.773 247.6 2.5
TL 1790360913.873 226.4 3.1
TL 1790360913.973 80.2 0.5
TL 1790360914.073 242.4 1.6
TL 1790360914.173 113.4 1.3
TL 1790360914.273 139.8 1.5
TL 1790360914.374 346.4 3.4
TL 1790360914.474 250.6 2.4
TL 1790360914.574 191.2 1.2
TL 1790360914.674 89.9 0.9
TL 1790360914.774 159.9 1.8
TL 1790360914.874 112.8 0.7
TL 1790360914.974 59.6 0.4
TL 1790360915.075 383.9 2.4
TL 1790360915.175 310.3 1.9
TL 1790360915.275 298.8 3.4
TL 1790360915.375 335.9 3.2
TL 1790360915.475 246.4 2.8
TL 1790360915.575 174.3 0.9
TL 1790360915.675 88.9 0.7
TL 1790360915.775 54.8 1.4
TL 1790360915.875 79.3 1.7
TL 1790360915.976 382.3 4.8
TL 1790360916.076 367.5 2.7
TL 1790360916.177 296.9 2.3
TL 1790360916.276 69.5 1.3
TL 1790360916.377 165.9 1.7
TL 1790360916.477 105.7 0.9
TL 1790360916.577 312.6 1.4
TL 1790360916.677 301.7 2.4
TL 1790360916.777 236.1 3.0
TL 1790360916.877 129.3 2.8
TL 1790360916.977 86.7 2.4
TL 1790360917.078 1027.2 1.9
TL 1790360917.178 219.7 0.9
TL 1790360917.278 52.8 1.6
TL 1790360917.378 87.9 2.5
TL 1790360917.478 58.5 2.0
TL 1790360917.578 74.7 1.7
TL 1790360917.678 119.0 1.6
TL 1790360917.778 102.4 2.0
TL 1790360917.879 383.6 1.9
TL 1790360917.979 109.5 2.3
TL 1790360918.079 91.4 3.4
TL 1790360918.179 42.3 1.0
TL 1790360918.279 146.3 1.7
TL 1790360918.379 154.2 1.5
TL 1790360918.479 87.4 1.1
TL 1790360918.579 89.4 1.8
TL 1790360918.679 100.9 1.1
TL 1790360918.779 114.1 2.7
TL 1790360918.880 111.6 1.7
TL 1790360918.980 107.9 2.1
TL 1790360919.080 114.4 1.9
TL 1790360919.180 122.3 1.6
TL 1790360919.280 173.3 1.3
TL 1790360919.380 145.9 1.4
TL 1790360919.480 60.7 1.2
TL 1790360919.581 252.7 3.0
TL 1790360919.681 258.2 1.9
TL 1790360919.781 283.1 3.4
TL 1790360919.881 296.5 4.5
TL 1790360919.981 244.5 3.1
TL 1790360920.081 155.5 2.2
TL 1790360920.182 197.0 2.7
TL 1790360920.282 191.5 1.2
TL 1790360920.382 326.4 1.5
TL 1790360920.482 229.5 4.3
TL 1790360920.582 252.2 3.4
TL 1790360920.683 351.5 2.2
TL 1790360920.783 395.6 4.1
TL 1790360920.883 172.6 3.2
TL 1790360920.983 274.1 3.5
TL 1790360921.083 114.7 1.2
TL 1790360921.183 123.5 0.7
TL 1790360921.283 54.1 1.5
TL 1790360921.383 203.8 2.6
TL 1790360921.484 355.3 3.0
TL 1790360921.584 78.1 1.8
TL 1790360921.684 433.0 1.7
TL 1790360921.784 417.3 3.7
TL 1790360921.884 393.4 3.6
TL 1790360921.984 162.9 3.6
TL 1790360922.084 114.4 1.2
TL 1790360922.185 96.6 0.8
TL 1790360922.285 482.4 4.4
TL 1790360922.385 349.4 4.9
TL 1790360922.485 155.9 1.9
TL 1790360922.586 141.8 2.0
TL 1790360922.686 98.3 2.6
TL 1790360922.786 259.3 3.5
TL 1790360922.886 82.9 1.5
TL 1790360922.986 94.6 1.5
TL 1790360923.086 83.9 1.6
TL 1790360923.186 64.2 0.9
TL 1790360923.287 248.1 3.7
TL 1790360923.387 123.3 1.3
TL 1790360923.487 79.5 1.3
TL 1790360923.587 731.1 4.1
TL 1790360923.687 94.8 1.2
TL 1790360923.788 652.7 3.3
TL 1790360923.887 105.9 1.7
TL 1790360923.987 84.2 2.4
TL 1790360924.088 68.7 1.5
TL 1790360924.188 247.0 0.8
TL 1790360924.288 82.2 1.0
TL 1790360924.388 129.2 1.8
TL 1790360924.488 90.0 1.4
TL 1790360924.588 306.9 2.8
TL 1790360924.688 285.5 2.3
TL 1790360924.788 67.1 3.3
TL 1790360924.888 60.7 1.7
TL 1790360924.989 232.4 2.1
TL 1790360925.089 99.5 1.3
TL 1790360925.189 56.3 0.7
TL 1790360925.289 82.2 1.9
TL 1790360925.389 107.0 1.9
TL 1790360925.490 509.1 9.6
TL 1790360925.590 330.2 4.4
TL 1790360925.690 299.0 2.0
TL 1790360925.790 292.3 2.2
TL 1790360925.890 235.3 3.3
TL 1790360925.990 233.0 1.9
TL 1790360926.090 124.7 1.3
TL 1790360926.190 65.2 0.8
TL 1790360926.292 1010.6 3.7
TL 1790360926.391 237.0 3.1
TL 1790360926.491 291.7 3.1
TL 1790360926.591 345.2 4.0
TL 1790360926.692 421.7 3.2
TL 1790360926.792 162.1 2.6
TL 1790360926.892 173.7 1.0
TL 1790360926.992 88.0 1.5
TL 1790360927.092 87.4 0.9
TL 1790360927.192 81.7 1.8
TL 1790360927.298 6122.9 2.0
TL 1790360927.393 676.6 1.8
TL 1790360927.493 399.5 4.4
TL 1790360927.593 243.2 2.5
TL 1790360927.693 287.0 2.4
TL 1790360927.793 131.7 1.6
TL 1790360927.893 104.5 1.1
TL 1790360927.993 98.7 1.4
TL 1790360928.093 127.8 1.2
TL 1790360928.193 91.9 0.7
TL 1790360928.294 113.1 2.1
TL 1790360928.394 444.7 3.1
TL 1790360928.494 290.5 3.8
TL 1790360928.595 755.4 3.9
TL 1790360928.695 912.6 2.0
TL 1790360928.795 454.2 3.7
TL 1790360928.896 370.2 2.6
TL 1790360928.995 73.6 1.1
TL 1790360929.096 99.1 0.9
TL 1790360929.196 223.3 1.1
TL 1790360929.296 129.5 1.7
TL 1790360929.396 105.4 1.4
TL 1790360929.497 655.3 1.4
TL 1790360929.597 66.0 2.7
TL 1790360929.697 200.6 2.6
TL 1790360929.797 246.6 2.8
TL 1790360929.897 127.9 1.7
TL 1790360929.997 114.3 1.4
TL 1790360930.097 62.2 0.8
TL 1790360930.198 116.6 1.2
TL 1790360930.298 120.5 1.8
TL 1790360930.398 106.2 1.4
TL 1790360930.498 122.3 1.4
TL 1790360930.599 1016.6 1.5
TL 1790360930.698 127.1 1.0
TL 1790360930.798 106.7 1.2
TL 1790360930.899 451.4 3.9
TL 1790360930.999 427.1 3.6
TL 1790360931.099 67.0 1.2
TL 1790360931.199 124.8 1.1
TL 1790360931.299 95.7 1.7
TL 1790360931.399 96.2 1.6
TL 1790360931.500 381.3 1.7
TL 1790360931.600 538.1 3.7
TL 1790360931.700 105.1 1.4
TL 1790360931.800 66.6 1.1
TL 1790360931.900 41.8 1.6
TL 1790360932.000 151.9 1.7
TL 1790360932.101 162.7 1.7
TL 1790360932.201 146.1 1.0
TL 1790360932.301 118.9 1.6
TL 1790360932.401 118.2 2.4
TL 1790360932.501 414.6 2.1
TL 1790360932.601 424.8 4.3
TL 1790360932.701 87.1 1.3
TL 1790360932.802 250.1 2.7
TL 1790360932.902 708.7 4.2
TL 1790360933.002 49.5 1.4
TL 1790360933.102 298.6 2.2
TL 1790360933.202 145.2 1.7
TL 1790360933.302 104.8 2.0
TL 1790360933.402 120.1 1.4
TL 1790360933.502 86.8 0.9
TL 1790360933.602 143.9 1.2
TL 1790360933.703 748.7 2.3
TL 1790360933.803 245.6 2.3
TL 1790360933.903 318.4 3.5
TL 1790360934.003 57.0 1.9
TL 1790360934.103 66.4 1.8
TL 1790360934.203 83.2 1.4
TL 1790360934.303 96.1 1.7
TL 1790360934.403 76.1 2.2
TL 1790360934.504 155.5 1.5
TL 1790360934.604 121.3 2.7
TL 1790360934.709 5207.8 1.1
TL 1790360934.804 117.1 1.9
TL 1790360934.904 272.8 3.4
TL 1790360935.005 303.7 3.3
TL 1790360935.105 342.0 2.3
TL 1790360935.205 228.0 2.9
TL 1790360935.305 122.8 1.8
TL 1790360935.405 169.5 1.6
TL 1790360935.505 80.4 1.1
TL 1790360935.605 66.2 1.0
TL 1790360935.705 136.0 0.6
TL 1790360935.806 126.0 1.9
TL 1790360935.906 451.0 4.1
TL 1790360936.006 292.6 4.1
TL 1790360936.106 366.5 4.0
TL 1790360936.206 323.5 1.1
TL 1790360936.306 78.9 1.4
TL 1790360936.406 79.6 2.3
TL 1790360936.507 108.2 1.7
TL 1790360936.607 98.7 1.7
TL 1790360936.707 81.1 0.8
TL 1790360936.807 76.7 1.6
TL 1790360936.907 68.5 2.4
TL 1790360937.010 3223.6 1.9
TL 1790360937.107 155.0 1.6
TL 1790360937.207 104.3 0.7
TL 1790360937.308 359.9 3.0
TL 1790360937.408 141.5 1.8
TL 1790360937.508 435.3 3.4
TL 1790360937.608 119.2 1.7
TL 1790360937.708 131.1 1.1
TL 1790360937.808 176.0 3.5
TL 1790360937.908 124.2 1.5
TL 1790360938.008 50.2 0.9
TL 1790360938.108 86.1 1.1
TL 1790360938.208 80.1 1.1
TL 1790360938.308 94.6 1.8
TL 1790360938.410 1164.9 2.3
TL 1790360938.509 82.6 2.3
TL 1790360938.609 350.3 1.4
TL 1790360938.709 123.1 1.8
TL 1790360938.809 448.8 3.4
TL 1790360938.909 329.0 3.6
TL 1790360939.009 91.7 2.7
TL 1790360939.109 102.2 1.1
TL 1790360939.209 117.4 0.7
TL 1790360939.309 59.7 0.9
TL 1790360939.410 60.5 1.3
TL 1790360939.510 79.4 1.4
TL 1790360939.610 633.1 2.3
TL 1790360939.710 324.0 2.8
TL 1790360939.810 146.1 1.7
TL 1790360939.910 101.8 1.2
TL 1790360940.010 70.0 1.2
TL 1790360940.111 162.8 1.8
TL 1790360940.211 111.9 0.8
TL 1790360940.311 171.5 1.5
TL 1790360940.411 82.9 1.5
TL 1790360940.511 178.8 1.4
TL 1790360940.612 467.0 1.8
TL 1790360940.712 334.0 2.9
TL 1790360940.812 82.3 2.2
TL 1790360940.912 43.8 0.9
TL 1790360941.012 129.7 1.0
TL 1790360941.112 230.8 1.8
TL 1790360941.212 144.2 1.1
TL 1790360941.312 111.3 1.6
TL 1790360941.412 125.8 2.5
TL 1790360941.514 1406.6 1.8
TL 1790360941.613 434.2 4.2
TL 1790360941.713 111.0 0.9
TL 1790360941.813 494.5 3.4
TL 1790360941.913 228.5 3.9
TL 1790360942.013 202.6 2.4
TL 1790360942.113 111.9 1.1
TL 1790360942.213 70.8 0.6
TL 1790360942.313 119.5 1.5
TL 1790360942.413 112.6 1.4
TL 1790360942.514 96.5 1.3
TL 1790360942.614 156.4 1.2
TL 1790360942.714 219.2 2.4
TL 1790360942.814 111.0 1.2
TL 1790360942.914 111.3 1.1
TL 1790360943.014 105.2 3.2
TL 1790360943.114 60.7 0.8
TL 1790360943.214 79.2 1.0
TL 1790360943.315 189.0 1.8
TL 1790360943.415 107.2 1.3
TL 1790360943.515 67.8 1.1
TL 1790360943.615 94.1 0.9
TL 1790360943.716 1491.2 2.3
TL 1790360943.815 106.1 1.9
TL 1790360943.915 296.0 3.3
TL 1790360944.015 302.4 3.3
TL 1790360944.116 353.8 1.5
TL 1790360944.216 229.6 1.6
TL 1790360944.316 62.4 0.9
TL 1790360944.416 85.5 1.5
TL 1790360944.516 121.1 2.2
TL 1790360944.616 109.0 1.6
TL 1790360944.716 53.8 1.1
TL 1790360944.820 3466.2 1.7
TL 1790360944.917 402.2 3.6
TL 1790360945.017 287.2 3.7
TL 1790360945.117 174.6 2.2
TL 1790360945.217 138.4 1.5
TL 1790360945.317 63.5 1.6
TL 1790360945.417 58.0 1.6
TL 1790360945.517 153.3 1.5
TL 1790360945.617 134.7 1.7
TL 1790360945.717 102.4 1.0
TL 1790360945.817 68.8 1.4
TL 1790360945.921 3992.4 1.4
TL 1790360946.018 283.8 3.3
TL 1790360946.118 279.1 4.0
TL 1790360946.218 284.4 3.7
TL 1790360946.318 110.3 1.5
TL 1790360946.418 107.0 1.6
TL 1790360946.518 95.8 2.3
TL 1790360946.618 138.3 2.7
TL 1790360946.719 113.2 0.8
TL 1790360946.819 76.2 1.5
TL 1790360946.919 92.8 2.7
TL 1790360947.022 2818.7 2.8
TL 1790360947.119 184.8 1.7
TL 1790360947.219 118.3 1.1
TL 1790360947.319 150.6 1.8
TL 1790360947.419 197.1 2.7
TL 1790360947.520 262.9 1.7
TL 1790360947.620 76.9 0.8
TL 1790360947.720 101.8 1.1
TL 1790360947.820 252.3 1.3
TL 1790360947.920 114.6 1.3
TL 1790360948.020 99.0 1.4
TL 1790360948.120 141.1 0.9
TL 1790360948.220 193.0 1.3
TL 1790360948.321 377.3 4.0
TL 1790360948.421 300.0 3.9
TL 1790360948.521 259.0 2.3
TL 1790360948.621 130.2 1.0
TL 1790360948.721 85.8 0.5
TL 1790360948.821 118.6 1.5
TL 1790360948.921 86.0 1.4
TL 1790360949.021 70.5 1.4
TL 1790360949.121 90.1 3.1
TL 1790360949.222 164.6 0.8
TL 1790360949.322 201.9 2.0
TL 1790360949.422 403.8 4.2
TL 1790360949.522 244.4 2.9
TL 1790360949.622 304.2 2.3
TL 1790360949.722 123.6 1.0
TL 1790360949.822 121.8 0.9
TL 1790360949.922 96.2 1.4
TL 1790360950.023 280.7 1.4
TL 1790360950.123 677.4 1.8
TL 1790360950.223 372.1 2.2
TL 1790360950.323 292.3 4.2
TL 1790360950.423 213.9 2.6
TL 1790360950.523 243.2 3.9
TL 1790360950.623 147.8 2.3
TL 1790360950.724 167.8 1.6
TL 1790360950.824 119.1 1.1
TL 1790360950.924 81.9 1.1
TL 1790360951.024 76.0 1.0
TL 1790360951.124 252.4 1.7
TL 1790360951.225 643.1 1.4
TL 1790360951.324 95.1 1.7
TL 1790360951.425 405.7 3.0
TL 1790360951.525 232.6 3.7
TL 1790360951.625 114.9 1.4
TL 1790360951.725 67.8 1.2
TL 1790360951.825 145.3 2.2
TL 1790360951.925 90.8 1.6
TL 1790360952.025 105.8 1.6
TL 1790360952.125 50.1 1.6
TL 1790360952.227 1375.7 2.4
TL 1790360952.325 60.8 1.9
TL 1790360952.426 405.1 4.2
TL 1790360952.527 345.5 3.8
TL 1790360952.627 185.4 2.4
TL 1790360952.727 138.8 1.7
TL 1790360952.827 77.1 1.4
TL 1790360952.927 80.5 2.4
TL 1790360953.027 369.7 1.5
TL 1790360953.127 114.2 2.2
TL 1790360953.227 266.5 1.4
TL 1790360953.327 99.7 1.3
TL 1790360953.427 84.0 1.0
TL 1790360953.528 248.0 3.0
TL 1790360953.628 351.2 3.0
TL 1790360953.728 198.4 1.8
TL 1790360953.828 126.3 1.5
TL 1790360953.928 119.6 1.7
TL 1790360954.028 125.6 1.7
TL 1790360954.128 100.3 1.4
TL 1790360954.228 138.3 0.9
TL 1790360954.328 69.5 1.2
TL 1790360954.429 163.1 2.5
TL 1790360954.529 63.9 3.1
TL 1790360954.630 991.5 4.1
TL 1790360954.729 137.2 0.9
TL 1790360954.829 189.0 1.5
TL 1790360954.929 114.0 1.6
TL 1790360955.030 96.4 1.5
TL 1790360955.130 281.5 1.7
TL 1790360955.230 116.0 1.5
TL 1790360955.330 82.5 1.3
TL 1790360955.434 3750.5 1.4
TL 1790360955.531 602.5 2.8
TL 1790360955.631 368.8 3.3
TL 1790360955.731 172.4 1.1
TL 1790360955.831 313.9 2.8
TL 1790360955.931 103.9 1.2
TL 1790360956.031 68.4 0.9
TL 1790360956.131 146.3 1.9
TL 1790360956.231 94.9 1.0
TL 1790360956.331 126.2 1.7
TL 1790360956.432 276.2 2.1
TL 1790360956.532 242.0 1.5
TL 1790360956.632 175.4 1.8
TL 1790360956.732 153.2 1.8
TL 1790360956.832 209.0 2.0
TL 1790360956.932 211.0 2.1
TL 1790360957.032 73.0 1.0
TL 1790360957.132 146.8 1.4
TL 1790360957.232 165.4 1.1
TL 1790360957.332 132.7 1.7
TL 1790360957.432 92.6 2.1
TL 1790360957.533 321.0 15.5
TL 1790360957.633 524.7 1.9
TL 1790360957.733 246.4 2.4
TL 1790360957.833 129.3 1.4
TL 1790360957.933 76.8 0.9
TL 1790360958.034 404.8 2.6
TL 1790360958.133 154.7 2.6
TL 1790360958.233 97.3 0.7
TL 1790360958.334 100.1 1.6
TL 1790360958.434 102.7 2.6
TL 1790360958.534 46.7 1.5
TL 1790360958.634 56.3 1.6
TL 1790360958.734 224.7 2.1
TL 1790360958.835 195.8 4.0
TL 1790360958.935 297.7 3.1
TL 1790360959.035 102.6 1.6
TL 1790360959.135 111.2 0.9
TL 1790360959.235 194.2 1.2
TL 1790360959.335 170.5 1.3
TL 1790360959.435 120.4 1.2
TL 1790360959.535 114.7 1.4
TL 1790360959.635 117.7 3.1
TL 1790360959.736 777.4 0.9
TL 1790360959.836 178.2 1.5
TL 1790360959.936 343.5 3.3
TL 1790360960.037 309.0 4.0
TL 1790360960.137 230.5 2.8
TL 1790360960.237 114.8 1.1
TL 1790360960.337 113.7 0.9
TL 1790360960.437 97.9 1.8
TL 1790360960.537 89.8 1.5
TL 1790360960.637 110.5 1.7
TL 1790360960.737 61.7 1.4
TL 1790360960.837 165.8 2.4
TL 1790360960.938 372.2 3.7
TL 1790360961.037 93.4 1.7
TL 1790360961.138 122.6 1.5
TL 1790360961.238 68.1 1.4
TL 1790360961.338 68.2 1.4
TL 1790360961.438 63.6 1.8
TL 1790360961.538 169.8 2.3
TL 1790360961.638 128.7 2.3
TL 1790360961.738 92.1 1.5
TL 1790360961.838 63.1 1.6
TL 1790360961.940 1143.3 2.6
TL 1790360962.039 272.1 3.6
TL 1790360962.139 94.9 1.6
TL 1790360962.239 77.7 0.9
TL 1790360962.339 165.2 2.4
TL 1790360962.439 119.3 2.0
TL 1790360962.539 94.0 1.5
TL 1790360962.639 139.6 3.3
TL 1790360962.739 75.0 0.7
TL 1790360962.840 274.8 1.7
TL 1790360962.940 168.2 2.8
TL 1790360963.040 125.7 1.4
TL 1790360963.140 178.1 1.6
TL 1790360963.240 114.2 0.7
TL 1790360963.340 104.4 1.4
TL 1790360963.441 196.5 2.7
TL 1790360963.541 124.2 2.1
TL 1790360963.641 62.8 1.3
TL 1790360963.741 62.1 0.9
TL 1790360963.841 91.8 2.4
TL 1790360963.941 207.6 1.5
TL 1790360964.041 159.1 2.0
TL 1790360964.141 248.6 4.0
TL 1790360964.242 341.8 3.0
TL 1790360964.342 138.9 1.6
TL 1790360964.442 172.6 2.0
TL 1790360964.542 125.1 1.4
TL 1790360964.642 79.2 0.9
TL 1790360964.742 91.8 0.7
TL 1790360964.842 113.4 1.6
TL 1790360964.943 1208.2 1.7
TL 1790360965.042 170.7 1.5
TL 1790360965.143 98.6 1.6
TL 1790360965.243 216.0 1.1
TL 1790360965.343 134.3 1.6
TL 1790360965.443 85.7 2.0
TL 1790360965.543 139.3 1.7
TL 1790360965.643 143.2 1.7
TL 1790360965.743 90.3 0.8
TL 1790360965.844 67.5 1.9
TL 1790360965.944 94.5 2.1
TL 1790360966.058 14058.7 1.8
TL 1790360966.144 171.2 2.0
TL 1790360966.244 285.4 1.9
TL 1790360966.345 341.3 3.2
TL 1790360966.445 169.2 2.1
TL 1790360966.545 151.8 2.1
TL 1790360966.645 159.4 1.7
TL 1790360966.745 71.4 0.6
TL 1790360966.845 63.0 1.6
TL 1790360966.945 190.4 1.6
TL 1790360967.045 105.6 1.5
TL 1790360967.145 177.5 2.0
TL 1790360967.245 126.9 1.4
TL 1790360967.345 149.5 1.8
TL 1790360967.446 217.8 2.3
TL 1790360967.546 102.5 1.2
TL 1790360967.646 89.3 0.8
TL 1790360967.746 100.4 0.8
TL 1790360967.846 469.3 1.6
TL 1790360967.947 1338.1 2.0
TL 1790360968.046 58.6 2.2
TL 1790360968.146 137.3 3.2
TL 1790360968.246 75.5 2.0
TL 1790360968.346 79.2 1.2
TL 1790360968.447 320.5 4.5
TL 1790360968.547 125.8 2.1
TL 1790360968.647 153.3 1.6
TL 1790360968.747 82.4 0.9
TL 1790360968.847 67.4 1.1
TL 1790360968.947 78.1 1.3
TL 1790360969.047 254.0 1.4
TL 1790360969.147 68.7 2.2
TL 1790360969.248 308.4 1.4
TL 1790360969.348 102.7 1.4
TL 1790360969.448 263.3 1.9
TL 1790360969.548 287.4 3.1
TL 1790360969.648 138.0 1.5
TL 1790360969.748 119.2 1.0
TL 1790360969.848 88.0 1.3
TL 1790360969.948 134.3 1.5
TL 1790360970.050 2068.0 2.0
TL 1790360970.149 370.8 5.4
TL 1790360970.249 276.1 3.1
TL 1790360970.349 74.9 1.0
TL 1790360970.449 351.8 0.9
TL 1790360970.549 99.1 1.4
TL 1790360970.649 161.5 2.0
TL 1790360970.749 73.8 1.1
TL 1790360970.849 92.6 2.3
TL 1790360970.949 94.6 1.7
TL 1790360971.050 91.8 1.7
TL 1790360971.150 93.1 3.0
TL 1790360971.251 1404.6 1.0
TL 1790360971.350 367.2 4.1
TL 1790360971.450 81.6 1.2
TL 1790360971.551 419.5 4.2
TL 1790360971.651 335.3 2.6
TL 1790360971.751 241.3 1.5
TL 1790360971.851 130.4 1.5
TL 1790360971.951 137.6 1.7
TL 1790360972.051 92.5 1.4
TL 1790360972.151 55.6 0.8
TL 1790360972.251 133.7 0.9
TL 1790360972.351 98.7 2.1
TL 1790360972.452 288.1 3.4
TL 1790360972.552 370.1 3.4
TL 1790360972.652 113.3 3.0
TL 1790360972.752 105.9 2.4
TL 1790360972.852 82.6 1.1
TL 1790360972.952 139.6 2.1
TL 1790360973.052 106.4 2.0
TL 1790360973.152 99.4 1.5
TL 1790360973.253 514.1 0.9
TL 1790360973.353 424.9 3.2
TL 1790360973.453 92.3 1.8
TL 1790360973.553 553.5 3.3
TL 1790360973.653 334.4 3.1
TL 1790360973.754 399.1 2.9
TL 1790360973.853 136.2 2.0
TL 1790360973.954 163.8 1.2
TL 1790360974.054 71.4 1.3
TL 1790360974.154 92.4 1.4
TL 1790360974.255 902.1 1.0
TL 1790360974.354 515.1 2.9
TL 1790360974.454 78.1 2.1
TL 1790360974.554 173.5 1.9
TL 1790360974.655 367.7 4.0
TL 1790360974.755 262.7 1.9
TL 1790360974.855 93.0 1.4
TL 1790360974.955 160.2 1.5
TL 1790360975.055 69.7 1.4
TL 1790360975.156 586.9 1.3
TL 1790360975.255 266.4 1.4
TL 1790360975.356 458.3 1.9
TL 1790360975.456 326.3 2.7
TL 1790360975.556 519.4 3.7
TL 1790360975.656 260.0 2.6
TL 1790360975.756 172.0 1.8
TL 1790360975.856 114.1 1.3
TL 1790360975.956 86.9 1.1
TL 1790360976.056 69.4 1.5
TL 1790360976.157 349.8 1.9
TL 1790360976.257 401.6 3.0
TL 1790360976.357 352.2 4.5
TL 1790360976.457 149.4 2.1
TL 1790360976.557 106.1 1.3
TL 1790360976.657 132.6 1.2
TL 1790360976.757 78.9 0.9
TL 1790360976.857 93.1 0.9
TL 1790360976.957 109.7 1.6
TL 1790360977.058 561.1 1.6
TL 1790360977.158 168.2 3.2
TL 1790360977.258 71.1 1.6
TL 1790360977.358 113.9 1.7
TL 1790360977.458 280.2 2.9
TL 1790360977.558 338.8 3.4
TL 1790360977.658 93.7 1.2
TL 1790360977.758 110.4 0.9
TL 1790360977.859 104.1 1.4
TL 1790360977.959 78.3 1.8
TL 1790360978.062 2871.1 2.3
TL 1790360978.159 84.5 1.6
TL 1790360978.259 245.7 2.4
TL 1790360978.359 128.8 1.6
TL 1790360978.459 112.6 2.3
TL 1790360978.560 220.8 2.9
TL 1790360978.660 74.1 1.3
TL 1790360978.760 104.2 1.5
TL 1790360978.860 138.8 1.8
TL 1790360978.960 104.8 60.8
TL 1790360979.060 73.5 1.3
TL 1790360979.160 104.8 1.6
TL 1790360979.261 627.2 1.0
TL 1790360979.360 78.4 2.0
TL 1790360979.460 79.7 2.3
TL 1790360979.561 85.9 2.8
TL 1790360979.661 116.8 1.1
TL 1790360979.761 70.2 1.0
TL 1790360979.861 484.0 2.6
TL 1790360979.961 126.7 2.3
TL 1790360980.061 116.5 1.6
TL 1790360980.161 84.1 2.7
TL 1790360980.261 88.9 1.8
TL 1790360980.365 3868.6 1.5
TL 1790360980.462 261.8 3.3
TL 1790360980.562 253.5 3.3
TL 1790360980.662 264.0 2.3
TL 1790360980.762 152.9 1.4
TL 1790360980.862 111.9 1.1
TL 1790360980.962 62.3 0.8
TL 1790360981.062 77.3 2.0
TL 1790360981.163 178.7 3.0
TL 1790360981.263 80.9 0.8
TL 1790360981.363 122.7 1.8
TL 1790360981.463 212.3 3.1
TL 1790360981.563 183.8 1.9
TL 1790360981.663 81.1 2.7
TL 1790360981.763 88.8 1.4
TL 1790360981.863 48.4 1.1
TL 1790360981.964 184.2 1.3
TL 1790360982.064 145.4 1.9
TL 1790360982.164 94.8 1.6
TL 1790360982.264 91.2 0.9
TL 1790360982.364 102.9 13.6
TL 1790360982.464 140.1 3.1
TL 1790360982.567 2663.7 1.4
TL 1790360982.664 93.4 1.2
TL 1790360982.764 88.4 1.0
TL 1790360982.865 694.8 3.3
TL 1790360982.966 1005.5 4.0
TL 1790360983.065 183.7 1.4
TL 1790360983.165 119.0 1.4
TL 1790360983.265 92.4 0.9
TL 1790360983.365 79.6 1.2
TL 1790360983.465 68.0 1.3
TL 1790360983.565 85.3 3.0
TL 1790360983.665 64.1 1.4
TL 1790360983.766 680.8 1.0
TL 1790360983.866 129.5 1.6
TL 1790360983.966 60.2 2.7
TL 1790360984.066 92.1 1.6
TL 1790360984.166 282.8 3.0
TL 1790360984.266 182.3 1.7
TL 1790360984.366 134.9 1.4
TL 1790360984.466 79.8 2.3
TL 1790360984.566 121.3 1.7
TL 1790360984.667 245.1 1.8
TL 1790360984.767 62.8 1.3
TL 1790360984.867 79.3 1.4
TL 1790360984.967 542.7 4.4
TL 1790360985.068 510.7 3.5
TL 1790360985.168 353.4 3.2
TL 1790360985.268 522.2 2.3
TL 1790360985.368 71.4 1.2
TL 1790360985.468 135.2 2.1
TL 1790360985.568 164.6 1.6
TL 1790360985.668 114.1 1.4
TL 1790360985.771 2910.7 1.0
TL 1790360985.869 291.5 3.4
TL 1790360985.969 381.0 3.7
TL 1790360986.069 96.3 1.6
TL 1790360986.169 66.2 1.7
TL 1790360986.269 114.1 0.8
TL 1790360986.369 121.0 1.0
TL 1790360986.469 87.4 1.0
TL 1790360986.569 95.9 1.1
TL 1790360986.670 404.1 1.5
TL 1790360986.771 1024.0 1.7
TL 1790360986.870 599.1 3.2
TL 1790360986.970 496.8 3.5
TL 1790360987.071 180.7 2.4
TL 1790360987.171 261.1 2.6
TL 1790360987.271 238.3 2.3
TL 1790360987.371 101.7 1.3
TL 1790360987.471 148.9 2.8
TL 1790360987.571 72.5 1.0
TL 1790360987.671 117.2 1.4
TL 1790360987.771 104.7 1.1
TL 1790360987.874 2716.1 4.5
TL 1790360987.972 392.6 4.3
TL 1790360988.072 406.2 4.3
TL 1790360988.172 261.7 1.5
TL 1790360988.272 117.8 0.9
TL 1790360988.372 84.6 1.4
TL 1790360988.472 93.2 1.4
TL 1790360988.573 79.1 1.3
TL 1790360988.673 102.7 1.7
TL 1790360988.773 93.9 1.1
TL 1790360988.873 130.5 1.6
TL 1790360988.973 112.6 2.2
TL 1790360989.076 2584.0 1.8
TL 1790360989.174 532.9 3.3
TL 1790360989.273 213.4 2.4
TL 1790360989.374 353.9 3.9
TL 1790360989.474 170.6 1.8
TL 1790360989.574 144.1 1.6
TL 1790360989.674 93.6 1.2
TL 1790360989.774 72.8 0.9
TL 1790360989.874 110.5 3.1
TL 1790360989.974 95.3 1.7
TL 1790360990.075 312.7 3.5
TL 1790360990.175 405.3 4.1
TL 1790360990.275 77.3 0.7
TL 1790360990.375 367.4 3.5
TL 1790360990.475 244.2 2.1
TL 1790360990.575 123.1 1.7
TL 1790360990.675 97.1 1.3
TL 1790360990.775 56.2 0.9
TL 1790360990.875 70.8 1.5
TL 1790360990.975 90.6 1.8
TL 1790360991.081 5575.8 1.5
TL 1790360991.176 346.1 5.1
TL 1790360991.276 313.1 2.9
TL 1790360991.376 94.9 1.5
TL 1790360991.476 68.9 1.0
TL 1790360991.577 177.9 2.0
TL 1790360991.677 142.8 6.1
TL 1790360991.777 133.0 1.1
TL 1790360991.877 77.1 1.4
TL 1790360991.977 72.2 1.4
TL 1790360992.078 646.1 1.7
TL 1790360992.177 140.1 1.5
TL 1790360992.278 381.0 3.3
TL 1790360992.378 102.3 1.6
TL 1790360992.478 89.0 1.2
TL 1790360992.578 83.6 1.5
TL 1790360992.678 189.6 3.2
TL 1790360992.778 103.5 0.9
TL 1790360992.878 100.9 1.6
TL 1790360992.979 656.7 1.9
TL 1790360993.082 3826.9 1.7
TL 1790360993.178 76.1 2.0
TL 1790360993.279 244.9 2.7
TL 1790360993.379 336.9 3.6
TL 1790360993.479 241.5 3.0
TL 1790360993.579 68.9 0.7
TL 1790360993.679 167.1 2.3
TL 1790360993.779 102.3 1.2
TL 1790360993.879 94.1 1.4
TL 1790360993.980 106.7 0.9
TL 1790360994.080 203.5 1.8
TL 1790360994.180 449.4 4.0
TL 1790360994.281 334.4 1.8
TL 1790360994.382 467.3 2.7
TL 1790360994.481 95.2 1.0
TL 1790360994.581 61.9 0.9
TL 1790360994.681 135.3 1.8
TL 1790360994.782 134.6 1.0
TL 1790360994.882 157.0 1.6
TL 1790360994.983 1318.9 1.9
TL 1790360995.082 338.2 4.1
TL 1790360995.183 320.5 3.9
TL 1790360995.282 75.7 0.9
TL 1790360995.383 90.3 2.8
TL 1790360995.483 48.7 1.0
TL 1790360995.583 137.6 2.3
TL 1790360995.683 152.2 1.8
TL 1790360995.783 192.9 2.3
TL 1790360995.883 423.5 1.6
TL 1790360995.984 1328.9 1.4
TL 1790360996.083 85.9 2.2
TL 1790360996.184 339.8 3.6
TL 1790360996.284 404.2 2.4
TL 1790360996.384 150.1 1.8
TL 1790360996.484 127.3 1.2
TL 1790360996.584 129.9 1.1
TL 1790360996.684 114.5 1.6
TL 1790360996.784 119.2 1.1
TL 1790360996.887 2803.3 1.6
TL 1790360996.985 420.4 3.0
TL 1790360997.085 393.0 3.0
TL 1790360997.185 382.6 2.9
TL 1790360997.286 418.2 2.6
TL 1790360997.385 108.9 1.7
TL 1790360997.486 200.1 2.9
TL 1790360997.586 115.3 1.7
TL 1790360997.686 67.3 2.1
TL 1790360997.786 52.4 1.7
TL 1790360997.886 85.5 1.9
TL 1790360997.986 148.9 1.7
TL 1790360998.089 473.0 4.0
TL 1790360998.189 336.7 3.2
TL 1790360998.289 348.4 2.2
TL 1790360998.389 100.2 1.0
TL 1790360998.489 72.4 0.9
TL 1790360998.589 130.6 1.8
TL 1790360998.689 118.8 1.8
TL 1790360998.789 89.5 0.9
TL 1790360998.889 78.2 1.1
TL 1790360998.989 150.7 3.0
TL 1790360999.090 749.2 2.0
TL 1790360999.190 379.2 3.2
TL 1790360999.290 150.5 0.9
TL 1790360999.391 588.6 3.7
TL 1790360999.490 153.8 2.0
TL 1790360999.590 102.0 1.4
TL 1790360999.690 94.6 1.8
TL 1790360999.791 89.6 1.5
TL 1790360999.891 83.3 1.7
TL 1790360999.991 810.2 2.1
TL 1790361000.091 278.2 1.7
TL 1790361000.191 229.8 2.6
TL 1790361000.291 271.3 3.0
TL 1790361000.391 192.7 2.0
TL 1790361000.491 87.9 1.8
TL 1790361000.592 90.2 2.7
TL 1790361000.692 100.2 2.9
TL 1790361000.792 153.6 0.6
TL 1790361000.894 2040.0 2.0
TL 1790361000.992 195.4 3.0
TL 1790361001.093 209.1 3.1
TL 1790361001.193 206.9 2.2
TL 1790361001.294 174.6 1.7
TL 1790361001.393 46.9 1.1
TL 1790361001.494 73.0 1.4
TL 1790361001.594 238.0 1.3
TL 1790361001.694 183.2 2.7
TL 1790361001.794 174.4 2.0
TL 1790361001.894 363.1 2.6
TL 1790361001.994 284.3 3.2
TL 1790361002.095 521.1 2.9
TL 1790361002.195 143.0 1.5
TL 1790361002.295 135.7 1.3
TL 1790361002.395 228.0 0.8
TL 1790361002.495 83.4 1.7
TL 1790361002.595 56.6 1.6
TL 1790361002.696 299.5 3.3
TL 1790361002.796 340.7 1.7
TL 1790361002.896 382.8 4.0
TL 1790361002.996 74.6 1.6
TL 1790361003.096 223.3 2.9
TL 1790361003.196 128.6 1.6
TL 1790361003.296 80.3 1.2
TL 1790361003.396 114.9 1.2
TL 1790361003.497 116.1 1.8
TL 1790361003.597 70.9 1.6
TL 1790361003.699 1892.6 1.2
TL 1790361003.800 232.3 2.5
TL 1790361003.900 121.6 1.9
TL 1790361004.001 268.4 3.1
TL 1790361004.101 153.3 1.6
TL 1790361004.201 176.2 2.3
TL 1790361004.301 165.9 1.4
TL 1790361004.401 84.2 1.2
TL 1790361004.501 242.9 1.1
TL 1790361004.601 70.8 1.3
TL 1790361004.701 64.0 1.4
TL 1790361004.802 101.4 1.2
TL 1790361004.902 114.7 2.3
TL 1790361005.002 453.6 3.5
TL 1790361005.103 533.6 2.8
TL 1790361005.203 282.7 3.9
TL 1790361005.303 199.5 2.5
TL 1790361005.403 122.2 1.1
TL 1790361005.503 137.2 1.4
TL 1790361005.603 106.4 1.1
TL 1790361005.703 64.4 1.5
TL 1790361005.804 774.3 1.0
TL 1790361005.903 357.1 4.0
TL 1790361006.004 576.7 2.1
TL 1790361006.104 300.6 2.4
TL 1790361006.204 133.0 1.5
TL 1790361006.304 130.1 2.3
TL 1790361006.404 121.7 1.7
TL 1790361006.504 46.9 0.9
TL 1790361006.604 91.8 1.4
TL 1790361006.706 976.6 1.5
TL 1790361006.805 203.3 1.1
TL 1790361006.905 106.0 2.1
TL 1790361007.005 302.4 4.0
TL 1790361007.105 93.0 3.0
TL 1790361007.206 265.6 3.0
TL 1790361007.306 135.9 1.4
TL 1790361007.406 134.0 1.4
TL 1790361007.506 140.2 1.5
TL 1790361007.606 90.6 1.4
TL 1790361007.707 904.1 1.5
TL 1790361007.806 84.6 0.7
TL 1790361007.907 209.6 1.9
TL 1790361008.007 340.1 4.1
TL 1790361008.107 437.0 4.4
TL 1790361008.208 425.3 44.8
TL 1790361008.307 123.4 0.9
TL 1790361008.407 142.9 1.6
TL 1790361008.508 124.5 1.6
TL 1790361008.608 60.3 1.1
TL 1790361008.711 3353.4 2.0
TL 1790361008.808 54.5 1.0
TL 1790361008.908 363.1 3.3
TL 1790361009.008 172.8 2.2
TL 1790361009.108 106.2 1.5
TL 1790361009.209 147.4 1.7
TL 1790361009.309 157.0 1.4
TL 1790361009.409 159.2 3.0
TL 1790361009.509 116.3 1.7
TL 1790361009.609 92.3 1.4
TL 1790361009.709 107.9 1.8
TL 1790361009.812 2892.2 1.0
TL 1790361009.909 210.8 4.1
TL 1790361010.010 378.5 5.5
TL 1790361010.110 734.0 4.3
TL 1790361010.210 106.6 1.4
TL 1790361010.310 147.7 1.5
TL 1790361010.410 63.9 1.0
TL 1790361010.510 69.8 1.2
TL 1790361010.610 151.4 1.5
TL 1790361010.710 73.5 3.6
TL 1790361010.810 137.1 0.8
TL 1790361010.911 86.7 1.8
TL 1790361011.011 279.7 3.2
TL 1790361011.111 436.9 3.8
TL 1790361011.211 141.7 1.8
TL 1790361011.311 376.3 1.0
TL 1790361011.411 85.3 1.2
TL 1790361011.511 50.4 1.1
TL 1790361011.612 172.5 1.0
TL 1790361011.712 91.6 1.1
TL 1790361011.812 910.4 1.2
TL 1790361011.913 929.8 3.8
TL 1790361012.012 372.0 4.4
TL 1790361012.113 692.5 3.8
TL 1790361012.213 464.3 3.4
TL 1790361012.314 442.8 2.2
TL 1790361012.413 175.0 2.1
TL 1790361012.513 65.8 1.5
TL 1790361012.613 70.3 1.2
TL 1790361012.714 75.1 1.6
TL 1790361012.814 532.3 1.0
TL 1790361012.914 345.1 4.3
TL 1790361013.014 214.0 3.9
TL 1790361013.114 293.4 1.7
TL 1790361013.215 263.5 2.6
TL 1790361013.315 109.4 1.3
TL 1790361013.415 58.7 0.7
TL 1790361013.515 305.9 1.6
TL 1790361013.615 156.7 1.4
TL 1790361013.715 74.4 1.9
TL 1790361013.815 84.9 1.2
TL 1790361013.915 384.9 3.3
TL 1790361014.015 287.8 4.6
TL 1790361014.115 76.5 1.9
TL 1790361014.216 402.7 2.9
TL 1790361014.316 278.9 2.9
TL 1790361014.416 248.0 1.2
TL 1790361014.516 230.9 1.3
TL 1790361014.616 100.3 1.2
TL 1790361014.716 77.2 1.4
TL 1790361014.819 2382.3 1.2
TL 1790361014.917 447.7 4.0
TL 1790361015.017 294.2 4.6
TL 1790361015.118 1385.6 5.1
TL 1790361015.217 159.3 2.0
TL 1790361015.317 130.5 1.1
TL 1790361015.417 132.6 1.5
TL 1790361015.517 101.6 1.6
TL 1790361015.617 64.7 1.0
TL 1790361015.718 97.8 1.5
TL 1790361015.818 235.4 2.3
TL 1790361015.918 64.7 3.0
TL 1790361016.019 445.2 3.7
TL 1790361016.119 258.4 3.7
TL 1790361016.219 51.4 0.9
TL 1790361016.319 133.7 1.4
TL 1790361016.419 140.3 1.8
TL 1790361016.519 195.7 2.7
TL 1790361016.619 132.3 2.0
TL 1790361016.721 1566.6 1.6
TL 1790361016.820 203.9 1.0
TL 1790361016.920 239.1 3.9
TL 1790361017.021 230.6 3.4
TL 1790361017.121 295.7 2.4
TL 1790361017.221 220.9 2.7
TL 1790361017.321 119.5 1.2
TL 1790361017.421 99.6 1.1
TL 1790361017.525 4113.3 1.4
TL 1790361017.621 93.8 1.4
TL 1790361017.721 103.8 1.3
TL 1790361017.821 109.6 1.1
TL 1790361017.921 133.7 1.5
TL 1790361018.022 118.8 2.2
TL 1790361018.122 103.5 1.5
TL 1790361018.222 58.4 2.4
TL 1790361018.322 206.5 1.5
TL 1790361018.422 107.7 1.5
TL 1790361018.522 52.7 0.8
TL 1790361018.622 139.8 2.1
TL 1790361018.722 98.2 1.5
TL 1790361018.822 47.6 0.7
TL 1790361018.923 109.4 1.8
TL 1790361019.023 641.0 1.9
TL 1790361019.123 326.7 3.5
TL 1790361019.223 385.1 3.3
TL 1790361019.323 280.3 2.5
TL 1790361019.424 261.4 3.4
TL 1790361019.524 461.8 3.0
TL 1790361019.624 125.4 1.7
TL 1790361019.724 89.3 1.2
TL 1790361019.825 79.4 0.8
TL 1790361019.928 3058.9 1.2
TL 1790361020.025 394.5 4.5
TL 1790361020.125 550.9 3.0
TL 1790361020.225 176.0 2.7
TL 1790361020.325 79.0 2.8
TL 1790361020.425 55.3 2.3
TL 1790361020.525 84.4 1.5
TL 1790361020.625 86.3 1.2
TL 1790361020.726 79.9 1.1
TL 1790361020.826 139.1 1.5
TL 1790361020.926 158.4 2.2
TL 1790361021.026 136.4 2.6
TL 1790361021.126 384.4 4.7
TL 1790361021.226 340.2 3.3
TL 1790361021.327 346.5 2.3
TL 1790361021.428 359.0 4.0
TL 1790361021.528 148.8 1.2
TL 1790361021.628 93.7 1.2
TL 1790361021.728 60.7 1.0
TL 1790361021.828 130.4 1.0
TL 1790361021.928 250.7 1.9
TL 1790361022.029 443.0 3.1
TL 1790361022.129 298.9 3.5
TL 1790361022.229 317.2 4.1
TL 1790361022.329 349.3 2.8
TL 1790361022.429 102.5 1.7
TL 1790361022.529 115.3 1.4
TL 1790361022.629 86.3 1.0
TL 1790361022.729 47.7 1.1
TL 1790361022.829 287.0 1.7
TL 1790361022.930 334.1 3.4
TL 1790361023.030 466.1 4.0
TL 1790361023.130 81.2 1.5
TL 1790361023.231 797.7 3.3
TL 1790361023.331 227.3 2.2
TL 1790361023.431 104.2 1.4
TL 1790361023.531 93.3 1.1
TL 1790361023.635 3503.3 4.9
TL 1790361023.731 144.2 1.8
TL 1790361023.832 177.0 1.3
TL 1790361023.932 406.5 3.4
TL 1790361024.032 66.0 1.3
TL 1790361024.132 100.1 1.1
TL 1790361024.232 85.6 1.8
TL 1790361024.332 96.1 1.0
TL 1790361024.432 152.7 1.9
TL 1790361024.532 130.9 1.6
TL 1790361024.632 112.2 1.6
TL 1790361024.733 188.6 1.9
TL 1790361024.833 66.5 1.4
TL 1790361024.933 149.5 2.1
TL 1790361025.033 72.2 1.8
TL 1790361025.134 367.6 3.0
TL 1790361025.234 55.9 1.8
TL 1790361025.334 319.5 2.8
TL 1790361025.434 136.2 1.5
TL 1790361025.534 91.8 1.1
TL 1790361025.635 360.7 2.5
TL 1790361025.735 106.3 1.9
TL 1790361025.835 314.3 1.3
TL 1790361025.935 336.9 3.1
TL 1790361026.035 167.0 2.2
TL 1790361026.137 367.0 4.5
TL 1790361026.238 327.2 3.6
TL 1790361026.338 202.4 4.3
TL 1790361026.438 138.2 1.6
TL 1790361026.538 109.2 1.3
TL 1790361026.638 96.8 1.2
TL 1790361026.738 101.4 1.6
TL 1790361026.838 130.3 1.7
TL 1790361026.938 56.7 1.7
TL 1790361027.039 360.1 4.1
TL 1790361027.139 562.1 3.1
TL 1790361027.239 79.0 1.9
TL 1790361027.339 68.9 1.5
TL 1790361027.439 182.0 3.0
TL 1790361027.539 90.7 1.4
TL 1790361027.639 163.1 1.9
TL 1790361027.739 93.3 1.1
TL 1790361027.839 69.5 2.7
TL 1790361027.939 170.5 1.7
TL 1790361028.040 644.0 1.2
TL 1790361028.140 354.0 3.1
TL 1790361028.240 266.6 1.8
TL 1790361028.340 341.7 3.3
TL 1790361028.440 86.7 1.4
TL 1790361028.541 81.3 0.8
TL 1790361028.641 130.7 1.7
TL 1790361028.741 81.8 1.6
TL 1790361028.841 90.1 1.4
TL 1790361028.941 46.0 1.6
TL 1790361029.041 52.7 1.6
TL 1790361029.141 485.4 3.4
TL 1790361029.242 373.4 3.9
TL 1790361029.342 106.8 1.6
TL 1790361029.442 57.6 2.0
TL 1790361029.542 54.8 1.9
TL 1790361029.642 287.9 1.1
TL 1790361029.742 54.3 1.0
TL 1790361029.842 108.3 3.4
TL 1790361029.943 651.2 2.2
TL 1790361030.042 145.6 1.9
TL 1790361030.143 362.1 3.0
TL 1790361030.243 355.7 3.6
TL 1790361030.343 276.4 3.4
TL 1790361030.443 126.3 2.3
TL 1790361030.543 113.1 1.7
TL 1790361030.643 119.5 1.5
TL 1790361030.743 142.8 2.4
TL 1790361030.843 58.5 0.6
TL 1790361030.943 78.9 1.6
TL 1790361031.044 191.8 2.8
TL 1790361031.145 1591.5 1.6
TL 1790361031.244 501.9 3.9
TL 1790361031.345 359.2 2.9
TL 1790361031.445 279.9 4.0
TL 1790361031.545 172.1 2.2
TL 1790361031.646 350.9 1.5
TL 1790361031.745 74.8 1.8
TL 1790361031.846 93.1 1.2
TL 1790361031.946 40.4 1.2
TL 1790361032.046 84.8 1.5
TL 1790361032.146 78.7 1.6
TL 1790361032.246 79.9 2.8
TL 1790361032.347 333.8 1.8
TL 1790361032.447 324.5 3.4
TL 1790361032.547 338.5 3.3
TL 1790361032.647 64.5 1.4
TL 1790361032.747 133.0 1.6
TL 1790361032.847 90.0 1.3
TL 1790361032.947 79.0 1.0
TL 1790361033.047 123.2 2.7
TL 1790361033.148 156.2 2.3
TL 1790361033.248 129.3 1.6
TL 1790361033.348 407.5 1.1
TL 1790361033.448 332.3 3.8
TL 1790361033.548 222.8 2.3
TL 1790361033.649 293.4 3.4
TL 1790361033.748 113.8 1.5
TL 1790361033.849 98.5 1.3
TL 1790361033.949 67.6 1.1
TL 1790361034.049 66.0 1.3
TL 1790361034.149 89.4 1.7
TL 1790361034.249 76.2 1.5
TL 1790361034.352 2838.7 1.2
TL 1790361034.450 403.8 4.0
TL 1790361034.550 421.3 3.0
TL 1790361034.650 239.7 3.6
TL 1790361034.750 265.4 3.7
TL 1790361034.850 121.9 1.4
TL 1790361034.950 164.3 1.7
TL 1790361035.050 70.6 0.9
TL 1790361035.150 85.8 1.6
TL 1790361035.250 117.9 1.4
TL 1790361035.350 216.8 2.6
TL 1790361035.452 1285.1 3.5
TL 1790361035.551 349.7 3.9
TL 1790361035.651 190.2 2.2
TL 1790361035.752 422.0 2.2
TL 1790361035.851 68.1 0.9
TL 1790361035.952 168.5 2.6
TL 1790361036.052 391.6 1.1
TL 1790361036.152 355.5 2.6
TL 1790361036.252 368.6 3.5
TL 1790361036.352 229.9 1.5
TL 1790361036.452 96.9 3.0
TL 1790361036.553 112.3 1.8
TL 1790361036.653 248.1 2.7
TL 1790361036.753 134.5 1.7
TL 1790361036.853 93.8 1.0
TL 1790361036.953 57.7 0.9
TL 1790361037.055 510.8 1.9
TL 1790361037.155 358.7 3.1
TL 1790361037.255 153.1 1.6
TL 1790361037.355 349.0 3.2
TL 1790361037.455 363.1 4.8
TL 1790361037.555 160.3 2.5
TL 1790361037.656 329.7 4.1
TL 1790361037.756 264.3 3.0
TL 1790361037.856 228.7 1.3
TL 1790361037.956 401.4 1.4
TL 1790361038.057 776.3 2.6
TL 1790361038.157 342.9 35.4
TL 1790361038.257 252.7 2.3
TL 1790361038.357 156.5 1.0
TL 1790361038.457 212.9 3.3
TL 1790361038.557 73.9 1.4
TL 1790361038.657 111.3 3.9
TL 1790361038.757 173.4 0.9
TL 1790361038.857 172.5 1.4
TL 1790361038.957 72.5 1.6
TL 1790361039.058 125.8 1.5
TL 1790361039.158 104.8 38.8
TL 1790361039.258 86.4 2.2
TL 1790361039.358 128.2 1.4
TL 1790361039.458 115.1 2.0
TL 1790361039.558 68.3 1.6
TL 1790361039.659 227.3 2.3
TL 1790361039.759 139.7 1.2
TL 1790361039.859 259.7 1.1
TL 1790361039.959 62.2 1.0
TL 1790361040.059 111.6 1.7
TL 1790361040.159 152.4 1.9
TL 1790361040.260 350.4 3.9
TL 1790361040.360 127.4 1.0
TL 1790361040.461 408.6 3.1
TL 1790361040.561 240.1 2.3
TL 1790361040.661 196.1 1.4
TL 1790361040.761 66.9 1.1
TL 1790361040.861 94.5 1.3
TL 1790361040.961 107.1 1.1
TL 1790361041.061 89.5 1.7
TL 1790361041.162 663.8 1.6
TL 1790361041.262 124.6 2.6
TL 1790361041.364 2171.9 1.2
TL 1790361041.462 386.7 3.5
TL 1790361041.562 269.5 3.3
TL 1790361041.663 243.5 3.2
TL 1790361041.763 131.8 1.0
TL 1790361041.863 62.1 0.8
TL 1790361041.963 236.0 2.2
TL 1790361042.063 107.9 1.6
TL 1790361042.163 86.7 1.6
TL 1790361042.263 112.2 1.6
TL 1790361042.363 57.1 1.7
TL 1790361042.469 5152.7 2.4
TL 1790361042.564 374.0 53.7
TL 1790361042.664 340.6 4.6
TL 1790361042.764 435.7 4.5
TL 1790361042.864 98.4 1.2
TL 1790361042.964 109.7 1.6
TL 1790361043.064 89.9 1.0
TL 1790361043.165 94.2 1.2
TL 1790361043.265 97.4 3.3
TL 1790361043.365 167.1 1.4
TL 1790361043.465 102.7 1.5
TL 1790361043.565 378.6 4.1
TL 1790361043.666 386.4 4.9
TL 1790361043.766 229.8 3.4
TL 1790361043.866 149.6 1.2
TL 1790361043.966 72.8 1.5
TL 1790361044.066 146.8 1.7
TL 1790361044.166 122.6 1.6
TL 1790361044.266 54.7 0.9
TL 1790361044.366 113.1 1.5
TL 1790361044.466 120.0 1.7
TL 1790361044.566 98.2 1.8
TL 1790361044.667 363.5 4.5
TL 1790361044.767 365.5 4.2
TL 1790361044.867 74.8 1.6
TL 1790361044.967 419.1 3.9
TL 1790361045.067 128.2 1.7
TL 1790361045.167 107.1 1.6
TL 1790361045.267 135.8 1.2
TL 1790361045.367 74.3 1.6
TL 1790361045.477 10018.0 2.5
TL 1790361045.573 5343.2 3.3
TL 1790361045.668 266.5 4.0
TL 1790361045.768 279.6 3.1
TL 1790361045.869 394.6 3.2
TL 1790361045.969 256.0 4.1
TL 1790361046.069 269.8 3.3
TL 1790361046.169 89.6 1.4
TL 1790361046.269 89.3 1.7
TL 1790361046.369 83.7 2.0
TL 1790361046.469 82.3 1.9
TL 1790361046.569 118.8 1.5
TL 1790361046.670 408.6 3.2
TL 1790361046.770 310.5 3.6
TL 1790361046.870 225.3 2.3
TL 1790361046.970 114.1 2.0
TL 1790361047.071 207.3 1.8
TL 1790361047.171 161.7 2.4
TL 1790361047.271 172.1 1.5
TL 1790361047.371 105.8 1.8
TL 1790361047.471 147.9 1.5
TL 1790361047.571 88.5 1.5
TL 1790361047.671 114.1 2.3
TL 1790361047.771 123.6 1.3
TL 1790361047.871 61.2 1.8
TL 1790361047.972 211.7 1.4
TL 1790361048.072 125.4 1.5
TL 1790361048.172 72.8 1.2
TL 1790361048.272 110.2 1.7
TL 1790361048.372 148.4 1.1
TL 1790361048.472 127.5 1.5
TL 1790361048.572 92.3 1.7
TL 1790361048.672 128.7 1.5
TL 1790361048.772 54.3 1.9
TL 1790361048.879 6458.1 2.1
TL 1790361048.973 251.6 6.4
TL 1790361049.073 145.1 1.5
TL 1790361049.173 79.2 1.1
TL 1790361049.273 314.3 1.9
TL 1790361049.373 148.2 2.2
TL 1790361049.473 137.3 1.8
TL 1790361049.573 118.1 1.6
TL 1790361049.674 141.9 2.1
TL 1790361049.774 93.3 1.5
TL 1790361049.874 123.2 1.2
TL 1790361049.974 418.4 2.9
TL 1790361050.074 169.5 1.4
TL 1790361050.174 219.4 3.6
TL 1790361050.274 123.4 1.4
TL 1790361050.374 69.6 1.6
TL 1790361050.475 141.2 1.7
TL 1790361050.575 167.2 1.9
TL 1790361050.675 79.6 2.7
TL 1790361050.775 126.1 1.6
TL 1790361050.875 125.6 1.3
TL 1790361050.975 107.7 1.6
TL 1790361051.079 3707.2 1.7
TL 1790361051.175 191.5 3.1
TL 1790361051.276 361.3 3.7
TL 1790361051.376 273.2 2.9
TL 1790361051.476 236.2 2.5
TL 1790361051.576 166.8 1.4
TL 1790361051.676 90.9 0.8
TL 1790361051.776 120.1 1.5
TL 1790361051.876 84.4 1.4
TL 1790361051.976 116.6 3.6
TL 1790361052.079 2640.5 2.2
TL 1790361052.177 126.9 1.9
TL 1790361052.277 133.1 3.2
TL 1790361052.377 169.7 1.5
TL 1790361052.477 139.5 1.4
TL 1790361052.578 232.2 2.4
TL 1790361052.678 165.7 1.5
TL 1790361052.778 122.4 1.7
TL 1790361052.878 136.9 3.0
TL 1790361052.978 62.0 2.8
TL 1790361053.081 3421.3 26.7
TL 1790361053.179 435.1 3.9
TL 1790361053.279 362.4 3.4
TL 1790361053.379 124.6 1.7
TL 1790361053.479 124.9 1.2
TL 1790361053.579 86.5 0.9
TL 1790361053.679 203.7 2.8
TL 1790361053.779 104.0 1.6
TL 1790361053.879 84.9 2.9
TL 1790361053.982 2504.2 1.8
TL 1790361054.080 276.7 3.9
TL 1790361054.180 295.0 3.0
TL 1790361054.280 86.3 1.4
TL 1790361054.380 63.5 2.1
TL 1790361054.480 78.3 2.4
TL 1790361054.580 57.4 1.6
TL 1790361054.680 80.2 2.0
TL 1790361054.781 90.7 1.9
TL 1790361054.881 112.8 0.8
TL 1790361054.981 118.5 2.9
TL 1790361055.081 287.7 3.9
TL 1790361055.182 501.6 3.7
TL 1790361055.282 292.4 4.2
TL 1790361055.382 220.8 1.2
TL 1790361055.482 227.6 1.2
TL 1790361055.582 64.1 1.1
TL 1790361055.682 99.8 2.4
TL 1790361055.782 91.4 1.5
TL 1790361055.883 843.5 2.2
TL 1790361055.983 217.3 3.9
TL 1790361056.083 338.6 3.6
TL 1790361056.183 120.1 2.0
TL 1790361056.283 346.7 3.8
TL 1790361056.384 293.8 3.7
TL 1790361056.484 381.9 1.3
TL 1790361056.584 114.2 1.2
TL 1790361056.684 157.8 3.4
TL 1790361056.784 346.2 2.1
TL 1790361056.884 263.0 2.1
TL 1790361056.984 345.2 3.9
TL 1790361057.085 353.5 3.4
TL 1790361057.185 363.1 3.2
TL 1790361057.285 277.1 3.2
TL 1790361057.385 113.0 1.6
TL 1790361057.485 209.9 3.1
TL 1790361057.585 70.5 1.0
TL 1790361057.687 143.0 1.3
TL 1790361057.788 460.2 3.9
TL 1790361057.888 378.5 1.8
TL 1790361057.988 247.9 3.1
TL 1790361058.089 272.8 3.0
TL 1790361058.189 396.4 5.2
TL 1790361058.289 367.4 4.2
TL 1790361058.389 330.4 2.8
TL 1790361058.489 77.2 1.1
TL 1790361058.589 184.2 1.3
TL 1790361058.690 284.1 3.2
TL 1790361058.790 360.9 2.3
TL 1790361058.891 260.2 1.6
TL 1790361058.990 53.9 1.5
TL 1790361059.091 136.6 1.3
TL 1790361059.191 120.4 1.1
TL 1790361059.291 74.3 0.9
TL 1790361059.391 253.1 1.8
TL 1790361059.491 223.1 3.5
TL 1790361059.591 210.5 2.9
TL 1790361059.692 319.9 3.4
TL 1790361059.792 449.6 2.5
TL 1790361059.892 120.0 1.5
TL 1790361059.993 868.9 2.5
TL 1790361060.093 475.9 4.5
TL 1790361060.193 214.2 1.8
TL 1790361060.293 300.6 3.0
TL 1790361060.393 244.6 1.8
TL 1790361060.494 219.2 2.3
TL 1790361060.594 326.4 4.4
TL 1790361060.694 138.1 2.7
TL 1790361060.794 144.2 1.7
TL 1790361060.894 85.5 1.4
TL 1790361060.994 161.5 2.2
TL 1790361061.095 391.2 2.7
TL 1790361061.195 319.6 3.0
TL 1790361061.295 62.7 1.7
TL 1790361061.395 105.5 1.1
TL 1790361061.495 359.5 4.0
TL 1790361061.595 137.1 1.2
TL 1790361061.695 92.1 1.1
TL 1790361061.796 235.1 1.6
TL 1790361061.896 290.8 2.3
TL 1790361061.996 354.1 2.1
TL 1790361062.096 300.8 2.2
TL 1790361062.197 422.0 4.0
TL 1790361062.297 67.4 1.9
TL 1790361062.397 353.8 2.8
TL 1790361062.497 194.6 3.2
TL 1790361062.597 297.2 2.0
TL 1790361062.697 79.8 1.3
TL 1790361062.797 86.3 1.4
TL 1790361062.897 94.8 0.8
TL 1790361062.998 267.5 2.0
TL 1790361063.098 254.3 2.7
TL 1790361063.198 320.0 3.6
TL 1790361063.300 369.4 1.8
TL 1790361063.400 318.5 2.5
TL 1790361063.500 143.4 1.6
TL 1790361063.600 322.2 1.1
TL 1790361063.700 243.8 2.4
TL 1790361063.800 112.6 1.2
TL 1790361063.900 81.6 1.1
TL 1790361064.001 237.9 4.0
TL 1790361064.101 334.8 2.2
TL 1790361064.201 193.7 1.8
TL 1790361064.301 77.1 0.6
TL 1790361064.401 60.9 1.7
TL 1790361064.502 624.9 2.1
TL 1790361064.602 236.5 1.6
TL 1790361064.702 161.4 2.6
TL 1790361064.802 123.3 2.4
TL 1790361064.903 270.4 2.0
TL 1790361065.003 280.9 3.2
TL 1790361065.103 269.3 2.9
TL 1790361065.203 300.6 3.2
TL 1790361065.303 239.2 3.0
TL 1790361065.403 234.3 2.3
TL 1790361065.504 298.6 3.3
TL 1790361065.604 198.2 1.7
TL 1790361065.704 79.3 1.4
TL 1790361065.804 105.5 1.8
TL 1790361065.904 142.1 1.3
TL 1790361066.004 80.2 1.4
TL 1790361066.104 221.5 2.2
TL 1790361066.205 363.9 2.9
TL 1790361066.305 330.8 3.2
TL 1790361066.405 236.1 0.8
TL 1790361066.505 69.3 0.5
TL 1790361066.605 258.4 2.8
TL 1790361066.706 470.9 4.1
TL 1790361066.806 134.7 1.9
TL 1790361066.906 407.7 1.8
TL 1790361067.006 325.7 2.1
TL 1790361067.106 321.4 3.6
TL 1790361067.207 358.8 3.9
TL 1790361067.307 281.6 2.2
TL 1790361067.407 459.5 1.6
TL 1790361067.507 90.4 0.6
TL 1790361067.607 388.4 3.6
TL 1790361067.707 329.9 3.4
TL 1790361067.808 431.3 4.0
TL 1790361067.908 369.8 0.9
TL 1790361068.008 205.6 3.1
TL 1790361068.108 52.4 1.7
TL 1790361068.208 136.4 1.8
TL 1790361068.309 236.4 3.6
TL 1790361068.409 306.7 2.5
TL 1790361068.509 99.7 0.7
TL 1790361068.609 83.3 1.4
TL 1790361068.709 342.8 3.3
TL 1790361068.809 115.9 1.5
TL 1790361068.909 73.1 0.5
TL 1790361069.010 329.2 2.7
TL 1790361069.110 111.2 1.4
TL 1790361069.210 108.2 1.4
TL 1790361069.310 121.1 1.8
TL 1790361069.410 121.6 1.2
TL 1790361069.510 54.3 1.3
TL 1790361069.610 280.8 1.8
TL 1790361069.710 72.9 1.1
TL 1790361069.810 111.5 1.5
TL 1790361069.911 81.9 1.1
TL 1790361070.011 154.4 2.0
TL 1790361070.111 60.6 2.2
TL 1790361070.212 1063.1 1.9
TL 1790361070.316 5361.1 1.4
TL 1790361070.411 95.2 1.4
TL 1790361070.511 109.0 1.7
TL 1790361070.611 79.2 1.3
TL 1790361070.712 101.0 2.0
TL 1790361070.812 248.8 1.1
TL 1790361070.912 61.8 1.4
TL 1790361071.016 4149.2 1.5
TL 1790361071.112 103.9 1.9
TL 1790361071.213 1287.7 1.8
TL 1790361071.312 76.2 1.3
TL 1790361071.412 257.3 4.6
TL 1790361071.513 226.8 2.2
TL 1790361071.613 105.9 1.1
TL 1790361071.713 371.6 4.7
TL 1790361071.813 286.7 5.9
TL 1790361071.913 368.7 0.7
TL 1790361072.013 310.4 2.0
TL 1790361072.113 93.1 1.4
TL 1790361072.213 175.1 1.4
TL 1790361072.316 2543.9 2.7
TL 1790361072.414 337.6 1.6
TL 1790361072.519 5286.7 1.9
TL 1790361072.615 1527.5 2.2
TL 1790361072.714 302.7 1.7
TL 1790361072.814 219.6 2.4
TL 1790361072.914 89.7 0.7
TL 1790361073.015 166.6 2.6
TL 1790361073.115 311.9 1.4
TL 1790361073.215 142.5 1.7
TL 1790361073.315 73.5 1.5
TL 1790361073.415 126.6 1.3
TL 1790361073.515 126.7 1.9
TL 1790361073.615 67.9 1.7
TL 1790361073.715 152.0 2.4
TL 1790361073.815 124.1 1.7
TL 1790361073.915 75.4 1.9
TL 1790361074.016 80.4 2.0
TL 1790361074.116 114.8 1.8
TL 1790361074.216 182.3 1.0
TL 1790361074.316 98.5 1.6
TL 1790361074.416 76.4 2.0
TL 1790361074.516 313.0 4.6
TL 1790361074.616 237.4 2.6
TL 1790361074.717 186.6 1.5
TL 1790361074.817 84.7 1.4
TL 1790361074.917 269.5 205.2
TL 1790361075.017 317.8 5.0
TL 1790361075.118 360.5 3.1
TL 1790361075.218 386.3 3.5
TL 1790361075.318 249.6 2.1
TL 1790361075.418 231.6 1.9
TL 1790361075.518 197.6 2.2
TL 1790361075.618 235.0 3.3
TL 1790361075.718 118.6 2.1
TL 1790361075.818 69.2 0.6
TL 1790361075.919 229.0 1.7
TL 1790361076.019 93.9 0.6
TL 1790361076.119 245.2 3.3
TL 1790361076.219 359.0 3.9
TL 1790361076.319 246.8 3.0
TL 1790361076.419 338.2 2.9
TL 1790361076.519 84.0 1.0
TL 1790361076.620 254.0 2.8
TL 1790361076.720 106.5 1.3
TL 1790361076.820 82.6 0.9
TL 1790361076.920 259.9 1.7
TL 1790361077.020 158.8 0.9
TL 1790361077.121 341.9 3.4
TL 1790361077.221 318.2 3.1
TL 1790361077.321 274.9 2.6
TL 1790361077.423 313.1 2.6
TL 1790361077.523 250.7 3.0
TL 1790361077.623 99.6 1.3
TL 1790361077.723 72.6 1.0
TL 1790361077.823 231.5 2.0
TL 1790361077.924 349.8 2.4
TL 1790361078.024 264.2 1.9
TL 1790361078.124 390.2 1.6
TL 1790361078.224 394.9 2.6
TL 1790361078.324 280.5 2.4
TL 1790361078.424 201.4 3.0
TL 1790361078.525 384.7 2.4
TL 1790361078.625 173.0 1.5
TL 1790361078.725 77.3 1.7
TL 1790361078.825 345.7 4.9
TL 1790361078.926 354.8 1.9
TL 1790361079.026 202.6 1.8
TL 1790361079.126 454.2 4.0
TL 1790361079.226 343.8 4.9
TL 1790361079.327 372.0 4.3
TL 1790361079.426 93.8 1.3
TL 1790361079.527 116.5 1.3
TL 1790361079.627 356.8 2.1
TL 1790361079.727 49.8 2.3
TL 1790361079.827 288.1 4.3
TL 1790361079.928 280.4 1.9
TL 1790361080.029 315.9 1.7
TL 1790361080.129 147.2 2.0
TL 1790361080.229 346.8 4.2
TL 1790361080.329 382.7 3.4
TL 1790361080.429 101.9 0.9
TL 1790361080.529 133.6 0.6
TL 1790361080.630 596.4 2.1
TL 1790361080.730 279.5 2.9
TL 1790361080.831 439.9 5.4
TL 1790361080.931 324.2 2.1
TL 1790361081.031 264.8 1.0
TL 1790361081.132 328.6 2.6
TL 1790361081.233 223.3 2.4
TL 1790361081.333 177.4 3.5
TL 1790361081.433 374.2 1.8
TL 1790361081.533 116.9 0.8
TL 1790361081.634 192.6 0.8
TL 1790361081.734 296.5 4.0
TL 1790361081.834 81.6 2.2
TL 1790361081.934 257.2 2.1
TL 1790361082.035 427.4 4.5
TL 1790361082.135 233.5 3.0
TL 1790361082.235 235.4 2.7
TL 1790361082.335 416.6 2.3
TL 1790361082.435 94.4 1.1
TL 1790361082.535 73.1 1.0
TL 1790361082.635 283.2 2.7
TL 1790361082.736 322.4 3.5
TL 1790361082.836 228.4 2.2
TL 1790361082.936 330.5 3.5
TL 1790361083.036 273.2 3.2
TL 1790361083.137 340.5 4.3
TL 1790361083.237 273.6 3.3
TL 1790361083.337 206.6 3.1
TL 1790361083.437 117.1 0.9
TL 1790361083.537 191.2 2.0
TL 1790361083.637 190.6 3.9
TL 1790361083.738 312.7 4.9
TL 1790361083.838 338.8 3.7
TL 1790361083.938 61.0 1.2
TL 1790361084.038 356.2 3.7
TL 1790361084.138 421.1 4.3
TL 1790361084.238 105.7 1.6
TL 1790361084.339 335.7 3.4
TL 1790361084.439 90.1 0.7
TL 1790361084.539 368.2 2.6
TL 1790361084.639 244.3 2.7
TL 1790361084.739 260.4 3.0
TL 1790361084.839 228.9 3.1
TL 1790361084.940 313.2 0.9
TL 1790361085.040 153.8 2.8
TL 1790361085.140 136.5 1.3
TL 1790361085.240 68.7 1.1
TL 1790361085.341 800.1 4.2
TL 1790361085.441 765.9 3.0
TL 1790361085.541 317.9 4.4
TL 1790361085.641 124.9 2.1
TL 1790361085.741 305.1 3.3
TL 1790361085.841 250.4 4.1
TL 1790361085.941 255.9 2.2
TL 1790361086.041 59.8 1.1
TL 1790361086.142 252.1 1.7
TL 1790361086.242 332.9 3.5
TL 1790361086.342 521.0 3.7
TL 1790361086.442 222.2 1.9
TL 1790361086.542 306.1 3.1
TL 1790361086.642 161.7 2.2
TL 1790361086.743 110.2 1.5
TL 1790361086.843 660.9 3.5
TL 1790361086.943 353.9 3.8
TL 1790361087.043 142.8 1.9
TL 1790361087.143 104.4 1.6
TL 1790361087.244 311.4 2.2
TL 1790361087.344 224.8 2.1
TL 1790361087.444 360.5 2.6
TL 1790361087.544 757.9 2.3
TL 1790361087.644 246.1 1.9
TL 1790361087.744 205.8 3.9
TL 1790361087.845 276.9 3.4
TL 1790361087.945 272.8 2.4
TL 1790361088.045 193.3 2.4
TL 1790361088.145 108.0 1.0
TL 1790361088.246 97.0 1.9
TL 1790361088.346 250.5 3.1
TL 1790361088.447 415.8 2.5
TL 1790361088.547 348.2 4.2
TL 1790361088.648 472.1 3.1
TL 1790361088.748 335.8 1.8
TL 1790361088.848 236.9 3.3
TL 1790361088.948 251.9 2.2
TL 1790361089.048 297.1 1.2
TL 1790361089.148 282.0 3.6
TL 1790361089.249 348.9 8.1
TL 1790361089.349 283.6 3.4
TL 1790361089.449 281.5 2.7
TL 1790361089.549 324.9 3.3
TL 1790361089.649 92.8 1.3
TL 1790361089.749 174.9 3.2
TL 1790361089.849 59.5 0.8
TL 1790361089.950 541.1 1.4
TL 1790361090.050 297.2 3.1
TL 1790361090.150 296.8 4.4
TL 1790361090.250 69.2 0.8
TL 1790361090.350 318.9 4.1
TL 1790361090.450 209.4 1.7
TL 1790361090.551 318.0 3.0
TL 1790361090.651 234.9 4.2
TL 1790361090.751 318.9 3.2
TL 1790361090.851 88.2 1.1
TL 1790361090.951 375.8 2.0
TL 1790361091.051 238.8 2.0
TL 1790361091.151 253.0 2.7
TL 1790361091.252 317.4 4.0
TL 1790361091.352 219.4 3.5
TL 1790361091.452 303.1 2.7
TL 1790361091.552 324.2 3.6
TL 1790361091.653 165.5 3.1
TL 1790361091.753 120.7 1.1
TL 1790361091.853 58.9 1.5
TL 1790361091.953 295.4 1.6
TL 1790361092.053 523.4 3.0
TL 1790361092.153 256.8 4.6
TL 1790361092.254 334.4 5.4
TL 1790361092.354 237.7 3.2
TL 1790361092.454 256.2 2.3
TL 1790361092.554 141.7 1.0
TL 1790361092.654 126.4 1.3
TL 1790361092.754 118.4 1.1
TL 1790361092.854 108.9 2.5
TL 1790361092.955 311.7 3.3
TL 1790361093.055 299.3 3.2
TL 1790361093.155 255.5 3.2
TL 1790361093.255 315.6 4.0
TL 1790361093.355 328.4 4.3
TL 1790361093.456 221.1 3.5
TL 1790361093.556 214.5 2.3
TL 1790361093.656 148.7 1.7
TL 1790361093.756 60.2 0.8
TL 1790361093.856 141.0 2.2
TL 1790361093.956 93.8 0.9
TL 1790361094.057 330.5 3.7
TL 1790361094.157 147.3 1.7
TL 1790361094.257 285.5 3.6
TL 1790361094.358 435.1 2.8
TL 1790361094.458 193.9 2.2
TL 1790361094.558 66.5 1.0
TL 1790361094.659 260.2 4.2
TL 1790361094.759 67.3 1.6
TL 1790361094.859 469.6 4.2
TL 1790361094.959 292.3 1.7
TL 1790361095.059 228.7 3.1
TL 1790361095.159 230.8 3.0
TL 1790361095.259 63.8 1.3
TL 1790361095.360 96.9 1.4
TL 1790361095.460 519.1 2.7
TL 1790361095.560 48.3 1.0
TL 1790361095.661 350.1 4.1
TL 1790361095.761 290.4 2.9
TL 1790361095.861 279.3 3.0
TL 1790361095.961 343.6 2.6
TL 1790361096.061 299.4 3.1
TL 1790361096.161 124.3 1.6
TL 1790361096.262 355.8 3.6
TL 1790361096.361 59.1 1.7
TL 1790361096.463 361.0 1.8
TL 1790361096.563 243.1 1.7
TL 1790361096.663 344.9 5.3
TL 1790361096.763 195.1 2.6
TL 1790361096.864 347.8 3.6
TL 1790361096.964 325.7 2.5
TL 1790361097.064 309.7 2.5
TL 1790361097.165 862.6 2.9
TL 1790361097.264 159.4 1.5
TL 1790361097.364 103.5 1.2
TL 1790361097.465 410.4 2.2
TL 1790361097.565 357.5 1.8
TL 1790361097.665 95.3 1.9
TL 1790361097.766 306.8 4.3
TL 1790361097.866 424.0 3.4
TL 1790361097.966 265.5 1.9
TL 1790361098.066 202.6 3.7
TL 1790361098.166 220.6 2.4
TL 1790361098.266 232.9 3.2
TL 1790361098.366 81.1 1.0
TL 1790361098.467 160.6 2.0
TL 1790361098.567 275.4 2.1
TL 1790361098.667 323.2 3.2
TL 1790361098.767 371.7 3.5
TL 1790361098.868 412.9 3.4
TL 1790361098.968 77.1 1.5
TL 1790361099.068 296.9 4.1
TL 1790361099.168 311.3 4.3
TL 1790361099.270 1429.8 2.6
TL 1790361099.368 99.0 1.5
TL 1790361099.468 75.1 0.9
TL 1790361099.569 398.8 2.0
TL 1790361099.669 667.9 3.5
TL 1790361099.770 67.3 2.5
TL 1790361099.870 211.6 3.6
TL 1790361099.970 213.4 3.4
TL 1790361100.070 185.4 2.1
TL 1790361100.170 97.3 1.2
TL 1790361100.270 146.1 2.7
TL 1790361100.371 320.7 3.8
TL 1790361100.471 293.8 2.1
TL 1790361100.571 64.8 1.3
TL 1790361100.671 147.4 1.8
TL 1790361100.771 219.5 3.4
TL 1790361100.871 243.7 4.3
TL 1790361100.972 310.7 3.5
TL 1790361101.072 228.4 3.9
TL 1790361101.172 116.4 1.3
TL 1790361101.272 319.2 2.4
TL 1790361101.372 232.1 3.0
TL 1790361101.473 263.6 3.2
TL 1790361101.573 306.1 2.4
TL 1790361101.673 198.9 3.9
TL 1790361101.773 338.6 3.8
TL 1790361101.873 68.1 1.9
TL 1790361101.973 389.6 3.4
TL 1790361102.073 245.5 1.9
TL 1790361102.174 182.8 1.5
TL 1790361102.274 104.3 1.2
TL 1790361102.375 880.4 3.5
TL 1790361102.475 352.7 1.7
TL 1790361102.575 899.0 2.6
TL 1790361102.675 317.3 5.4
TL 1790361102.775 189.9 2.6
TL 1790361102.875 306.0 3.1
TL 1790361102.976 316.0 3.9
TL 1790361103.076 200.5 1.9
TL 1790361103.176 224.5 3.6
TL 1790361103.276 130.0 1.0
TL 1790361103.376 134.2 2.4
TL 1790361103.477 310.2 4.3
TL 1790361103.577 200.4 3.7
TL 1790361103.677 370.3 3.3
TL 1790361103.777 100.5 1.0
TL 1790361103.877 282.1 3.2
TL 1790361103.977 82.9 0.9
TL 1790361104.078 342.2 3.7
TL 1790361104.178 118.0 1.7
TL 1790361104.278 135.5 1.4
TL 1790361104.378 279.6 3.4
TL 1790361104.478 209.5 2.9
TL 1790361104.578 199.7 2.6
TL 1790361104.678 145.5 1.9
TL 1790361104.779 336.0 2.3
TL 1790361104.879 99.2 1.6
TL 1790361104.979 84.7 0.8
TL 1790361105.079 113.8 1.2
TL 1790361105.179 337.3 3.5
TL 1790361105.279 400.1 4.5
TL 1790361105.379 73.4 1.4
TL 1790361105.479 93.4 1.8
TL 1790361105.579 54.6 1.3
TL 1790361105.679 120.7 1.6
TL 1790361105.780 258.2 2.0
TL 1790361105.880 124.9 2.0
TL 1790361105.980 93.0 1.1
TL 1790361106.080 470.7 3.1
TL 1790361106.181 659.6 3.2
TL 1790361106.281 290.8 4.2
TL 1790361106.381 270.5 4.0
TL 1790361106.481 317.3 3.1
TL 1790361106.581 419.5 2.7
TL 1790361106.681 151.5 2.0
TL 1790361106.781 170.4 2.4
TL 1790361106.881 104.7 1.2
TL 1790361106.982 156.5 2.0
TL 1790361107.082 135.7 1.5
TL 1790361107.182 89.7 1.7
TL 1790361107.283 705.6 3.4
TL 1790361107.382 311.6 4.6
TL 1790361107.482 95.3 2.4
TL 1790361107.582 77.4 1.9
TL 1790361107.682 106.3 2.7
TL 1790361107.783 176.7 1.0
TL 1790361107.883 140.5 1.8
TL 1790361107.983 94.2 1.7
TL 1790361108.083 97.7 2.8
TL 1790361108.183 91.1 2.1
TL 1790361108.283 115.4 2.4
TL 1790361108.383 103.1 3.1
TL 1790361108.483 83.5 1.8
TL 1790361108.584 96.5 3.1
TL 1790361108.684 150.1 1.1
TL 1790361108.784 65.2 2.0
TL 1790361108.886 1819.0 2.0
TL 1790361108.984 120.6 1.6
TL 1790361109.084 200.1 2.3
TL 1790361109.184 87.7 2.8
TL 1790361109.284 86.6 1.7
TL 1790361109.385 93.1 1.6
TL 1790361109.485 309.0 3.5
TL 1790361109.585 343.1 5.0
TL 1790361109.685 78.9 1.6
TL 1790361109.785 151.8 2.8
TL 1790361109.886 305.4 4.1
TL 1790361109.986 79.8 1.9
TL 1790361110.086 397.6 3.2
TL 1790361110.186 414.5 4.0
TL 1790361110.286 255.5 4.2
TL 1790361110.386 45.7 1.1
TL 1790361110.486 77.4 1.0
TL 1790361110.587 57.7 1.1
TL 1790361110.687 85.3 1.6
TL 1790361110.787 313.6 2.0
TL 1790361110.887 379.5 1.5
TL 1790361110.987 56.1 1.6
TL 1790361111.087 78.3 2.6
TL 1790361111.188 260.1 1.7
TL 1790361111.288 42.9 1.1
TL 1790361111.388 61.6 1.3
