TL 1790326073.042 93.7 0.6
TL 1790326073.142 172.4 2.8
TL 1790326073.243 300.3 4.3
TL 1790326073.343 669.6 3.2
TL 1790326073.443 304.6 4.7
TL 1790326073.543 439.2 3.9
TL 1790326073.644 856.3 2.1
TL 1790326073.743 304.0 3.9
TL 1790326073.844 575.9 37.3
TL 1790326073.944 291.1 97.8
TL 1790326074.044 689.4 3.6
TL 1790326074.145 315.2 4.4
TL 1790326074.245 334.7 4.8
TL 1790326074.346 1458.3 3.9
TL 1790326074.446 581.4 11.0
TL 1790326074.546 1027.4 2.9
TL 1790326074.646 209.3 3.4
TL 1790326074.746 182.8 3.0
TL 1790326074.847 756.6 5.5
TL 1790326074.947 219.9 2.2
TL 1790326075.047 582.4 3.9
TL 1790326075.147 334.5 1.8
TL 1790326075.247 347.0 4.0
TL 1790326075.348 405.6 2.3
TL 1790326075.449 747.9 3.3
TL 1790326075.548 60.1 1.9
TL 1790326075.648 244.4 2.9
TL 1790326075.748 216.9 2.4
TL 1790326075.850 1316.9 4.9
TL 1790326075.949 854.4 3.2
TL 1790326076.049 354.6 4.3
TL 1790326076.150 428.5 3.6
TL 1790326076.250 194.6 3.1
TL 1790326076.350 408.0 3.4
TL 1790326076.451 542.7 3.7
TL 1790326076.551 522.0 3.8
TL 1790326076.651 734.4 3.4
TL 1790326076.751 488.6 3.4
TL 1790326076.852 715.5 3.3
TL 1790326076.952 653.0 3.3
TL 1790326077.052 584.8 2.0
TL 1790326077.152 391.0 4.5
TL 1790326077.252 488.3 3.4
TL 1790326077.352 390.4 4.2
TL 1790326077.452 268.2 3.6
TL 1790326077.552 127.9 2.1
TL 1790326077.653 326.7 4.9
TL 1790326077.753 381.1 4.3
TL 1790326077.853 684.0 3.6
TL 1790326077.954 691.0 3.9
TL 1790326078.053 488.0 2.1
TL 1790326078.153 289.7 3.5
TL 1790326078.254 683.3 4.7
TL 1790326078.355 749.9 3.4
TL 1790326078.454 331.8 4.1
TL 1790326078.555 696.6 3.7
TL 1790326078.655 617.4 3.7
TL 1790326078.755 721.3 4.3
TL 1790326078.856 1096.9 42.3
TL 1790326078.956 1136.9 3.6
TL 1790326079.056 801.1 14.0
TL 1790326079.156 215.1 2.1
TL 1790326079.256 300.7 4.9
TL 1790326079.357 307.1 3.9
TL 1790326079.457 392.0 3.8
TL 1790326079.557 649.3 3.9
TL 1790326079.657 239.5 3.5
TL 1790326079.758 847.2 3.0
TL 1790326079.858 665.1 3.2
TL 1790326079.958 652.8 3.6
TL 1790326080.058 393.4 3.0
TL 1790326080.158 453.3 4.0
TL 1790326080.259 726.9 2.9
TL 1790326080.359 607.9 3.1
TL 1790326080.458 283.9 3.6
TL 1790326080.559 261.1 2.8
TL 1790326080.659 281.7 3.2
TL 1790326080.759 414.5 2.7
TL 1790326080.859 390.8 4.3
TL 1790326080.959 136.4 2.2
TL 1790326081.060 645.9 3.5
TL 1790326081.160 553.5 3.2
TL 1790326081.259 130.1 1.6
TL 1790326081.360 287.6 3.8
TL 1790326081.460 493.1 4.5
TL 1790326081.560 526.1 3.5
TL 1790326081.661 674.4 3.4
TL 1790326081.762 343.9 3.3
TL 1790326081.863 905.8 3.3
TL 1790326081.962 69.3 1.7
TL 1790326082.062 170.3 2.1
TL 1790326082.163 582.3 2.6
TL 1790326082.263 744.9 3.0
TL 1790326082.363 315.5 3.9
TL 1790326082.464 602.2 4.7
TL 1790326082.564 1054.1 2.9
TL 1790326082.664 650.6 4.0
TL 1790326082.764 624.9 5.8
TL 1790326082.865 1103.2 3.7
TL 1790326082.964 306.6 3.7
TL 1790326083.065 545.8 5.5
TL 1790326083.165 139.4 1.7
TL 1790326083.266 604.9 3.7
TL 1790326083.369 2469.8 3.7
TL 1790326083.467 305.6 4.2
TL 1790326083.568 759.8 3.5
TL 1790326083.668 587.2 3.2
TL 1790326083.768 202.1 2.1
TL 1790326083.870 491.4 4.6
TL 1790326083.970 688.2 41.7
TL 1790326084.070 284.0 4.2
TL 1790326084.170 310.7 3.3
TL 1790326084.270 218.0 3.6
TL 1790326084.372 251.0 3.2
TL 1790326084.472 385.9 6.1
TL 1790326084.572 406.5 4.7
TL 1790326084.672 319.9 3.4
TL 1790326084.773 865.1 4.7
TL 1790326084.873 699.2 3.3
TL 1790326084.973 262.4 3.1
TL 1790326085.074 730.9 4.0
TL 1790326085.173 422.2 4.0
TL 1790326085.273 218.1 3.7
TL 1790326085.374 614.4 4.5
TL 1790326085.474 674.5 4.0
TL 1790326085.574 731.5 3.0
TL 1790326085.675 710.7 3.2
TL 1790326085.775 634.0 4.1
TL 1790326085.875 703.6 3.7
TL 1790326085.975 300.2 4.1
TL 1790326086.075 715.2 4.0
TL 1790326086.175 365.2 3.7
TL 1790326086.275 384.9 2.7
TL 1790326086.376 626.6 4.8
TL 1790326086.476 652.4 4.7
TL 1790326086.576 926.2 4.1
TL 1790326086.676 660.7 3.9
TL 1790326086.776 673.6 4.4
TL 1790326086.876 461.2 3.1
TL 1790326086.976 276.6 3.5
TL 1790326087.077 690.8 3.5
TL 1790326087.177 115.6 1.5
TL 1790326087.277 374.6 4.6
TL 1790326087.377 311.3 3.5
TL 1790326087.479 912.3 3.7
TL 1790326087.578 223.8 2.9
TL 1790326087.678 392.6 5.0
TL 1790326087.778 125.9 2.0
TL 1790326087.878 111.9 1.5
TL 1790326087.979 415.1 3.5
TL 1790326088.079 661.6 3.9
TL 1790326088.179 159.6 1.8
TL 1790326088.279 335.3 3.8
TL 1790326088.380 534.6 3.2
TL 1790326088.480 502.1 3.8
TL 1790326088.580 758.8 3.2
TL 1790326088.680 615.7 3.4
TL 1790326088.780 663.4 3.2
TL 1790326088.880 311.9 3.5
TL 1790326088.981 599.8 3.7
TL 1790326089.081 540.9 2.8
TL 1790326089.182 528.2 3.5
TL 1790326089.282 414.9 5.2
TL 1790326089.382 376.9 4.1
TL 1790326089.482 272.2 3.5
TL 1790326089.582 306.7 4.7
TL 1790326089.683 574.8 4.7
TL 1790326089.783 623.1 3.2
TL 1790326089.883 687.0 4.4
TL 1790326089.983 738.9 3.5
TL 1790326090.084 746.5 3.9
TL 1790326090.183 276.7 3.5
TL 1790326090.283 282.8 3.5
TL 1790326090.385 644.3 3.5
TL 1790326090.485 363.3 3.6
TL 1790326090.585 261.7 3.8
TL 1790326090.686 676.4 3.7
TL 1790326090.786 596.8 3.4
TL 1790326090.886 878.8 4.0
TL 1790326090.986 769.8 6.0
TL 1790326091.086 677.7 3.5
TL 1790326091.186 266.1 2.8
TL 1790326091.286 361.1 3.2
TL 1790326091.387 760.6 3.3
TL 1790326091.487 790.3 3.4
TL 1790326091.587 829.8 3.3
TL 1790326091.687 522.3 2.7
TL 1790326091.788 758.9 3.6
TL 1790326091.888 542.2 3.1
TL 1790326091.988 378.8 3.4
TL 1790326092.088 406.1 3.6
TL 1790326092.189 408.7 3.3
TL 1790326092.289 417.6 3.2
TL 1790326092.389 216.0 3.6
TL 1790326092.490 640.5 3.0
TL 1790326092.591 596.2 4.0
TL 1790326092.691 284.2 3.4
TL 1790326092.791 303.6 3.5
TL 1790326092.891 298.9 3.1
TL 1790326092.992 850.3 4.0
TL 1790326093.092 844.7 3.2
TL 1790326093.192 258.5 3.9
TL 1790326093.292 376.5 5.8
TL 1790326093.392 420.2 5.5
TL 1790326093.493 531.3 1.9
TL 1790326093.593 486.1 4.9
TL 1790326093.693 328.2 4.5
TL 1790326093.793 774.4 5.4
TL 1790326093.893 615.4 2.9
TL 1790326093.994 276.5 5.1
TL 1790326094.094 339.5 3.5
TL 1790326094.195 536.9 21.9
TL 1790326094.295 586.1 3.6
TL 1790326094.395 603.2 2.8
TL 1790326094.496 337.9 3.6
TL 1790326094.596 933.8 4.0
TL 1790326094.696 270.8 3.0
TL 1790326094.796 304.8 3.4
TL 1790326094.897 635.7 3.3
TL 1790326094.997 618.0 4.0
TL 1790326095.097 340.2 3.7
TL 1790326095.197 301.7 2.9
TL 1790326095.297 427.8 3.4
TL 1790326095.398 587.2 2.8
TL 1790326095.498 660.9 3.4
TL 1790326095.598 658.6 3.7
TL 1790326095.698 386.9 4.3
TL 1790326095.798 378.8 4.0
TL 1790326095.898 696.7 3.7
TL 1790326095.999 648.1 3.1
TL 1790326096.098 307.6 4.4
TL 1790326096.199 358.9 3.3
TL 1790326096.299 484.7 4.1
TL 1790326096.399 806.3 3.6
TL 1790326096.499 394.1 3.2
TL 1790326096.599 548.3 4.9
TL 1790326096.699 248.0 4.4
TL 1790326096.801 1043.8 3.0
TL 1790326096.901 1212.6 2.8
TL 1790326097.001 547.6 1.9
TL 1790326097.101 560.6 2.6
TL 1790326097.202 618.1 2.4
TL 1790326097.302 479.7 2.9
TL 1790326097.402 632.4 3.4
TL 1790326097.503 648.3 3.0
TL 1790326097.603 385.4 4.2
TL 1790326097.703 335.4 3.7
TL 1790326097.803 349.3 3.2
TL 1790326097.904 643.1 2.9
TL 1790326098.004 319.3 3.6
TL 1790326098.104 840.8 2.9
TL 1790326098.204 568.0 2.7
TL 1790326098.304 572.6 3.7
TL 1790326098.405 598.3 3.9
TL 1790326098.504 285.3 3.6
TL 1790326098.605 646.4 3.0
TL 1790326098.705 126.4 2.0
TL 1790326098.806 960.1 3.6
TL 1790326098.906 814.8 2.9
TL 1790326099.006 639.8 3.5
TL 1790326099.105 303.5 4.2
TL 1790326099.206 508.8 3.3
TL 1790326099.306 436.6 4.1
TL 1790326099.407 906.5 9.9
TL 1790326099.507 814.2 4.1
TL 1790326099.607 606.9 3.1
TL 1790326099.707 189.4 4.0
TL 1790326099.807 473.6 3.2
TL 1790326099.908 844.6 3.2
TL 1790326100.008 727.8 4.0
TL 1790326100.108 268.7 2.2
TL 1790326100.208 381.8 3.9
TL 1790326100.308 93.1 1.8
TL 1790326100.409 291.4 3.9
TL 1790326100.509 376.2 3.7
TL 1790326100.609 339.2 3.9
TL 1790326100.709 372.9 3.9
TL 1790326100.810 659.1 3.5
TL 1790326100.910 654.7 239.1
TL 1790326101.011 1582.3 3.7
TL 1790326101.111 906.3 3.1
TL 1790326101.210 491.4 3.4
TL 1790326101.311 402.5 4.6
TL 1790326101.411 696.8 3.5
TL 1790326101.511 596.8 3.9
TL 1790326101.611 653.5 3.1
TL 1790326101.711 384.6 3.0
TL 1790326101.812 637.3 2.9
TL 1790326101.913 492.8 3.4
TL 1790326102.013 418.2 3.0
TL 1790326102.114 1159.1 297.6
TL 1790326102.213 282.4 2.8
TL 1790326102.314 252.5 3.0
TL 1790326102.414 785.3 3.6
TL 1790326102.516 363.5 4.0
TL 1790326102.618 1654.0 6.5
TL 1790326102.716 167.1 3.9
TL 1790326102.817 301.6 3.9
TL 1790326102.917 376.0 4.6
TL 1790326103.017 345.3 3.4
TL 1790326103.118 461.8 4.4
TL 1790326103.218 319.9 3.3
TL 1790326103.319 908.3 3.7
TL 1790326103.419 757.2 4.0
TL 1790326103.519 627.1 3.0
TL 1790326103.619 885.6 3.0
TL 1790326103.719 270.5 2.8
TL 1790326103.819 280.9 3.9
TL 1790326103.919 290.9 3.4
TL 1790326104.021 1379.5 3.0
TL 1790326104.120 503.1 4.1
TL 1790326104.220 522.9 2.6
TL 1790326104.321 711.5 3.4
TL 1790326104.421 932.1 3.0
TL 1790326104.521 616.8 4.4
TL 1790326104.621 636.9 4.0
TL 1790326104.721 223.9 3.1
TL 1790326104.822 984.1 2.7
TL 1790326104.922 662.4 3.9
TL 1790326105.022 632.1 2.8
TL 1790326105.122 633.6 3.3
TL 1790326105.222 406.4 2.7
TL 1790326105.322 387.2 3.4
TL 1790326105.423 1198.1 13.4
TL 1790326105.523 337.3 4.9
TL 1790326105.623 316.7 3.4
TL 1790326105.724 358.6 3.4
TL 1790326105.824 850.6 5.1
TL 1790326105.924 673.4 2.3
TL 1790326106.024 604.1 3.2
TL 1790326106.124 350.4 3.7
TL 1790326106.225 427.7 2.8
TL 1790326106.325 278.7 3.3
TL 1790326106.426 211.0 2.9
TL 1790326106.526 373.3 4.6
TL 1790326106.626 513.5 3.3
TL 1790326106.726 334.3 2.5
TL 1790326106.827 976.2 5.6
TL 1790326106.927 675.7 3.8
TL 1790326107.027 301.3 3.0
TL 1790326107.127 680.6 111.0
TL 1790326107.227 325.9 2.9
TL 1790326107.328 651.7 3.5
TL 1790326107.427 352.9 3.9
TL 1790326107.528 867.3 4.5
TL 1790326107.628 293.5 2.9
TL 1790326107.729 932.1 4.7
TL 1790326107.829 660.8 3.3
TL 1790326107.929 778.8 4.3
TL 1790326108.030 1338.6 2.9
TL 1790326108.129 660.5 3.2
TL 1790326108.229 331.6 2.8
TL 1790326108.329 313.6 2.9
TL 1790326108.429 111.1 1.9
TL 1790326108.530 433.2 3.9
TL 1790326108.630 756.6 2.9
TL 1790326108.731 749.2 4.0
TL 1790326108.832 1438.4 2.8
TL 1790326108.932 1253.9 4.5
TL 1790326109.032 405.3 2.4
TL 1790326109.132 962.4 4.4
TL 1790326109.232 474.4 2.3
TL 1790326109.332 434.4 3.1
TL 1790326109.432 451.0 3.7
TL 1790326109.533 741.9 4.0
TL 1790326109.633 868.4 3.4
TL 1790326109.733 440.0 3.1
TL 1790326109.833 401.1 4.0
TL 1790326109.934 1398.3 4.3
TL 1790326110.033 288.8 5.9
TL 1790326110.135 1523.5 3.5
TL 1790326110.234 216.2 3.0
TL 1790326110.335 1072.3 3.1
TL 1790326110.434 364.4 3.9
TL 1790326110.535 1009.7 4.1
TL 1790326110.636 758.3 3.4
TL 1790326110.736 530.1 3.7
TL 1790326110.836 618.4 3.9
TL 1790326110.936 469.7 3.5
TL 1790326111.037 651.0 3.3
TL 1790326111.137 738.3 2.9
TL 1790326111.237 230.7 1.2
TL 1790326111.337 317.3 4.9
TL 1790326111.438 411.5 4.7
TL 1790326111.539 1110.5 4.7
TL 1790326111.639 784.4 5.3
TL 1790326111.739 601.5 3.6
TL 1790326111.841 2122.0 4.5
TL 1790326111.939 341.9 4.6
TL 1790326112.039 354.4 4.7
TL 1790326112.140 279.6 5.2
TL 1790326112.240 576.9 3.3
TL 1790326112.340 268.4 3.2
TL 1790326112.440 471.8 2.4
TL 1790326112.542 741.6 4.1
TL 1790326112.642 342.9 4.8
TL 1790326112.743 232.4 4.0
TL 1790326112.844 300.1 873.7
TL 1790326112.945 1422.8 3.9
TL 1790326113.044 672.0 3.5
TL 1790326113.145 925.1 4.0
TL 1790326113.244 105.5 0.8
TL 1790326113.345 295.5 4.0
TL 1790326113.445 285.3 3.7
TL 1790326113.545 628.7 3.0
TL 1790326113.646 843.2 3.7
TL 1790326113.745 367.1 3.0
TL 1790326113.846 300.2 4.0
TL 1790326113.946 634.7 3.0
TL 1790326114.046 654.1 3.0
TL 1790326114.146 487.6 3.4
TL 1790326114.246 338.2 2.1
TL 1790326114.347 432.2 3.5
TL 1790326114.447 354.5 3.6
TL 1790326114.547 547.6 3.5
TL 1790326114.647 680.5 3.2
TL 1790326114.747 373.0 3.6
TL 1790326114.848 1181.3 4.4
TL 1790326114.948 939.3 3.1
TL 1790326115.048 549.5 2.1
TL 1790326115.148 255.3 1.8
TL 1790326115.249 1109.7 3.8
TL 1790326115.348 350.6 3.1
TL 1790326115.448 371.0 4.2
TL 1790326115.549 656.4 3.2
TL 1790326115.649 662.6 3.5
TL 1790326115.749 493.2 4.0
TL 1790326115.849 718.1 4.4
TL 1790326115.949 677.1 4.2
TL 1790326116.050 655.9 2.8
TL 1790326116.149 322.3 3.9
TL 1790326116.250 694.9 3.7
TL 1790326116.350 585.7 4.2
TL 1790326116.450 284.9 3.5
TL 1790326116.550 600.7 4.2
TL 1790326116.651 664.5 3.3
TL 1790326116.751 496.3 2.8
TL 1790326116.851 386.1 3.7
TL 1790326116.951 634.9 3.8
TL 1790326117.051 664.0 2.9
TL 1790326117.151 578.4 4.2
TL 1790326117.251 593.6 3.0
TL 1790326117.352 528.2 3.2
TL 1790326117.451 261.9 3.6
TL 1790326117.552 796.8 3.4
TL 1790326117.652 600.8 3.9
TL 1790326117.755 515.2 3.7
TL 1790326117.855 312.2 4.2
TL 1790326117.956 500.7 2.1
TL 1790326118.056 667.6 3.7
TL 1790326118.157 839.1 5.3
TL 1790326118.256 355.3 4.7
TL 1790326118.357 276.0 3.2
TL 1790326118.457 384.3 3.5
TL 1790326118.557 945.8 3.4
TL 1790326118.657 432.7 3.6
TL 1790326118.757 339.3 2.7
TL 1790326118.858 698.7 3.2
TL 1790326118.959 800.6 3.2
TL 1790326119.059 509.8 4.0
TL 1790326119.159 310.2 3.7
TL 1790326119.259 325.6 4.1
TL 1790326119.359 235.1 2.2
TL 1790326119.461 497.2 3.9
TL 1790326119.562 517.3 4.8
TL 1790326119.661 214.9 3.8
TL 1790326119.762 561.8 3.9
TL 1790326119.862 406.0 3.9
TL 1790326119.962 203.1 7.7
TL 1790326120.062 101.4 2.0
TL 1790326120.165 2085.2 3.8
TL 1790326120.263 307.4 3.4
TL 1790326120.364 613.0 2.8
TL 1790326120.465 527.6 7.7
TL 1790326120.565 320.3 2.4
TL 1790326120.665 403.0 4.8
TL 1790326120.767 2038.7 10.6
TL 1790326120.866 483.0 5.1
TL 1790326120.966 520.3 2.9
TL 1790326121.066 472.1 2.6
TL 1790326121.167 1358.0 4.1
TL 1790326121.267 799.8 3.0
TL 1790326121.367 311.6 3.2
TL 1790326121.467 276.0 4.0
TL 1790326121.568 708.7 3.6
TL 1790326121.667 312.8 4.3
TL 1790326121.768 618.9 3.4
TL 1790326121.868 367.6 4.4
TL 1790326121.968 701.1 3.4
TL 1790326122.068 431.7 3.2
TL 1790326122.168 335.3 3.8
TL 1790326122.268 299.0 4.2
TL 1790326122.369 590.0 2.4
TL 1790326122.469 501.7 3.1
TL 1790326122.569 567.9 2.6
TL 1790326122.669 300.1 4.5
TL 1790326122.771 477.5 3.6
TL 1790326122.871 684.6 3.8
TL 1790326122.971 332.6 3.4
TL 1790326123.071 663.0 3.9
TL 1790326123.172 879.0 3.6
TL 1790326123.272 690.4 3.7
TL 1790326123.372 365.2 2.2
TL 1790326123.472 639.5 2.8
TL 1790326123.576 768.2 2.8
TL 1790326123.677 619.6 4.3
TL 1790326123.777 1113.2 4.9
TL 1790326123.879 1035.3 4.0
TL 1790326123.978 512.2 3.5
TL 1790326124.079 471.5 4.1
TL 1790326124.179 741.5 3.9
TL 1790326124.279 715.8 3.4
TL 1790326124.379 483.4 3.3
TL 1790326124.479 599.5 3.2
TL 1790326124.580 1160.8 3.6
TL 1790326124.680 357.8 4.4
TL 1790326124.780 591.9 1.7
TL 1790326124.881 718.5 4.0
TL 1790326124.981 482.7 3.8
TL 1790326125.081 940.4 4.3
TL 1790326125.181 1065.8 3.6
TL 1790326125.281 447.7 5.3
TL 1790326125.382 386.2 3.2
TL 1790326125.482 286.1 3.7
TL 1790326125.583 1149.6 3.5
TL 1790326125.682 390.2 5.4
TL 1790326125.783 658.3 3.9
TL 1790326125.884 586.4 2.4
TL 1790326125.985 935.1 9.8
TL 1790326126.085 746.4 4.3
TL 1790326126.185 286.5 5.6
TL 1790326126.285 534.4 5.4
TL 1790326126.385 472.8 2.9
TL 1790326126.485 408.1 2.0
TL 1790326126.586 811.1 4.9
TL 1790326126.686 1165.2 4.2
TL 1790326126.786 1055.7 2.9
TL 1790326126.886 803.8 3.7
TL 1790326126.986 769.8 3.3
TL 1790326127.087 1019.1 4.0
TL 1790326127.188 926.1 4.7
TL 1790326127.288 727.0 4.0
TL 1790326127.389 1132.6 2.2
TL 1790326127.488 370.8 5.1
TL 1790326127.588 395.0 4.2
TL 1790326127.690 501.8 3.7
TL 1790326127.790 370.8 4.4
TL 1790326127.890 289.9 4.1
TL 1790326127.991 1363.8 3.6
TL 1790326128.091 296.2 3.6
TL 1790326128.191 661.4 4.2
TL 1790326128.291 715.2 3.2
TL 1790326128.391 475.5 2.1
TL 1790326128.492 753.6 3.2
TL 1790326128.592 705.9 2.8
TL 1790326128.692 713.4 3.0
TL 1790326128.792 370.9 3.4
TL 1790326128.893 737.3 2.7
TL 1790326128.993 691.3 3.0
TL 1790326129.093 724.9 3.5
TL 1790326129.193 678.7 3.0
TL 1790326129.293 654.6 3.6
TL 1790326129.393 462.9 2.2
TL 1790326129.494 909.4 3.2
TL 1790326129.593 211.5 2.3
TL 1790326129.694 409.6 4.5
TL 1790326129.794 1076.8 3.9
TL 1790326129.894 680.7 2.9
TL 1790326129.995 954.0 2.3
TL 1790326130.094 614.9 3.8
TL 1790326130.194 393.5 3.7
TL 1790326130.295 662.8 4.2
TL 1790326130.395 594.9 2.5
TL 1790326130.495 256.9 3.1
TL 1790326130.596 296.0 3.2
TL 1790326130.696 359.5 3.4
TL 1790326130.796 314.6 2.0
TL 1790326130.896 677.4 2.9
TL 1790326130.997 696.1 3.0
TL 1790326131.096 324.5 4.2
TL 1790326131.197 389.9 4.2
TL 1790326131.297 621.7 3.8
TL 1790326131.397 303.1 3.5
TL 1790326131.497 612.0 2.5
TL 1790326131.598 656.8 3.3
TL 1790326131.697 378.4 3.7
TL 1790326131.798 373.0 3.7
TL 1790326131.898 646.2 3.9
TL 1790326131.998 679.0 3.3
TL 1790326132.098 492.4 3.3
TL 1790326132.198 647.1 3.4
TL 1790326132.299 716.0 3.4
TL 1790326132.399 473.7 3.0
TL 1790326132.499 396.8 2.8
TL 1790326132.600 720.7 3.3
TL 1790326132.700 704.7 3.1
TL 1790326132.799 290.0 1.8
TL 1790326132.900 264.2 3.5
TL 1790326133.000 400.9 3.6
TL 1790326133.100 507.8 3.8
TL 1790326133.200 303.0 4.5
TL 1790326133.301 681.3 3.3
TL 1790326133.402 1279.5 1.2
TL 1790326133.501 95.8 2.8
TL 1790326133.601 190.7 1.2
TL 1790326133.701 120.4 1.5
TL 1790326133.801 422.1 1.7
TL 1790326133.901 50.2 0.9
TL 1790326134.001 288.4 1.6
TL 1790326134.108 6948.4 1.7
TL 1790326134.201 89.5 1.8
TL 1790326134.301 110.4 0.9
TL 1790326134.402 46.4 0.8
TL 1790326134.502 220.6 1.0
TL 1790326134.602 85.2 2.7
TL 1790326134.702 64.5 2.9
TL 1790326134.802 98.7 1.0
TL 1790326134.902 56.5 1.8
TL 1790326135.002 150.5 2.4
TL 1790326135.102 93.1 2.0
TL 1790326135.202 90.7 1.9
TL 1790326135.303 318.7 1.6
TL 1790326135.403 476.1 1.6
TL 1790326135.503 770.7 1.8
TL 1790326135.603 73.1 1.5
TL 1790326135.704 663.1 1.8
TL 1790326135.803 306.9 3.0
TL 1790326135.903 159.8 4.0
TL 1790326136.003 109.0 3.0
TL 1790326136.104 557.5 1.9
TL 1790326136.204 45.9 1.5
TL 1790326136.304 64.7 1.9
TL 1790326136.404 339.7 2.0
TL 1790326136.504 203.4 1.6
TL 1790326136.605 756.0 1.9
TL 1790326136.706 1747.2 1.2
TL 1790326136.804 43.7 1.8
TL 1790326136.904 46.9 1.7
TL 1790326137.005 379.9 1.6
TL 1790326137.105 1117.2 1.8
TL 1790326137.205 92.7 1.1
TL 1790326137.306 1854.2 1.4
TL 1790326137.405 233.2 1.0
TL 1790326137.505 182.0 1.6
TL 1790326137.605 267.7 1.8
TL 1790326137.705 72.9 1.8
TL 1790326137.808 3103.3 2.1
TL 1790326137.905 277.1 1.4
TL 1790326138.006 305.3 2.4
TL 1790326138.105 42.8 1.5
TL 1790326138.206 883.8 1.5
TL 1790326138.306 55.3 1.4
TL 1790326138.406 69.2 0.6
TL 1790326138.509 2967.7 1.4
TL 1790326138.606 528.0 1.0
TL 1790326138.709 3265.9 1.4
TL 1790326138.874 68116.7 1.5
TL 1790326138.907 1099.5 1.6
TL 1790326139.025 18324.0 1.2
TL 1790326139.107 84.6 1.3
TL 1790326139.207 203.9 1.3
TL 1790326139.418 111301.1 1.0
TL 1790326139.418 52.0 0.4
TL 1790326139.524 5718.1 1.5
TL 1790326139.628 9485.8 1.5
TL 1790326139.719 74.4 1.2
TL 1790326139.827 8349.1 1.3
TL 1790326139.920 950.4 2.2
TL 1790326140.024 5330.7 1.8
TL 1790326140.141 22551.9 1.7
TL 1790326140.275 56136.5 2.0
TL 1790326140.325 5573.0 1.6
TL 1790326140.426 7161.7 1.6
TL 1790326140.543 23350.5 1.9
TL 1790326140.620 906.2 0.8
TL 1790326140.744 24602.8 1.5
TL 1790326140.830 10185.2 1.8
TL 1790326140.925 3809.5 1.6
TL 1790326141.064 43005.9 2.2
TL 1790326141.152 30836.6 3.1
TL 1790326141.223 1570.7 2.2
TL 1790326141.335 13970.2 2.4
TL 1790326141.429 7256.4 1.5
TL 1790326141.533 11814.8 1.8
TL 1790326141.650 27721.3 1.7
TL 1790326141.722 341.0 1.6
TL 1790326141.911 88825.9 1.7
TL 1790326141.925 3090.5 1.3
TL 1790326142.034 11930.8 2.8
TL 1790326142.134 11067.2 3.3
TL 1790326142.233 9945.8 1.6
TL 1790326142.339 16191.6 3.0
TL 1790326142.427 3731.8 1.5
TL 1790326142.527 2533.7 1.8
TL 1790326142.625 559.4 1.0
TL 1790326142.728 3684.4 1.8
TL 1790326142.842 17247.8 1.6
TL 1790326142.985 60672.0 2.1
TL 1790326143.027 2596.8 1.6
TL 1790326143.211 86180.5 1.8
TL 1790326143.280 55063.5 1.7
TL 1790326143.340 15239.2 1.9
TL 1790326143.425 291.7 1.6
TL 1790326143.533 8375.1 1.3
TL 1790326143.684 59005.0 2.2
TL 1790326143.725 62.8 1.4
TL 1790326143.830 4402.4 2.5
TL 1790326143.927 1521.3 1.8
TL 1790326144.026 105.9 2.1
TL 1790326144.126 132.6 1.4
TL 1790326144.233 7318.6 1.6
TL 1790326144.333 6760.9 2.4
TL 1790326144.427 609.2 2.1
TL 1790326144.526 95.5 1.4
TL 1790326144.628 1876.3 1.6
TL 1790326144.729 2650.2 1.5
TL 1790326144.829 2491.8 1.8
TL 1790326144.927 675.9 2.4
TL 1790326145.051 24825.9 1.5
TL 1790326145.137 10554.8 1.9
TL 1790326145.227 268.8 1.6
TL 1790326145.328 925.3 3.0
TL 1790326145.433 6377.1 2.0
TL 1790326145.529 1449.7 1.7
TL 1790326145.635 7597.6 2.4
TL 1790326145.743 15781.1 1.7
TL 1790326145.837 9485.3 3.0
TL 1790326145.928 180.9 4.9
TL 1790326146.037 9717.7 2.0
TL 1790326146.130 1720.5 1.5
TL 1790326146.228 596.5 1.6
TL 1790326146.328 313.3 0.8
TL 1790326146.446 17709.6 1.5
TL 1790326146.555 26388.8 3.4
TL 1790326146.633 4531.2 2.2
TL 1790326146.729 74.2 1.6
TL 1790326147.405 576419.6 1.7
TL 1790326147.405 117.1 0.7
TL 1790326147.506 650.6 1.3
TL 1790326147.609 3282.1 1.5
TL 1790326147.707 639.6 1.1
TL 1790326147.808 777.1 1.0
TL 1790326147.908 822.0 1.3
TL 1790326148.007 86.3 1.4
TL 1790326148.112 2928.3 1.6
TL 1790326148.210 590.7 1.0
TL 1790326148.317 7366.6 1.8
TL 1790326148.411 1832.3 1.7
TL 1790326148.538 28668.4 2.0
TL 1790326148.613 3057.9 1.9
TL 1790326148.712 1798.7 1.7
TL 1790326148.938 128030.0 1.7
TL 1790326148.939 1469.0 1.3
TL 1790326149.047 8729.4 3.2
TL 1790326149.138 269.0 1.3
TL 1790326149.250 11483.5 0.6
TL 1790326150.142 803398.9 1.5
TL 1790326150.142 51.6 0.5
TL 1790326150.539 297184.8 1.9
TL 1790326150.540 564.8 0.8
TL 1790326150.674 34322.3 1.5
TL 1790326150.741 1703.7 1.5
TL 1790326150.841 1531.8 1.3
TL 1790326151.017 77031.9 2.0
TL 1790326151.076 36275.5 2.2
TL 1790326151.140 239.7 1.1
TL 1790326151.280 39339.8 1.1
TL 1790326151.545 205092.5 1.8
TL 1790326151.677 131068.2 1.3
TL 1790326151.677 122.2 0.4
TL 1790326151.855 78126.9 1.9
TL 1790326151.877 189.6 1.8
TL 1790326152.083 105441.3 2.8
TL 1790326152.084 1492.6 1.1
TL 1790326152.230 47257.8 2.1
TL 1790326152.291 8218.3 0.8
TL 1790326152.389 6239.2 1.7
TL 1790326152.547 63857.2 1.7
TL 1790326152.593 9918.6 1.9
TL 1790326152.774 90890.9 2.9
TL 1790326152.784 370.6 1.2
TL 1790326152.884 1068.0 2.0
TL 1790326152.998 14515.5 1.7
TL 1790326153.090 6129.1 2.4
TL 1790326153.196 11650.8 1.8
TL 1790326153.288 4195.4 2.0
TL 1790326153.402 17383.1 1.8
TL 1790326153.572 87721.5 2.0
TL 1790326153.594 9701.4 1.8
TL 1790326153.688 3768.1 1.4
TL 1790326153.788 3464.6 3.0
TL 1790326153.907 22417.8 1.6
TL 1790326153.998 12931.1 2.0
TL 1790326154.096 11568.9 2.6
TL 1790326154.192 7027.7 1.5
TL 1790326154.334 48483.4 1.4
TL 1790326154.432 46545.1 2.3
TL 1790326154.494 9004.7 2.6
TL 1790326154.601 15617.0 1.5
TL 1790326154.690 3971.4 2.4
TL 1790326154.809 23252.4 1.9
TL 1790326154.890 4585.0 2.3
TL 1790326154.999 13075.9 1.7
TL 1790326155.093 6491.2 2.1
TL 1790326155.222 36238.2 0.8
TL 1790326155.296 9313.1 1.5
TL 1790326155.389 2327.7 2.4
TL 1790326155.493 7041.0 2.1
TL 1790326155.594 7461.8 1.9
TL 1790326155.696 9058.2 2.9
TL 1790326155.792 5605.1 1.9
TL 1790326155.900 12724.4 1.8
TL 1790326155.991 4028.5 2.1
TL 1790326156.089 2032.4 1.9
TL 1790326156.230 42722.0 2.1
TL 1790326156.310 23017.9 2.4
TL 1790326156.433 45389.9 1.2
TL 1790326156.532 44705.2 2.6
TL 1790326156.616 28255.8 1.5
TL 1790326156.693 5255.3 2.1
TL 1790326156.800 12382.0 2.1
TL 1790326156.893 4738.7 2.4
TL 1790326157.000 11652.4 2.6
TL 1790326157.110 21630.7 2.2
TL 1790326157.201 13174.2 2.0
TL 1790326157.319 30264.5 2.3
TL 1790326157.401 12690.4 2.3
TL 1790326157.502 12990.3 2.1
TL 1790326157.598 8781.0 1.7
TL 1790326157.701 12102.5 1.6
TL 1790326157.802 12908.3 2.0
TL 1790326157.902 12618.4 1.5
TL 1790326157.992 2524.2 1.5
TL 1790326158.094 4523.8 1.8
TL 1790326158.190 611.7 1.5
TL 1790326158.290 644.0 1.5
TL 1790326158.402 12451.1 2.3
TL 1790326158.569 79514.7 1.8
TL 1790326158.590 503.7 1.5
TL 1790326158.691 1136.7 1.7
TL 1790326158.791 698.6 1.4
TL 1790326158.891 489.4 2.0
TL 1790326158.991 301.9 1.9
TL 1790326159.093 2866.2 1.5
TL 1790326159.191 83.4 1.8
TL 1790326159.292 62.3 1.5
TL 1790326159.392 563.4 1.8
TL 1790326159.501 8894.8 1.1
TL 1790326159.600 8229.7 1.8
TL 1790326159.692 141.5 2.3
TL 1790326159.792 170.0 1.8
TL 1790326159.892 93.2 2.0
TL 1790326160.003 10937.9 1.7
TL 1790326160.093 186.1 3.1
TL 1790326160.193 68.8 3.3
TL 1790326160.293 163.6 3.3
TL 1790326160.393 59.0 1.8
TL 1790326160.493 82.0 2.2
TL 1790326160.593 282.0 1.7
TL 1790326160.694 398.9 1.8
TL 1790326160.794 155.1 2.2
TL 1790326160.894 96.9 2.5
TL 1790326160.994 84.4 2.4
TL 1790326161.094 165.4 2.1
TL 1790326161.194 71.6 0.7
TL 1790326161.294 92.1 1.5
TL 1790326161.395 1028.9 1.1
TL 1790326161.496 1291.1 0.9
TL 1790326161.595 65.2 1.3
TL 1790326161.699 4056.6 1.2
TL 1790326161.796 674.3 1.3
TL 1790326161.895 84.3 1.5
TL 1790326161.995 63.1 1.5
TL 1790326162.112 16570.5 2.1
TL 1790326162.195 95.6 1.8
TL 1790326162.300 4752.2 1.5
TL 1790326162.396 516.4 1.1
TL 1790326162.496 80.6 1.8
TL 1790326162.596 85.3 1.7
TL 1790326162.704 7850.7 1.5
TL 1790326162.798 2013.2 15.1
TL 1790326162.902 5720.6 1.9
TL 1790326163.008 11738.2 1.6
TL 1790326163.102 5308.7 1.9
TL 1790326163.197 94.0 2.1
TL 1790326163.299 2143.2 2.8
TL 1790326163.408 10769.6 2.4
TL 1790326163.497 143.3 2.6
TL 1790326163.599 1721.6 1.7
TL 1790326163.752 54742.8 2.9
TL 1790326163.798 712.3 2.0
TL 1790326163.908 10694.5 2.4
TL 1790326163.998 69.8 1.5
TL 1790326164.101 3163.5 1.8
TL 1790326164.198 111.4 1.6
TL 1790326164.302 4051.2 1.8
TL 1790326164.398 67.9 2.2
TL 1790326164.499 396.7 2.1
TL 1790326164.599 1090.3 1.8
TL 1790326164.720 21759.6 2.2
TL 1790326164.815 16164.3 2.0
TL 1790326164.899 119.6 1.8
TL 1790326164.999 164.8 0.8
TL 1790326165.100 1030.3 2.1
TL 1790326165.200 733.5 2.7
TL 1790326165.299 114.4 0.9
TL 1790326165.399 119.7 3.0
TL 1790326165.499 55.5 2.7
TL 1790326165.601 1632.3 1.9
TL 1790326165.700 181.1 1.6
TL 1790326165.800 79.7 3.8
TL 1790326165.900 114.3 1.6
TL 1790326166.000 144.7 3.3
TL 1790326166.100 321.4 2.2
TL 1790326166.201 665.7 1.8
TL 1790326166.300 40.4 1.9
TL 1790326166.419 18542.4 1.6
TL 1790326166.507 6239.9 1.8
TL 1790326166.603 2454.1 2.1
TL 1790326166.701 192.0 2.0
TL 1790326166.801 70.9 1.1
TL 1790326166.901 85.4 2.3
TL 1790326167.001 112.8 1.5
TL 1790326167.101 154.7 1.1
TL 1790326167.201 51.7 1.4
TL 1790326167.302 248.4 1.6
TL 1790326167.402 227.0 2.4
TL 1790326167.502 244.5 2.3
TL 1790326167.602 83.1 1.1
TL 1790326167.702 169.2 1.2
TL 1790326167.802 62.9 1.2
TL 1790326167.903 145.7 2.0
TL 1790326168.003 299.8 1.9
TL 1790326168.103 200.3 1.5
TL 1790326168.205 2630.2 1.4
TL 1790326168.304 1353.9 1.8
TL 1790326168.403 298.9 2.2
TL 1790326168.505 1591.3 2.3
TL 1790326168.615 11496.5 3.5
TL 1790326168.759 56195.0 2.4
TL 1790326168.806 2595.1 46.2
TL 1790326168.910 6448.0 1.2
TL 1790326169.006 2832.9 2.0
TL 1790326169.104 708.5 1.9
TL 1790326169.214 10208.5 3.0
TL 1790326169.306 1934.5 2.5
TL 1790326169.484 79893.4 1.5
TL 1790326169.510 6224.5 1.9
TL 1790326169.817 212823.9 2.4
TL 1790326169.823 5476.2 1.6
TL 1790326169.945 27231.8 1.9
TL 1790326170.127 109309.0 2.9
TL 1790326170.127 540.2 0.8
TL 1790326170.260 32986.7 0.7
TL 1790326170.363 35590.7 1.1
TL 1790326170.568 141329.1 1.8
TL 1790326170.570 1860.8 0.7
TL 1790326170.676 7977.2 1.5
TL 1790326170.874 105221.0 1.7
TL 1790326170.877 2894.9 1.5
TL 1790326170.980 6237.4 1.5
TL 1790326171.074 298.8 2.2
TL 1790326171.205 31374.3 3.3
TL 1790326171.345 70280.8 1.4
TL 1790326171.375 361.8 1.8
TL 1790326171.481 6079.1 1.4
TL 1790326171.599 23874.4 2.2
TL 1790326171.790 115501.0 1.6
TL 1790326171.827 36297.5 0.8
TL 1790326171.891 1014.3 1.9
TL 1790326172.005 14759.8 2.3
TL 1790326172.134 43190.2 2.3
TL 1790326172.216 25285.2 1.8
TL 1790326172.304 13493.2 2.9
TL 1790326172.391 471.1 2.7
TL 1790326172.493 1875.5 3.4
TL 1790326172.597 5445.7 2.7
TL 1790326172.695 3964.0 1.8
TL 1790326172.792 1041.6 3.1
TL 1790326172.910 18031.2 0.9
TL 1790326172.992 327.2 1.7
TL 1790326173.096 4342.1 1.7
TL 1790326173.192 115.1 1.0
TL 1790326173.292 226.0 3.0
TL 1790326173.394 1610.2 1.9
TL 1790326173.494 1430.9 1.5
TL 1790326173.592 86.7 1.6
TL 1790326173.693 500.7 5.4
TL 1790326173.792 51.1 1.9
TL 1790326173.893 100.1 1.9
TL 1790326173.993 591.0 1.9
TL 1790326174.093 81.1 2.3
TL 1790326174.193 86.1 1.4
TL 1790326174.293 70.7 2.8
TL 1790326174.394 786.9 2.0
TL 1790326174.509 16280.5 3.0
TL 1790326174.605 12181.3 3.4
TL 1790326174.694 151.9 2.2
TL 1790326174.796 2571.4 3.3
TL 1790326174.894 144.7 1.6
TL 1790326175.030 36203.2 3.3
TL 1790326175.095 691.7 3.0
TL 1790326175.194 41.1 1.1
TL 1790326175.294 227.8 1.2
TL 1790326175.394 85.7 1.3
TL 1790326175.494 178.4 1.6
TL 1790326175.594 67.7 3.3
TL 1790326175.695 216.6 1.5
TL 1790326175.795 192.2 3.0
TL 1790326175.895 111.0 1.5
TL 1790326175.995 197.0 3.0
TL 1790326176.095 120.1 2.6
TL 1790326176.196 940.7 1.3
TL 1790326176.296 67.0 2.9
TL 1790326176.396 114.7 2.8
TL 1790326176.497 851.8 2.2
TL 1790326176.597 542.4 1.9
TL 1790326176.696 118.2 2.5
TL 1790326176.797 206.4 3.0
TL 1790326176.897 180.5 0.8
TL 1790326176.997 269.3 0.6
TL 1790326177.097 485.9 1.2
TL 1790326177.197 82.1 2.4
TL 1790326177.297 73.5 2.2
TL 1790326177.398 583.6 1.6
TL 1790326177.497 87.7 2.2
TL 1790326177.597 98.3 2.8
TL 1790326177.698 242.7 1.3
TL 1790326177.798 97.9 2.3
TL 1790326177.898 106.4 3.5
TL 1790326177.998 267.9 0.9
TL 1790326178.099 698.6 2.8
TL 1790326178.198 95.1 1.0
TL 1790326178.299 666.8 1.4
TL 1790326178.398 162.4 1.4
TL 1790326178.499 157.1 1.7
TL 1790326178.599 152.9 1.4
TL 1790326178.699 73.6 1.9
TL 1790326178.807 7933.6 1.1
TL 1790326178.899 113.1 0.9
TL 1790326178.999 56.7 1.3
TL 1790326179.099 100.0 2.3
TL 1790326179.199 105.8 1.5
TL 1790326179.299 97.6 1.5
TL 1790326179.400 260.1 1.3
TL 1790326179.499 84.1 2.6
TL 1790326179.601 1164.7 1.7
TL 1790326179.700 105.1 1.1
TL 1790326179.800 157.3 1.3
TL 1790326179.901 322.2 2.0
TL 1790326180.001 325.1 1.9
TL 1790326180.101 96.4 1.0
TL 1790326180.201 205.6 1.1
TL 1790326180.301 157.0 1.4
TL 1790326180.401 248.6 1.9
TL 1790326180.501 104.1 1.6
TL 1790326180.601 310.8 1.3
TL 1790326180.701 120.9 1.5
TL 1790326180.801 89.3 2.7
TL 1790326180.902 96.2 0.6
TL 1790326181.002 89.3 1.7
TL 1790326181.102 141.5 1.5
TL 1790326181.203 518.9 4.0
TL 1790326181.303 774.4 3.5
TL 1790326181.404 1190.8 1.8
TL 1790326181.504 525.0 3.3
TL 1790326181.604 925.5 1.9
TL 1790326181.704 512.8 3.8
TL 1790326181.804 382.3 2.2
TL 1790326181.905 1202.2 3.4
TL 1790326182.005 615.7 2.9
TL 1790326182.105 491.1 3.3
TL 1790326182.205 258.5 1.5
TL 1790326182.305 816.5 3.4
TL 1790326182.406 1021.1 4.7
TL 1790326182.505 522.9 3.4
TL 1790326182.608 329.5 1.7
TL 1790326182.708 305.1 2.3
TL 1790326182.808 182.9 2.1
TL 1790326182.908 608.5 2.0
TL 1790326183.009 336.8 3.0
TL 1790326183.110 555.8 1.8
TL 1790326183.209 244.4 1.4
TL 1790326183.309 190.7 1.0
TL 1790326183.410 224.6 1.3
TL 1790326183.510 344.5 2.4
TL 1790326183.610 927.5 3.6
TL 1790326183.710 508.9 3.1
TL 1790326183.811 1206.6 3.0
TL 1790326183.911 899.2 3.5
TL 1790326184.011 449.0 2.0
TL 1790326184.111 732.7 3.0
TL 1790326184.211 364.3 2.8
TL 1790326184.311 379.6 2.7
TL 1790326184.412 710.9 1.2
TL 1790326184.511 376.9 2.7
TL 1790326184.612 655.2 3.1
TL 1790326184.712 508.2 3.4
TL 1790326184.812 422.0 2.0
TL 1790326184.912 564.8 3.2
TL 1790326185.012 451.0 1.0
TL 1790326185.112 507.7 2.2
TL 1790326185.213 584.6 2.8
TL 1790326185.313 486.1 3.6
TL 1790326185.414 1018.2 2.8
TL 1790326185.513 427.6 4.5
TL 1790326185.613 551.3 3.2
TL 1790326185.714 394.3 3.4
TL 1790326185.814 400.2 3.1
TL 1790326185.914 574.9 2.8
TL 1790326186.014 267.0 1.1
TL 1790326186.115 612.2 2.9
TL 1790326186.215 806.2 4.0
TL 1790326186.315 565.8 3.3
TL 1790326186.416 870.9 3.7
TL 1790326186.515 386.5 3.8
TL 1790326186.616 842.1 3.4
TL 1790326186.716 433.5 2.9
TL 1790326186.816 617.1 2.3
TL 1790326186.916 458.9 2.7
TL 1790326187.016 193.5 0.9
TL 1790326187.118 1238.0 4.8
TL 1790326187.217 472.1 4.5
TL 1790326187.317 639.3 3.2
TL 1790326187.418 975.6 3.4
TL 1790326187.517 288.5 2.8
TL 1790326187.618 464.8 3.8
TL 1790326187.718 530.8 4.3
TL 1790326187.818 300.9 2.0
TL 1790326187.919 921.0 3.9
TL 1790326188.018 95.3 0.8
TL 1790326188.119 1036.5 4.3
TL 1790326188.219 736.2 4.1
TL 1790326188.319 543.7 3.3
TL 1790326188.420 610.4 4.5
TL 1790326188.519 179.8 2.3
TL 1790326188.620 597.7 2.0
TL 1790326188.720 311.6 2.6
TL 1790326188.821 563.7 2.1
TL 1790326188.921 505.9 2.8
TL 1790326189.020 94.6 1.1
TL 1790326189.121 380.7 1.8
TL 1790326189.221 584.0 3.7
TL 1790326189.322 690.7 3.3
TL 1790326189.422 573.8 4.2
TL 1790326189.522 484.6 3.7
TL 1790326189.623 1602.9 3.2
TL 1790326189.722 591.7 4.8
TL 1790326189.823 734.4 1.2
TL 1790326189.923 521.0 1.9
TL 1790326190.023 296.8 1.8
TL 1790326190.123 311.7 2.0
TL 1790326190.223 456.4 4.5
TL 1790326190.324 987.2 3.7
TL 1790326190.424 924.9 4.9
TL 1790326190.524 657.4 2.0
TL 1790326190.624 352.1 3.5
TL 1790326190.724 468.9 3.2
TL 1790326190.825 880.1 3.5
TL 1790326190.925 542.4 2.4
TL 1790326191.025 182.0 0.9
TL 1790326191.125 502.0 3.3
TL 1790326191.225 381.0 1.6
TL 1790326191.326 499.7 5.4
TL 1790326191.426 964.8 4.8
TL 1790326191.527 924.5 4.6
TL 1790326191.626 506.7 4.0
TL 1790326191.727 406.2 3.0
TL 1790326191.827 1007.7 2.8
TL 1790326191.927 643.0 1.9
TL 1790326192.027 148.0 0.6
TL 1790326192.127 588.1 2.7
TL 1790326192.227 233.6 2.7
TL 1790326192.328 844.5 3.3
TL 1790326192.428 191.7 3.7
TL 1790326192.528 730.4 3.1
TL 1790326192.629 184.7 1.5
TL 1790326192.729 346.5 1.7
TL 1790326192.829 56.6 1.4
TL 1790326192.929 457.7 3.3
TL 1790326193.031 602.4 1.6
TL 1790326193.131 645.9 3.4
TL 1790326193.231 421.1 4.2
TL 1790326193.331 685.0 3.7
TL 1790326193.432 1071.9 5.5
TL 1790326193.533 714.9 4.2
TL 1790326193.634 1360.5 3.8
TL 1790326193.734 384.1 2.8
TL 1790326193.834 877.7 5.0
TL 1790326193.935 973.2 4.3
TL 1790326194.035 186.4 1.0
TL 1790326194.135 610.7 2.7
TL 1790326194.235 307.6 1.5
TL 1790326194.336 1373.1 4.5
TL 1790326194.435 153.5 1.7
TL 1790326194.536 1123.3 5.4
TL 1790326194.636 804.9 3.0
TL 1790326194.736 153.2 1.1
TL 1790326194.836 624.5 2.3
TL 1790326194.936 483.8 2.6
TL 1790326195.037 819.5 3.2
TL 1790326195.137 763.3 3.1
TL 1790326195.237 529.3 3.9
TL 1790326195.338 725.7 3.4
TL 1790326195.438 1503.1 3.9
TL 1790326195.538 427.8 1.9
TL 1790326195.638 569.8 3.4
TL 1790326195.738 521.6 2.8
TL 1790326195.838 643.3 4.3
TL 1790326195.938 130.4 1.7
TL 1790326196.039 1247.0 6.1
TL 1790326196.139 897.3 2.4
TL 1790326196.240 1066.1 3.1
TL 1790326196.340 941.6 3.9
TL 1790326196.440 527.6 4.2
TL 1790326196.540 479.7 3.3
TL 1790326196.642 1556.4 3.3
TL 1790326196.741 523.2 1.9
TL 1790326196.842 1398.3 3.9
TL 1790326196.941 443.1 3.2
TL 1790326197.041 273.5 1.4
TL 1790326197.143 466.3 2.6
TL 1790326197.243 315.5 1.7
TL 1790326197.344 1000.3 4.4
TL 1790326197.444 535.3 4.8
TL 1790326197.544 625.1 3.2
TL 1790326197.645 1527.0 10.1
TL 1790326197.745 425.5 4.1
TL 1790326197.844 103.5 2.4
TL 1790326197.946 1199.7 5.3
TL 1790326198.045 264.1 2.8
TL 1790326198.145 565.2 3.8
TL 1790326198.246 965.4 3.9
TL 1790326198.346 609.3 3.2
TL 1790326198.446 452.1 4.7
TL 1790326198.546 688.1 3.6
TL 1790326198.646 444.6 1.7
TL 1790326198.747 608.6 1.9
TL 1790326198.847 831.9 3.3
TL 1790326198.947 533.7 2.9
TL 1790326199.048 969.8 4.1
TL 1790326199.148 552.3 3.2
TL 1790326199.248 572.8 4.3
TL 1790326199.348 469.7 1.6
TL 1790326199.449 1400.1 6.1
TL 1790326199.549 708.1 2.9
TL 1790326199.648 85.7 1.9
TL 1790326199.748 171.6 1.8
TL 1790326199.848 81.7 1.8
TL 1790326199.948 156.2 1.3
TL 1790326200.049 545.8 2.2
TL 1790326200.149 570.1 4.5
TL 1790326200.250 736.9 4.2
TL 1790326200.350 844.8 4.5
TL 1790326200.453 690.9 4.0
TL 1790326200.553 453.5 2.3
TL 1790326200.654 685.2 4.9
TL 1790326200.754 613.5 2.6
TL 1790326200.855 890.2 3.6
TL 1790326200.955 759.1 4.2
TL 1790326201.056 1124.5 3.7
TL 1790326201.156 642.8 9.3
TL 1790326201.257 937.3 4.8
TL 1790326201.357 966.6 3.7
TL 1790326201.457 1045.5 4.2
TL 1790326201.558 901.3 3.3
TL 1790326201.658 688.8 3.9
TL 1790326201.758 570.2 3.1
TL 1790326201.858 655.2 3.4
TL 1790326201.958 730.1 4.1
TL 1790326202.058 482.1 3.1
TL 1790326202.159 628.2 3.3
TL 1790326202.260 581.9 2.9
TL 1790326202.360 422.4 3.2
TL 1790326202.461 1162.6 3.7
TL 1790326202.562 2413.2 4.0
TL 1790326202.660 384.0 2.2
TL 1790326202.761 682.7 2.6
TL 1790326202.861 186.8 3.0
TL 1790326202.961 548.1 3.3
TL 1790326203.061 662.8 3.3
TL 1790326203.162 546.0 3.2
TL 1790326203.262 557.9 1.8
TL 1790326203.362 524.2 3.3
TL 1790326203.463 944.4 4.5
TL 1790326203.563 1217.1 3.8
TL 1790326203.663 648.5 3.7
TL 1790326203.763 351.7 3.1
TL 1790326203.864 1307.5 3.1
TL 1790326203.964 573.3 4.5
TL 1790326204.065 1185.5 4.2
TL 1790326204.165 512.2 2.8
TL 1790326204.265 925.8 3.8
TL 1790326204.365 501.5 3.5
TL 1790326204.465 195.3 1.6
TL 1790326204.565 376.3 3.6
TL 1790326204.665 386.9 4.1
TL 1790326204.766 554.8 3.3
TL 1790326204.866 506.5 2.0
TL 1790326204.967 1116.5 4.3
TL 1790326205.067 1001.0 3.8
TL 1790326205.166 211.0 1.3
TL 1790326205.266 154.7 1.8
TL 1790326205.367 244.3 1.9
TL 1790326205.468 985.4 1.9
TL 1790326205.569 1102.1 4.2
TL 1790326205.668 192.4 1.5
TL 1790326205.768 575.2 4.5
TL 1790326205.868 465.9 3.0
TL 1790326205.968 464.0 3.5
TL 1790326206.069 528.4 3.4
TL 1790326206.169 195.8 1.6
TL 1790326206.271 1864.3 3.1
TL 1790326206.370 458.2 2.9
TL 1790326206.470 594.1 3.0
TL 1790326206.570 630.9 3.3
TL 1790326206.670 282.6 1.5
TL 1790326206.770 321.8 2.2
TL 1790326206.871 641.6 3.5
TL 1790326206.972 1119.3 3.6
TL 1790326207.072 1004.3 4.0
TL 1790326207.171 176.8 1.1
TL 1790326207.272 540.3 3.1
TL 1790326207.372 370.9 2.6
TL 1790326207.472 390.9 0.9
TL 1790326207.572 228.2 1.6
TL 1790326207.672 403.4 4.1
TL 1790326207.772 464.0 2.9
TL 1790326207.872 166.7 1.7
TL 1790326207.972 246.5 2.2
TL 1790326208.073 734.8 1.5
TL 1790326208.173 101.0 1.1
TL 1790326208.274 1314.7 5.6
TL 1790326208.373 181.9 2.0
TL 1790326208.474 632.9 3.7
TL 1790326208.574 817.9 4.0
TL 1790326208.674 249.2 2.7
TL 1790326208.775 619.6 2.0
TL 1790326208.875 473.1 4.3
TL 1790326208.975 629.7 3.4
TL 1790326209.076 1269.9 3.3
TL 1790326209.178 2615.0 4.1
TL 1790326209.276 638.3 3.0
TL 1790326209.377 702.0 3.2
TL 1790326209.478 949.3 4.6
TL 1790326209.578 886.1 3.4
TL 1790326209.677 401.7 3.7
TL 1790326209.778 536.7 3.6
TL 1790326209.878 786.8 3.5
TL 1790326209.978 719.0 1.7
TL 1790326210.079 841.3 4.4
TL 1790326210.179 525.4 1.8
TL 1790326210.279 474.5 3.6
TL 1790326210.379 409.4 2.2
TL 1790326210.479 442.5 3.1
TL 1790326210.580 650.6 1.6
TL 1790326210.680 777.6 4.4
TL 1790326210.780 120.1 1.0
TL 1790326210.881 1732.0 2.9
TL 1790326210.980 418.4 2.4
TL 1790326211.083 2807.1 4.6
TL 1790326211.181 436.2 2.3
TL 1790326211.281 564.4 3.4
TL 1790326211.381 749.8 2.1
TL 1790326211.485 4351.5 5.2
TL 1790326211.582 638.2 3.1
TL 1790326211.684 2415.4 2.7
TL 1790326211.783 1054.3 4.9
TL 1790326211.883 762.5 3.5
TL 1790326211.984 2408.4 4.3
TL 1790326212.083 434.4 4.3
TL 1790326212.183 565.6 2.6
TL 1790326212.283 338.6 2.8
TL 1790326212.385 2090.1 4.2
TL 1790326212.484 507.4 4.5
TL 1790326212.584 727.2 3.5
TL 1790326212.684 479.4 4.6
TL 1790326212.785 443.9 2.8
TL 1790326212.885 290.2 1.8
TL 1790326212.989 561.2 2.6
TL 1790326213.089 1038.9 5.4
TL 1790326213.189 582.2 3.0
TL 1790326213.289 544.5 2.5
TL 1790326213.390 979.8 4.4
TL 1790326213.490 814.6 4.0
TL 1790326213.590 828.8 3.7
TL 1790326213.691 1598.2 3.3
TL 1790326213.790 397.1 3.1
TL 1790326213.891 646.3 3.9
TL 1790326213.994 1034.0 4.4
TL 1790326214.094 865.1 3.4
TL 1790326214.194 681.9 3.3
TL 1790326214.294 587.9 3.1
TL 1790326214.395 991.6 4.8
TL 1790326214.495 718.1 1.7
TL 1790326214.595 912.7 3.5
TL 1790326214.695 615.2 3.6
TL 1790326214.795 454.1 2.1
TL 1790326214.896 1161.9 5.3
TL 1790326214.996 508.4 3.2
TL 1790326215.097 1671.1 4.3
TL 1790326215.196 325.9 1.6
TL 1790326215.296 668.2 3.5
TL 1790326215.396 271.2 1.9
TL 1790326215.497 760.8 3.1
TL 1790326215.597 802.2 3.2
TL 1790326215.697 604.0 3.1
TL 1790326215.797 532.2 2.8
TL 1790326215.898 1458.4 4.5
TL 1790326215.997 504.0 3.4
TL 1790326216.099 345.6 1.8
TL 1790326216.199 769.3 3.0
TL 1790326216.299 570.7 3.9
TL 1790326216.400 1087.3 3.5
TL 1790326216.500 691.7 2.3
TL 1790326216.600 662.9 3.3
TL 1790326216.700 394.5 3.7
TL 1790326216.801 768.2 3.0
TL 1790326216.901 613.6 1.7
TL 1790326217.002 1364.9 2.9
TL 1790326217.101 549.1 3.1
TL 1790326217.201 144.1 0.8
TL 1790326217.301 304.4 1.6
TL 1790326217.402 968.2 3.3
TL 1790326217.502 537.8 3.1
TL 1790326217.602 656.9 3.0
TL 1790326217.702 609.8 4.6
TL 1790326217.803 654.5 4.2
TL 1790326217.902 201.0 1.6
TL 1790326218.004 640.6 3.7
TL 1790326218.105 1460.1 4.0
TL 1790326218.204 511.9 2.7
TL 1790326218.304 682.8 4.5
TL 1790326218.405 975.8 3.4
TL 1790326218.505 695.1 3.8
TL 1790326218.605 735.8 4.3
TL 1790326218.706 678.8 5.0
TL 1790326218.806 870.5 2.7
TL 1790326218.906 997.0 4.2
TL 1790326219.006 571.7 3.3
TL 1790326219.107 1370.2 3.9
TL 1790326219.206 412.5 1.9
TL 1790326219.307 819.3 3.0
TL 1790326219.407 935.5 3.7
TL 1790326219.507 421.4 3.2
TL 1790326219.607 612.7 3.0
TL 1790326219.708 784.2 4.0
TL 1790326219.808 447.2 4.3
TL 1790326219.909 1013.6 4.5
TL 1790326220.009 470.3 4.5
TL 1790326220.109 765.8 1.8
TL 1790326220.209 159.6 0.7
TL 1790326220.309 538.0 3.6
TL 1790326220.409 574.7 3.4
TL 1790326220.509 389.5 4.3
TL 1790326220.610 656.7 3.4
TL 1790326220.710 951.8 4.0
TL 1790326220.810 645.7 4.9
TL 1790326220.911 1127.7 4.4
TL 1790326221.011 433.7 2.9
TL 1790326221.112 1330.6 3.3
TL 1790326221.211 185.4 0.9
TL 1790326221.311 143.3 1.9
TL 1790326221.412 941.8 3.9
TL 1790326221.512 425.0 3.0
TL 1790326221.613 1372.3 3.4
TL 1790326221.712 165.6 1.3
TL 1790326221.812 544.7 4.3
TL 1790326221.912 372.5 3.6
TL 1790326222.013 361.7 2.9
TL 1790326222.113 524.9 3.3
TL 1790326222.213 503.9 3.3
TL 1790326222.313 174.6 2.1
TL 1790326222.414 1110.5 5.6
TL 1790326222.514 349.0 4.1
TL 1790326222.615 878.2 3.2
TL 1790326222.714 500.3 3.5
TL 1790326222.815 552.4 3.5
TL 1790326222.915 270.8 3.6
TL 1790326223.015 317.5 3.5
TL 1790326223.116 754.4 4.0
TL 1790326223.216 377.8 1.5
TL 1790326223.316 602.2 2.1
TL 1790326223.417 850.2 4.0
TL 1790326223.516 267.9 2.7
TL 1790326223.617 676.4 3.8
TL 1790326223.717 618.6 3.5
TL 1790326223.817 486.8 1.4
TL 1790326223.918 1330.5 4.6
TL 1790326224.017 541.1 3.0
TL 1790326224.118 1189.6 5.2
TL 1790326224.218 471.5 2.8
TL 1790326224.318 828.5 4.2
TL 1790326224.419 1188.0 5.6
TL 1790326224.519 549.6 3.0
TL 1790326224.619 619.6 3.2
TL 1790326224.719 134.9 2.1
TL 1790326224.819 753.7 3.5
TL 1790326224.920 1203.2 4.5
TL 1790326225.020 1092.6 3.1
TL 1790326225.120 874.7 4.1
TL 1790326225.220 711.4 1.6
TL 1790326225.320 733.2 3.4
TL 1790326225.421 808.7 3.5
TL 1790326225.521 795.1 3.9
TL 1790326225.621 865.6 3.9
TL 1790326225.722 983.8 3.2
TL 1790326225.822 879.1 3.2
TL 1790326225.922 626.7 3.5
TL 1790326226.022 525.6 4.5
TL 1790326226.122 790.3 4.4
TL 1790326226.223 1072.8 3.0
TL 1790326226.323 988.6 3.9
TL 1790326226.424 1557.6 3.4
TL 1790326226.524 1407.3 3.2
TL 1790326226.623 684.6 4.2
TL 1790326226.723 486.1 2.8
TL 1790326226.824 795.9 2.8
TL 1790326226.925 1558.8 3.4
TL 1790326227.025 1311.8 4.3
TL 1790326227.124 554.8 2.0
TL 1790326227.224 286.9 1.5
TL 1790326227.325 666.5 4.5
TL 1790326227.425 798.8 4.0
TL 1790326227.525 326.4 1.8
TL 1790326227.625 763.3 4.0
TL 1790326227.725 545.0 3.5
TL 1790326227.826 693.0 3.2
TL 1790326227.925 87.9 2.0
TL 1790326228.026 791.9 3.5
TL 1790326228.126 557.4 3.7
TL 1790326228.227 747.4 4.1
TL 1790326228.327 737.6 3.0
TL 1790326228.427 906.1 4.0
TL 1790326228.527 632.5 3.1
TL 1790326228.628 1163.2 3.9
TL 1790326228.728 1053.0 5.2
TL 1790326228.828 871.3 2.7
TL 1790326228.928 791.9 4.4
TL 1790326229.028 649.7 1.8
TL 1790326229.128 279.9 2.0
TL 1790326229.230 2532.0 4.1
TL 1790326229.330 1731.0 3.6
TL 1790326229.430 496.0 2.1
TL 1790326229.530 731.6 25.5
TL 1790326229.630 74.8 1.6
TL 1790326229.730 111.6 1.2
TL 1790326229.831 1098.5 3.1
TL 1790326229.931 638.5 3.1
TL 1790326230.032 1275.8 3.0
TL 1790326230.131 501.5 3.4
TL 1790326230.232 1429.9 4.0
TL 1790326230.332 834.5 4.1
TL 1790326230.432 207.8 1.7
TL 1790326230.533 937.9 4.1
TL 1790326230.633 276.4 1.8
TL 1790326230.733 483.5 3.0
TL 1790326230.835 1395.5 4.7
TL 1790326230.935 1076.0 3.0
TL 1790326231.035 1020.2 3.0
TL 1790326231.134 512.6 3.0
TL 1790326231.236 2291.5 2.1
TL 1790326231.335 731.7 3.8
TL 1790326231.435 455.8 4.8
TL 1790326231.536 1122.9 5.1
TL 1790326231.636 587.1 3.5
TL 1790326231.736 540.6 2.3
TL 1790326231.836 676.3 4.1
TL 1790326231.936 806.7 4.0
TL 1790326232.037 518.9 3.1
TL 1790326232.137 430.5 3.9
TL 1790326232.237 643.3 4.6
TL 1790326232.338 616.3 2.2
TL 1790326232.438 399.1 3.7
TL 1790326232.538 474.8 2.9
TL 1790326232.640 562.8 4.5
TL 1790326232.740 431.2 3.5
TL 1790326232.840 833.6 4.3
TL 1790326232.940 294.4 3.5
TL 1790326233.040 459.0 5.0
TL 1790326233.141 361.0 4.2
TL 1790326233.241 239.8 1.4
TL 1790326233.341 614.4 3.6
TL 1790326233.441 427.8 4.0
TL 1790326233.541 547.0 4.1
TL 1790326233.642 519.6 4.1
TL 1790326233.743 2000.4 3.0
TL 1790326233.842 615.3 4.8
TL 1790326233.942 513.6 4.1
TL 1790326234.043 975.6 3.8
TL 1790326234.142 392.9 3.4
TL 1790326234.243 470.5 4.3
TL 1790326234.343 646.3 3.0
TL 1790326234.443 357.4 3.8
TL 1790326234.544 802.6 3.0
TL 1790326234.643 134.3 1.3
TL 1790326234.744 1041.8 4.3
TL 1790326234.844 832.1 3.5
TL 1790326234.944 723.0 4.4
TL 1790326235.045 772.2 2.7
TL 1790326235.144 253.4 3.3
TL 1790326235.247 679.2 3.3
TL 1790326235.347 851.6 4.1
TL 1790326235.447 249.4 2.8
TL 1790326235.547 369.4 1.9
TL 1790326235.647 184.9 4.5
TL 1790326235.747 254.4 3.4
TL 1790326235.848 1266.0 3.2
TL 1790326235.948 307.2 3.4
TL 1790326236.048 607.6 3.6
TL 1790326236.148 626.7 2.1
TL 1790326236.249 752.8 3.7
TL 1790326236.349 892.9 3.8
TL 1790326236.449 521.8 3.2
TL 1790326236.549 779.6 3.9
TL 1790326236.649 635.2 2.8
TL 1790326236.749 192.7 1.4
TL 1790326236.850 831.0 4.1
TL 1790326236.950 715.7 3.9
TL 1790326237.050 836.7 4.5
TL 1790326237.150 734.1 3.6
TL 1790326237.250 602.4 4.0
TL 1790326237.351 682.6 2.4
TL 1790326237.451 939.7 1.4
TL 1790326237.551 612.7 2.1
TL 1790326237.652 1107.2 4.8
TL 1790326237.751 115.6 2.4
TL 1790326237.851 256.3 1.6
TL 1790326237.952 375.1 3.2
TL 1790326238.052 249.2 2.8
TL 1790326238.152 795.0 3.4
TL 1790326238.252 567.9 2.9
TL 1790326238.353 964.0 4.5
TL 1790326238.453 658.3 5.0
TL 1790326238.554 780.4 5.3
TL 1790326238.654 982.6 3.9
TL 1790326238.754 342.2 3.9
TL 1790326238.854 672.8 3.0
TL 1790326238.955 1270.5 3.4
TL 1790326239.055 570.9 3.4
TL 1790326239.154 186.5 3.7
TL 1790326239.255 454.6 1.8
TL 1790326239.355 889.5 3.9
TL 1790326239.456 1631.3 4.3
TL 1790326239.556 863.0 4.2
TL 1790326239.655 181.3 3.7
TL 1790326239.756 332.0 3.6
TL 1790326239.856 858.5 4.0
TL 1790326239.957 1202.2 5.2
TL 1790326240.056 296.7 3.1
TL 1790326240.156 155.5 1.1
TL 1790326240.257 594.1 3.8
TL 1790326240.357 598.6 2.4
TL 1790326240.457 572.4 3.1
TL 1790326240.557 505.5 4.5
TL 1790326240.658 771.1 3.1
TL 1790326240.757 394.8 2.9
TL 1790326240.858 993.4 2.2
TL 1790326240.958 608.3 3.0
TL 1790326241.059 774.3 2.7
TL 1790326241.159 544.7 3.5
TL 1790326241.259 722.2 4.0
TL 1790326241.359 739.5 3.7
TL 1790326241.460 1427.7 2.5
TL 1790326241.559 544.1 3.3
TL 1790326241.660 469.9 3.1
TL 1790326241.760 282.9 2.9
TL 1790326241.860 493.1 1.7
TL 1790326241.960 588.1 2.8
TL 1790326242.061 637.0 3.1
TL 1790326242.161 663.9 3.0
TL 1790326242.261 304.2 1.4
TL 1790326242.361 564.1 3.2
TL 1790326242.462 695.1 4.0
TL 1790326242.562 692.8 3.8
TL 1790326242.663 1414.6 3.7
TL 1790326242.762 547.3 3.9
TL 1790326242.863 757.3 3.9
TL 1790326242.963 396.6 4.7
TL 1790326243.064 752.7 3.7
TL 1790326243.164 710.3 3.3
TL 1790326243.264 544.9 3.4
TL 1790326243.364 401.0 1.3
TL 1790326243.464 612.8 3.0
TL 1790326243.564 624.9 3.8
TL 1790326243.665 767.2 3.3
TL 1790326243.765 473.4 3.3
TL 1790326243.866 1464.6 4.7
TL 1790326243.967 1833.3 3.3
TL 1790326244.066 721.7 4.6
TL 1790326244.167 1359.5 2.4
TL 1790326244.266 650.8 4.5
TL 1790326244.367 768.3 4.3
TL 1790326244.467 622.9 4.2
TL 1790326244.567 701.7 3.7
TL 1790326244.667 501.7 4.1
TL 1790326244.767 174.0 3.8
TL 1790326244.869 2355.0 4.6
TL 1790326244.968 1117.8 4.5
TL 1790326245.068 602.9 3.5
TL 1790326245.168 477.3 1.9
TL 1790326245.268 233.2 1.8
TL 1790326245.369 666.2 3.0
TL 1790326245.469 461.4 3.7
TL 1790326245.570 511.4 35.9
TL 1790326245.670 458.4 3.8
TL 1790326245.770 419.9 2.9
TL 1790326245.872 2158.0 2.9
TL 1790326245.971 920.9 3.0
TL 1790326246.071 869.6 4.0
TL 1790326246.171 195.7 2.3
TL 1790326246.271 584.0 3.8
TL 1790326246.371 418.8 2.3
TL 1790326246.474 1151.6 4.1
TL 1790326246.574 1228.6 2.9
TL 1790326246.674 661.5 3.8
TL 1790326246.774 533.5 3.5
TL 1790326246.874 873.4 3.0
TL 1790326246.974 409.8 2.7
TL 1790326247.075 661.5 3.8
TL 1790326247.176 1589.5 3.8
TL 1790326247.275 622.9 4.0
TL 1790326247.375 455.8 3.1
TL 1790326247.475 105.3 0.9
TL 1790326247.575 232.3 1.4
TL 1790326247.676 1014.4 4.0
TL 1790326247.776 384.3 3.0
TL 1790326247.876 542.8 1.5
TL 1790326247.976 506.7 5.0
TL 1790326248.076 360.1 3.5
TL 1790326248.177 1134.7 2.9
TL 1790326248.277 479.9 1.7
TL 1790326248.377 429.6 3.1
TL 1790326248.478 799.1 4.0
TL 1790326248.577 183.2 2.1
TL 1790326248.678 971.1 3.7
TL 1790326248.778 315.6 2.8
TL 1790326248.879 1278.4 2.4
TL 1790326248.979 398.6 3.8
TL 1790326249.079 451.8 2.9
TL 1790326249.179 636.3 3.0
TL 1790326249.280 530.0 2.5
TL 1790326249.380 506.9 2.4
TL 1790326249.481 911.5 4.3
TL 1790326249.580 211.5 1.6
TL 1790326249.681 704.1 3.5
TL 1790326249.781 146.5 1.8
TL 1790326249.882 1184.8 4.1
TL 1790326249.982 1151.8 1.8
TL 1790326250.081 129.7 1.1
TL 1790326250.182 584.3 3.2
TL 1790326250.281 84.9 1.2
TL 1790326250.382 350.1 1.1
TL 1790326250.482 621.9 2.9
TL 1790326250.582 78.1 1.1
TL 1790326250.683 650.1 4.1
TL 1790326250.782 91.7 1.6
TL 1790326250.883 974.7 3.5
TL 1790326250.983 234.6 3.4
TL 1790326251.083 462.0 3.0
TL 1790326251.183 304.2 1.4
TL 1790326251.284 839.8 3.8
TL 1790326251.383 401.4 2.6
TL 1790326251.484 511.3 1.8
TL 1790326251.584 648.2 3.1
TL 1790326251.685 759.9 2.6
TL 1790326251.785 386.1 4.0
TL 1790326251.886 1018.5 5.2
TL 1790326251.986 565.5 3.7
TL 1790326252.086 456.0 3.8
TL 1790326252.187 653.3 3.3
TL 1790326252.287 796.1 3.6
TL 1790326252.387 277.5 0.9
TL 1790326252.487 592.1 3.4
TL 1790326252.588 1553.1 1.6
TL 1790326252.687 601.9 2.2
TL 1790326252.787 337.8 2.5
TL 1790326252.888 799.3 3.1
TL 1790326252.987 325.4 1.8
TL 1790326253.088 337.7 1.3
TL 1790326253.188 755.1 1.7
TL 1790326253.288 543.6 1.7
TL 1790326253.388 265.8 1.1
TL 1790326253.489 894.7 3.9
TL 1790326253.589 969.8 3.9
TL 1790326253.689 1041.1 4.0
TL 1790326253.789 304.8 2.4
TL 1790326253.890 1023.5 3.7
TL 1790326253.989 778.6 3.3
TL 1790326254.089 598.3 3.8
TL 1790326254.189 425.5 1.5
TL 1790326254.290 690.8 2.6
TL 1790326254.390 481.8 1.5
TL 1790326254.490 715.5 3.2
TL 1790326254.590 654.7 3.5
TL 1790326254.690 302.3 2.4
TL 1790326254.790 325.6 1.9
TL 1790326254.892 1157.1 4.4
TL 1790326254.991 252.4 1.4
TL 1790326255.091 622.6 2.9
TL 1790326255.191 525.5 2.7
TL 1790326255.292 905.1 2.7
TL 1790326255.391 306.2 1.0
TL 1790326255.492 362.5 1.7
TL 1790326255.592 598.0 3.3
TL 1790326255.692 725.9 3.7
TL 1790326255.793 867.6 4.6
TL 1790326255.894 814.9 1.3
TL 1790326255.994 806.7 3.2
TL 1790326256.094 521.8 2.9
TL 1790326256.194 1244.5 4.0
TL 1790326256.295 1684.7 4.3
TL 1790326256.394 591.5 3.7
TL 1790326256.494 383.2 3.5
TL 1790326256.595 588.8 3.7
TL 1790326256.694 83.7 1.0
TL 1790326256.795 430.4 1.6
TL 1790326256.895 988.8 2.4
TL 1790326256.995 206.4 1.4
TL 1790326257.096 659.9 2.3
TL 1790326257.195 303.0 1.3
TL 1790326257.296 423.6 1.2
TL 1790326257.396 371.6 1.0
TL 1790326257.496 484.9 1.2
TL 1790326257.596 584.2 2.4
TL 1790326257.696 462.2 2.6
TL 1790326257.797 403.6 3.5
TL 1790326257.897 470.6 1.9
TL 1790326257.998 1006.2 4.3
TL 1790326258.098 672.2 3.2
TL 1790326258.198 823.1 4.0
TL 1790326258.298 683.0 3.4
TL 1790326258.398 276.0 1.6
TL 1790326258.498 659.8 3.6
TL 1790326258.598 750.6 3.1
TL 1790326258.699 720.9 3.8
TL 1790326258.798 164.0 0.7
TL 1790326258.899 442.2 2.4
TL 1790326258.999 382.7 2.2
TL 1790326259.099 405.5 1.7
TL 1790326259.199 425.8 2.0
TL 1790326259.300 560.6 4.4
TL 1790326259.400 252.1 1.0
TL 1790326259.500 957.3 2.0
TL 1790326259.600 200.7 1.5
TL 1790326259.700 104.9 1.6
TL 1790326259.801 660.5 4.0
TL 1790326259.901 771.6 4.2
TL 1790326260.002 1709.2 3.1
TL 1790326260.102 1413.1 4.9
TL 1790326260.201 766.4 4.6
TL 1790326260.302 1389.6 3.5
TL 1790326260.401 191.8 2.1
TL 1790326260.502 451.5 3.3
TL 1790326260.602 866.9 4.3
TL 1790326260.702 487.6 2.8
TL 1790326260.803 577.9 1.9
TL 1790326260.903 637.3 3.6
TL 1790326261.003 380.3 2.5
TL 1790326261.103 680.1 3.0
TL 1790326261.203 547.6 2.3
TL 1790326261.304 704.1 3.2
TL 1790326261.403 200.6 1.5
TL 1790326261.504 775.4 4.1
TL 1790326261.605 1242.7 2.3
TL 1790326261.704 610.3 4.1
TL 1790326261.805 519.5 2.7
TL 1790326261.906 960.3 4.1
TL 1790326262.006 630.0 3.7
TL 1790326262.106 656.7 3.8
TL 1790326262.206 527.4 3.1
TL 1790326262.307 1317.4 4.3
TL 1790326262.407 679.4 4.2
TL 1790326262.507 947.0 4.3
TL 1790326262.608 1417.4 2.5
TL 1790326262.708 871.7 3.3
TL 1790326262.808 360.8 2.6
TL 1790326262.908 885.4 4.2
TL 1790326263.008 180.4 1.0
TL 1790326263.108 125.8 1.5
TL 1790326263.208 487.1 2.3
TL 1790326263.309 931.9 2.4
TL 1790326263.409 151.1 1.9
TL 1790326263.510 1244.4 4.5
TL 1790326263.610 698.6 3.2
TL 1790326263.710 521.5 4.2
TL 1790326263.810 483.3 2.0
TL 1790326263.910 459.6 4.0
TL 1790326264.011 932.6 3.6
TL 1790326264.111 1039.9 4.1
TL 1790326264.211 867.7 1.7
TL 1790326264.311 400.9 1.4
TL 1790326264.411 270.1 2.8
TL 1790326264.511 117.9 2.7
TL 1790326264.612 280.4 2.3
TL 1790326264.712 90.1 1.5
TL 1790326264.812 78.8 1.5
TL 1790326264.912 121.8 2.6
TL 1790326265.012 91.8 1.1
TL 1790326265.113 571.9 1.5
TL 1790326265.213 1224.1 1.3
TL 1790326265.312 69.3 2.3
TL 1790326265.413 140.1 3.2
TL 1790326265.513 121.8 2.3
TL 1790326265.613 130.7 1.7
TL 1790326265.713 89.1 2.7
TL 1790326265.813 66.8 2.2
TL 1790326265.913 63.2 2.8
TL 1790326266.013 139.4 3.4
TL 1790326266.114 109.6 2.8
TL 1790326266.214 112.8 2.4
TL 1790326266.314 53.9 2.2
TL 1790326266.414 175.3 3.2
TL 1790326266.514 131.5 2.6
TL 1790326266.614 81.5 2.6
TL 1790326266.716 2058.6 1.5
TL 1790326266.814 62.8 1.4
TL 1790326266.915 176.9 2.9
TL 1790326267.015 107.1 1.2
TL 1790326267.115 121.9 2.2
TL 1790326267.215 59.7 2.1
TL 1790326267.315 277.4 2.5
TL 1790326267.415 57.5 2.6
TL 1790326267.515 177.5 2.4
TL 1790326267.615 52.6 2.1
TL 1790326267.716 111.4 2.2
TL 1790326267.816 188.7 1.5
TL 1790326267.916 352.6 2.8
TL 1790326268.016 604.5 3.1
TL 1790326268.117 739.6 2.8
TL 1790326268.217 433.2 2.9
TL 1790326268.317 709.9 3.0
TL 1790326268.417 209.1 3.3
TL 1790326268.517 361.9 3.0
TL 1790326268.617 669.3 3.0
TL 1790326268.717 368.7 4.1
TL 1790326268.818 517.7 1.4
TL 1790326268.918 1009.3 4.8
TL 1790326269.018 454.5 2.3
TL 1790326269.118 700.7 3.7
TL 1790326269.219 897.9 2.6
TL 1790326269.319 847.8 4.0
TL 1790326269.420 1342.8 4.3
TL 1790326269.520 813.6 3.0
TL 1790326269.620 708.9 1.9
TL 1790326269.720 594.2 3.3
TL 1790326269.821 512.3 3.5
TL 1790326269.921 571.8 3.3
TL 1790326270.021 832.0 4.5
TL 1790326270.122 1256.4 3.9
TL 1790326270.221 442.6 5.0
TL 1790326270.322 654.5 3.7
TL 1790326270.422 815.3 4.1
TL 1790326270.522 410.9 1.3
TL 1790326270.624 1360.8 1.9
TL 1790326270.723 279.2 1.6
TL 1790326270.823 103.0 0.7
TL 1790326270.923 193.3 3.1
TL 1790326271.024 530.1 3.0
TL 1790326271.124 847.3 1.9
TL 1790326271.224 744.2 3.1
TL 1790326271.324 770.4 4.0
TL 1790326271.425 1113.2 4.6
TL 1790326271.525 667.6 3.3
TL 1790326271.625 333.6 1.2
TL 1790326271.725 402.3 2.8
TL 1790326271.826 585.0 2.6
TL 1790326271.926 966.6 4.8
TL 1790326272.027 1383.6 4.3
TL 1790326272.127 1841.3 3.5
TL 1790326272.227 827.9 3.7
TL 1790326272.327 438.5 2.8
TL 1790326272.427 403.9 3.4
TL 1790326272.527 391.2 3.2
TL 1790326272.628 840.4 3.9
TL 1790326272.727 87.1 1.9
TL 1790326272.828 435.6 2.8
TL 1790326272.929 1328.1 4.2
TL 1790326273.028 726.3 1.4
TL 1790326273.128 600.3 3.6
TL 1790326273.229 937.8 3.0
TL 1790326273.329 961.0 4.6
TL 1790326273.429 719.7 4.0
TL 1790326273.530 1311.5 2.9
TL 1790326273.630 1655.6 3.9
TL 1790326273.731 819.9 2.7
TL 1790326273.832 977.0 2.8
TL 1790326273.932 1341.4 4.1
TL 1790326274.032 619.5 3.6
TL 1790326274.133 1438.3 4.2
TL 1790326274.233 719.2 4.4
TL 1790326274.333 381.5 1.6
TL 1790326274.433 491.0 4.5
TL 1790326274.534 773.0 4.0
TL 1790326274.634 658.3 3.0
TL 1790326274.734 511.5 3.4
TL 1790326274.834 729.8 2.4
TL 1790326274.935 1514.7 3.6
TL 1790326275.034 546.7 3.4
TL 1790326275.134 631.6 2.8
TL 1790326275.234 250.6 1.6
TL 1790326275.335 760.2 5.0
TL 1790326275.434 113.0 1.9
TL 1790326275.535 609.1 2.5
TL 1790326275.636 1318.5 4.4
TL 1790326275.737 624.9 4.2
TL 1790326275.837 561.8 3.6
TL 1790326275.938 1036.2 4.3
TL 1790326276.037 580.4 3.9
TL 1790326276.138 918.6 4.3
TL 1790326276.237 424.0 3.2
TL 1790326276.338 542.3 4.2
TL 1790326276.438 381.9 3.9
TL 1790326276.538 534.5 2.9
TL 1790326276.639 948.8 3.3
TL 1790326276.739 575.9 3.0
TL 1790326276.839 618.4 2.4
TL 1790326276.940 1637.2 3.6
TL 1790326277.039 485.0 2.9
TL 1790326277.140 824.1 2.9
TL 1790326277.241 1460.1 3.5
TL 1790326277.340 609.7 4.0
TL 1790326277.441 1378.5 4.2
TL 1790326277.540 410.5 2.0
TL 1790326277.642 1104.0 4.4
TL 1790326277.741 123.3 4.1
TL 1790326277.841 504.1 4.1
TL 1790326277.942 980.5 4.0
TL 1790326278.042 752.2 3.3
TL 1790326278.144 980.2 3.3
TL 1790326278.245 974.6 4.4
TL 1790326278.345 623.6 3.3
TL 1790326278.445 457.4 4.7
TL 1790326278.545 445.4 3.0
TL 1790326278.646 680.4 2.9
TL 1790326278.746 690.1 3.3
TL 1790326278.846 796.8 4.3
TL 1790326278.947 1346.8 4.3
TL 1790326279.046 96.0 0.7
TL 1790326279.147 1308.2 3.5
TL 1790326279.247 895.1 3.7
TL 1790326279.347 970.6 3.2
TL 1790326279.448 848.9 3.3
TL 1790326279.547 192.4 1.4
TL 1790326279.648 843.7 3.4
TL 1790326279.748 633.3 2.4
TL 1790326279.848 586.8 4.0
TL 1790326279.949 976.8 3.6
TL 1790326280.050 1154.0 3.5
TL 1790326280.150 1643.0 3.5
TL 1790326280.250 786.3 2.8
TL 1790326280.349 393.2 1.7
TL 1790326280.450 488.6 5.1
TL 1790326280.550 493.8 2.8
TL 1790326280.650 516.1 3.2
TL 1790326280.750 527.3 2.9
TL 1790326280.850 171.2 2.3
TL 1790326280.960 3390.5 5.4
TL 1790326281.057 726.4 3.3
TL 1790326281.158 793.2 4.0
TL 1790326281.257 554.8 2.1
TL 1790326281.358 467.1 2.8
TL 1790326281.459 1220.9 4.4
TL 1790326281.558 582.3 2.3
TL 1790326281.659 766.3 3.1
TL 1790326281.758 447.7 2.8
TL 1790326281.859 536.2 3.7
TL 1790326281.959 737.9 2.8
TL 1790326282.059 416.0 1.6
TL 1790326282.161 1348.9 4.1
TL 1790326282.260 674.7 2.2
TL 1790326282.361 571.1 3.7
TL 1790326282.461 576.6 4.0
TL 1790326282.561 529.7 2.1
TL 1790326282.662 987.2 4.9
TL 1790326282.761 391.2 3.4
TL 1790326282.862 517.1 2.0
TL 1790326282.962 640.4 3.0
TL 1790326283.062 624.4 2.1
TL 1790326283.163 1139.5 3.9
TL 1790326283.263 1175.4 4.6
TL 1790326283.363 379.5 2.6
TL 1790326283.463 536.3 3.3
TL 1790326283.564 647.8 2.9
TL 1790326283.665 1515.7 3.2
TL 1790326283.764 419.6 1.6
TL 1790326283.864 705.1 3.1
TL 1790326283.964 258.4 2.7
TL 1790326284.065 678.6 3.2
TL 1790326284.165 981.4 3.3
TL 1790326284.266 1184.4 2.5
TL 1790326284.365 238.9 3.0
TL 1790326284.466 630.5 3.1
TL 1790326284.566 544.3 3.0
TL 1790326284.666 667.0 3.4
TL 1790326284.766 192.4 1.1
TL 1790326284.866 173.3 1.9
TL 1790326284.967 1066.1 3.7
TL 1790326285.067 592.4 3.1
TL 1790326285.167 681.3 3.8
TL 1790326285.268 1269.7 3.1
TL 1790326285.368 1128.2 3.5
TL 1790326285.468 993.1 3.9
TL 1790326285.567 542.7 3.4
TL 1790326285.668 678.6 3.3
TL 1790326285.769 1472.6 2.7
TL 1790326285.869 1320.6 3.5
TL 1790326285.969 895.1 4.2
TL 1790326286.069 747.6 3.6
TL 1790326286.169 835.0 4.6
TL 1790326286.271 1804.7 4.4
TL 1790326286.370 1000.2 3.7
TL 1790326286.470 619.5 4.2
TL 1790326286.572 629.5 2.3
TL 1790326286.673 639.2 3.4
TL 1790326286.773 756.6 2.8
TL 1790326286.875 2570.1 3.9
TL 1790326286.974 1247.1 4.2
TL 1790326287.074 759.2 3.3
TL 1790326287.174 552.9 3.3
TL 1790326287.274 673.1 2.7
TL 1790326287.375 1511.1 6.4
TL 1790326287.474 126.7 1.1
TL 1790326287.574 495.5 0.8
TL 1790326287.675 740.6 3.2
TL 1790326287.775 607.0 1.9
TL 1790326287.876 1161.7 4.7
TL 1790326287.981 6226.6 2.7
TL 1790326288.076 978.4 4.0
TL 1790326288.176 533.3 3.9
TL 1790326288.278 1706.7 4.5
TL 1790326288.378 1052.1 4.0
TL 1790326288.477 788.4 3.4
TL 1790326288.577 454.7 2.2
TL 1790326288.678 860.2 2.8
TL 1790326288.778 1315.5 3.2
TL 1790326288.878 662.6 3.2
TL 1790326288.979 1045.4 3.5
TL 1790326289.078 645.2 2.7
TL 1790326289.178 590.5 1.6
TL 1790326289.279 1140.5 6.6
TL 1790326289.379 680.5 3.4
TL 1790326289.479 675.3 3.6
TL 1790326289.579 762.9 1.9
TL 1790326289.679 85.8 2.6
TL 1790326289.779 399.0 2.0
TL 1790326289.879 494.6 2.7
TL 1790326289.980 432.0 2.5
TL 1790326290.080 584.3 3.2
TL 1790326290.181 1097.2 0.6
TL 1790326290.280 535.2 1.9
TL 1790326290.382 1169.5 5.3
TL 1790326290.482 578.0 4.0
TL 1790326290.582 510.2 3.2
TL 1790326290.683 803.3 3.0
TL 1790326290.783 574.7 2.6
TL 1790326290.883 826.6 3.5
TL 1790326290.984 1124.1 5.1
TL 1790326291.084 1057.4 1.7
TL 1790326291.184 547.0 3.9
TL 1790326291.284 809.0 1.5
TL 1790326291.385 1182.7 4.8
TL 1790326291.485 1013.7 3.4
TL 1790326291.585 480.6 2.3
TL 1790326291.685 400.0 2.9
TL 1790326291.785 846.7 2.7
TL 1790326291.885 779.9 3.3
TL 1790326291.986 732.1 4.4
TL 1790326292.086 520.4 3.3
TL 1790326292.186 372.2 1.9
TL 1790326292.287 869.5 4.7
TL 1790326292.390 3958.3 2.2
TL 1790326292.487 769.8 3.5
TL 1790326292.587 463.4 3.1
TL 1790326292.687 471.4 3.5
TL 1790326292.788 734.3 1.9
TL 1790326292.889 889.3 4.2
TL 1790326292.989 678.7 3.0
TL 1790326293.089 563.9 2.4
TL 1790326293.189 203.4 1.7
TL 1790326293.290 889.0 3.8
TL 1790326293.391 875.5 3.6
TL 1790326293.490 610.9 4.2
TL 1790326293.590 456.4 1.8
TL 1790326293.691 337.9 2.7
TL 1790326293.791 352.6 3.0
TL 1790326293.894 2020.1 3.0
TL 1790326293.993 775.7 3.7
TL 1790326294.093 608.3 3.6
TL 1790326294.192 87.0 1.2
TL 1790326294.294 1354.0 5.0
TL 1790326294.393 781.8 3.4
TL 1790326294.494 1201.2 3.4
TL 1790326294.594 515.1 3.0
TL 1790326294.694 495.7 4.0
TL 1790326294.794 662.9 3.8
TL 1790326294.895 952.8 2.3
TL 1790326294.995 719.9 3.5
TL 1790326295.095 613.2 4.0
TL 1790326295.195 137.9 1.6
TL 1790326295.296 889.7 4.1
TL 1790326295.396 527.9 1.1
TL 1790326295.498 559.4 3.3
TL 1790326295.598 420.8 1.6
TL 1790326295.698 537.0 4.1
TL 1790326295.798 144.6 1.5
TL 1790326295.898 244.4 1.9
TL 1790326295.998 177.1 1.5
TL 1790326296.098 479.3 3.9
TL 1790326296.198 212.0 2.2
TL 1790326296.299 538.3 3.7
TL 1790326296.399 925.7 3.4
TL 1790326296.499 589.2 3.7
TL 1790326296.599 403.6 2.4
TL 1790326296.700 566.4 2.5
TL 1790326296.800 647.3 3.9
TL 1790326296.900 712.2 1.6
TL 1790326297.001 1017.2 4.2
TL 1790326297.101 843.5 3.6
TL 1790326297.201 893.5 4.0
TL 1790326297.301 654.6 3.3
TL 1790326297.401 664.4 1.4
TL 1790326297.501 598.4 1.3
TL 1790326297.601 203.1 0.9
TL 1790326297.702 698.5 3.5
TL 1790326297.802 887.0 3.3
TL 1790326297.903 870.4 4.2
TL 1790326298.003 477.0 2.4
TL 1790326298.103 504.2 3.6
TL 1790326298.204 1426.5 4.6
TL 1790326298.304 1366.6 4.3
TL 1790326298.405 1455.3 2.6
TL 1790326298.504 655.9 4.5
TL 1790326298.604 631.5 3.1
TL 1790326298.704 317.8 1.7
TL 1790326298.805 1087.6 4.3
TL 1790326298.905 697.3 4.2
TL 1790326299.005 546.3 4.4
TL 1790326299.106 672.8 1.8
TL 1790326299.206 951.4 2.7
TL 1790326299.306 713.1 3.6
TL 1790326299.406 1023.2 3.5
TL 1790326299.506 420.4 3.9
TL 1790326299.606 361.8 2.8
TL 1790326299.707 609.5 3.4
TL 1790326299.807 969.2 3.2
TL 1790326299.908 1547.4 2.3
TL 1790326300.008 1601.5 3.3
TL 1790326300.107 346.7 2.2
TL 1790326300.208 890.0 3.2
TL 1790326300.308 799.0 1.6
TL 1790326300.408 333.2 2.1
TL 1790326300.508 146.9 2.2
TL 1790326300.608 213.3 1.3
TL 1790326300.709 459.9 4.2
TL 1790326300.809 562.0 3.2
TL 1790326300.910 1156.6 3.2
TL 1790326301.010 602.6 4.9
TL 1790326301.110 537.8 2.6
TL 1790326301.210 809.2 3.1
TL 1790326301.310 882.5 3.9
TL 1790326301.411 925.7 3.5
TL 1790326301.511 433.5 4.2
TL 1790326301.610 167.1 1.4
TL 1790326301.711 407.6 3.2
TL 1790326301.811 255.9 1.6
TL 1790326301.912 1526.8 3.2
TL 1790326302.012 722.0 3.9
TL 1790326302.112 691.3 3.6
TL 1790326302.213 1212.0 2.9
TL 1790326302.312 654.8 3.7
TL 1790326302.417 5352.4 3.4
TL 1790326302.513 756.6 3.9
TL 1790326302.612 356.5 0.6
TL 1790326302.713 654.4 3.3
TL 1790326302.813 681.6 4.0
TL 1790326302.914 991.0 4.0
TL 1790326303.014 859.7 3.8
TL 1790326303.114 777.9 3.2
TL 1790326303.214 634.9 1.7
TL 1790326303.315 941.5 2.0
TL 1790326303.416 1098.7 3.3
TL 1790326303.515 651.9 4.1
TL 1790326303.616 559.6 1.8
TL 1790326303.716 988.4 2.1
TL 1790326303.817 1001.7 3.0
TL 1790326303.916 660.6 3.7
TL 1790326304.017 704.2 3.5
TL 1790326304.117 797.6 4.4
TL 1790326304.217 765.8 3.3
TL 1790326304.317 505.3 2.9
TL 1790326304.418 1316.7 3.5
TL 1790326304.518 681.1 3.6
TL 1790326304.619 1133.6 2.4
TL 1790326304.718 632.4 3.6
TL 1790326304.818 538.7 2.6
TL 1790326304.921 1403.9 3.8
TL 1790326305.021 798.1 3.7
TL 1790326305.121 789.8 3.9
TL 1790326305.221 566.9 1.6
TL 1790326305.321 287.8 3.2
TL 1790326305.421 781.5 4.4
TL 1790326305.522 679.2 3.7
TL 1790326305.622 582.0 3.5
TL 1790326305.722 673.2 3.3
TL 1790326305.822 411.1 2.8
TL 1790326305.923 1436.7 4.5
TL 1790326306.022 795.1 3.3
TL 1790326306.122 604.0 4.3
TL 1790326306.224 1346.2 5.2
TL 1790326306.323 541.0 4.1
TL 1790326306.424 858.0 3.7
TL 1790326306.524 856.7 4.6
TL 1790326306.625 826.1 4.2
TL 1790326306.725 974.2 3.3
TL 1790326306.825 412.3 2.7
TL 1790326306.926 1057.1 3.4
TL 1790326307.026 548.4 3.3
TL 1790326307.126 486.0 2.4
TL 1790326307.227 1287.2 3.0
TL 1790326307.327 1053.0 3.8
TL 1790326307.427 988.2 4.1
TL 1790326307.527 566.0 3.1
TL 1790326307.628 534.3 2.7
TL 1790326307.729 1414.0 3.9
TL 1790326307.828 561.0 4.1
TL 1790326307.929 1038.5 3.8
TL 1790326308.029 755.2 4.4
TL 1790326308.129 682.1 3.8
TL 1790326308.230 870.0 4.1
TL 1790326308.329 306.9 2.9
TL 1790326308.429 471.6 3.4
TL 1790326308.530 754.5 5.3
TL 1790326308.631 792.9 457.3
TL 1790326308.730 658.9 3.1
TL 1790326308.830 224.7 2.2
TL 1790326308.931 1294.5 3.2
TL 1790326309.031 484.7 3.7
TL 1790326309.131 608.9 3.2
TL 1790326309.232 992.5 3.9
TL 1790326309.331 132.0 2.8
TL 1790326309.432 749.2 1.8
TL 1790326309.533 952.7 4.5
TL 1790326309.633 653.9 3.0
TL 1790326309.733 788.3 3.7
TL 1790326309.833 335.2 2.3
TL 1790326309.933 928.8 4.4
TL 1790326310.033 645.8 3.3
TL 1790326310.133 525.5 3.6
TL 1790326310.234 956.6 5.0
TL 1790326310.334 485.3 1.0
TL 1790326310.435 698.7 3.4
TL 1790326310.535 618.9 3.1
TL 1790326310.635 811.4 4.5
TL 1790326310.735 550.2 2.7
TL 1790326310.836 1259.6 3.5
TL 1790326310.936 1060.8 5.9
TL 1790326311.036 441.7 3.2
TL 1790326311.136 577.6 3.6
TL 1790326311.236 570.3 2.1
TL 1790326311.337 1291.1 4.4
TL 1790326311.438 1266.6 4.9
TL 1790326311.537 724.7 3.0
TL 1790326311.638 796.3 5.3
TL 1790326311.738 825.6 1.8
TL 1790326311.838 820.5 3.7
TL 1790326311.938 762.7 2.2
TL 1790326312.038 530.1 3.6
TL 1790326312.138 538.0 3.7
TL 1790326312.239 698.4 3.3
TL 1790326312.339 1028.4 3.7
TL 1790326312.439 118.3 1.5
TL 1790326312.539 723.2 3.3
TL 1790326312.639 450.8 1.9
TL 1790326312.740 903.5 2.1
TL 1790326312.840 800.7 3.5
TL 1790326312.940 974.1 4.3
TL 1790326313.040 558.0 3.4
TL 1790326313.140 469.8 43.9
TL 1790326313.240 355.8 1.7
TL 1790326313.341 872.3 4.1
TL 1790326313.441 859.7 3.9
TL 1790326313.541 617.0 3.9
TL 1790326313.641 567.8 3.0
TL 1790326313.741 494.9 2.8
TL 1790326313.842 1336.1 2.9
TL 1790326313.942 964.3 2.4
TL 1790326314.042 529.4 4.2
TL 1790326314.142 163.6 2.5
TL 1790326314.243 925.5 3.0
TL 1790326314.343 995.6 3.0
TL 1790326314.443 535.6 4.9
TL 1790326314.544 1456.3 4.4
TL 1790326314.643 347.7 3.2
TL 1790326314.744 802.0 2.8
TL 1790326314.844 881.5 4.4
TL 1790326314.945 799.2 4.1
TL 1790326315.045 580.2 3.1
TL 1790326315.145 482.7 2.5
TL 1790326315.245 847.2 4.1
TL 1790326315.345 824.3 3.5
TL 1790326315.445 786.9 4.8
TL 1790326315.545 261.8 2.4
TL 1790326315.645 336.5 2.1
TL 1790326315.746 614.5 3.3
TL 1790326315.846 635.7 2.7
TL 1790326315.947 1389.0 3.5
TL 1790326316.046 559.5 4.1
TL 1790326316.147 680.3 3.2
TL 1790326316.247 917.1 4.6
TL 1790326316.347 657.3 2.6
TL 1790326316.455 1563.3 10.3
TL 1790326316.555 522.7 2.9
TL 1790326316.655 701.0 2.9
TL 1790326316.755 720.1 3.9
TL 1790326316.856 1165.9 4.0
TL 1790326316.956 926.5 4.1
TL 1790326317.056 735.5 2.2
TL 1790326317.157 1047.4 2.6
TL 1790326317.256 522.3 1.7
TL 1790326317.357 1041.8 4.1
TL 1790326317.458 1432.4 0.7
TL 1790326317.558 1323.4 1.9
TL 1790326317.658 1027.1 3.7
TL 1790326317.758 763.1 2.8
TL 1790326317.858 564.3 2.6
TL 1790326317.958 629.2 4.4
TL 1790326318.059 805.5 3.1
TL 1790326318.159 1194.0 2.4
TL 1790326318.259 1032.5 4.4
TL 1790326318.359 1052.3 4.9
TL 1790326318.459 426.1 4.0
TL 1790326318.559 623.7 3.7
TL 1790326318.660 825.7 4.1
TL 1790326318.760 670.9 3.3
TL 1790326318.860 1130.4 3.2
TL 1790326318.960 749.8 3.1
TL 1790326319.061 615.2 3.6
TL 1790326319.161 480.5 2.4
TL 1790326319.261 346.0 2.6
TL 1790326319.362 1084.5 4.0
TL 1790326319.461 515.5 4.2
TL 1790326319.562 786.9 3.9
TL 1790326319.661 244.7 1.6
TL 1790326319.761 89.9 3.2
TL 1790326319.862 731.0 3.0
TL 1790326319.962 538.2 3.3
TL 1790326320.063 521.3 3.6
TL 1790326320.164 1432.0 2.2
TL 1790326320.263 703.9 3.9
TL 1790326320.364 925.5 3.7
TL 1790326320.463 205.7 3.0
TL 1790326320.564 160.3 1.5
TL 1790326320.664 505.4 3.5
TL 1790326320.765 841.3 3.0
TL 1790326320.866 2001.9 3.5
TL 1790326320.965 699.8 3.0
TL 1790326321.066 928.3 3.7
TL 1790326321.165 304.8 1.4
TL 1790326321.266 616.8 2.7
TL 1790326321.366 860.5 3.6
TL 1790326321.466 499.7 3.6
TL 1790326321.566 877.4 2.3
TL 1790326321.667 1202.9 2.6
TL 1790326321.766 508.7 2.7
TL 1790326321.868 1650.3 5.5
TL 1790326321.967 447.7 3.0
TL 1790326322.068 800.9 5.0
TL 1790326322.168 989.8 3.6
TL 1790326322.268 678.8 4.3
TL 1790326322.370 2051.5 5.2
TL 1790326322.468 463.7 5.5
TL 1790326322.569 949.3 3.2
TL 1790326322.669 862.8 4.2
TL 1790326322.769 443.1 2.7
TL 1790326322.871 1834.7 3.1
TL 1790326322.970 783.0 1.7
TL 1790326323.070 174.6 1.6
TL 1790326323.171 1125.8 1.9
TL 1790326323.270 373.6 2.4
TL 1790326323.371 1485.8 4.5
TL 1790326323.470 215.7 4.7
TL 1790326323.571 808.0 3.5
TL 1790326323.671 802.0 3.1
TL 1790326323.771 299.6 2.3
TL 1790326323.873 1149.5 3.5
TL 1790326323.973 504.5 4.5
TL 1790326324.073 655.7 3.0
TL 1790326324.173 678.4 3.2
TL 1790326324.273 462.7 3.1
TL 1790326324.374 634.9 3.3
TL 1790326324.474 193.0 1.9
TL 1790326324.575 1170.9 3.7
TL 1790326324.674 365.3 3.9
TL 1790326324.775 547.1 3.3
TL 1790326324.874 244.9 1.9
TL 1790326324.975 391.5 4.0
TL 1790326325.075 682.3 2.2
TL 1790326325.176 1024.0 4.3
TL 1790326325.276 500.4 4.3
TL 1790326325.376 962.2 2.6
TL 1790326325.477 761.0 3.2
TL 1790326325.576 260.1 2.6
TL 1790326325.677 962.2 3.7
TL 1790326325.777 395.7 2.2
TL 1790326325.877 656.5 2.8
TL 1790326325.978 823.9 2.8
TL 1790326326.078 553.2 2.5
TL 1790326326.178 1283.3 2.2
TL 1790326326.278 408.8 3.4
TL 1790326326.378 768.8 4.1
TL 1790326326.478 750.3 3.6
TL 1790326326.579 741.8 3.3
TL 1790326326.684 5634.3 6.1
TL 1790326326.779 368.7 2.0
TL 1790326326.879 166.6 1.5
TL 1790326326.980 878.5 16.1
TL 1790326327.080 413.9 1.2
TL 1790326327.180 750.1 3.6
TL 1790326327.280 214.7 2.9
TL 1790326327.381 936.0 4.9
TL 1790326327.480 105.8 0.8
TL 1790326327.583 2526.8 6.0
TL 1790326327.682 1190.2 3.9
TL 1790326327.782 434.5 1.7
TL 1790326327.882 734.2 3.6
TL 1790326327.983 942.7 4.1
TL 1790326328.083 726.7 11.4
TL 1790326328.184 1375.0 2.8
TL 1790326328.283 484.5 4.0
TL 1790326328.383 735.7 4.0
TL 1790326328.484 895.8 2.9
TL 1790326328.584 1083.9 3.3
TL 1790326328.684 689.0 2.8
TL 1790326328.784 143.4 0.8
TL 1790326328.884 393.3 1.3
TL 1790326328.985 916.6 4.1
TL 1790326329.084 152.5 0.7
TL 1790326329.184 544.6 2.1
TL 1790326329.285 1010.4 3.3
TL 1790326329.385 1118.9 4.2
TL 1790326329.485 519.1 2.0
TL 1790326329.585 539.6 3.0
TL 1790326329.685 678.5 4.6
TL 1790326329.785 291.6 2.0
TL 1790326329.886 323.7 2.8
TL 1790326329.988 2879.5 2.7
TL 1790326330.086 229.0 1.2
TL 1790326330.186 139.4 1.9
TL 1790326330.287 1377.2 5.2
TL 1790326330.387 877.2 2.7
TL 1790326330.487 687.2 3.9
TL 1790326330.587 487.0 1.7
TL 1790326330.687 179.3 1.6
TL 1790326330.787 605.8 2.8
TL 1790326330.887 243.2 1.4
TL 1790326330.988 848.4 3.5
TL 1790326331.088 633.5 2.7
TL 1790326331.188 405.9 2.8
TL 1790326331.288 446.5 2.9
TL 1790326331.389 937.4 2.8
TL 1790326331.490 1528.6 5.7
TL 1790326331.589 623.0 4.0
TL 1790326331.689 208.4 1.8
TL 1790326331.790 678.6 3.6
TL 1790326331.889 279.1 3.2
TL 1790326331.990 509.8 2.3
TL 1790326332.090 475.8 4.2
TL 1790326332.191 743.3 2.2
TL 1790326332.291 602.4 2.8
TL 1790326332.391 878.9 3.5
TL 1790326332.491 298.6 2.0
TL 1790326332.591 223.4 2.2
TL 1790326332.692 751.5 3.5
TL 1790326332.792 665.7 3.1
TL 1790326332.892 385.5 2.2
TL 1790326332.992 797.8 2.6
TL 1790326333.092 516.6 1.6
TL 1790326333.193 1410.7 3.0
TL 1790326333.293 746.2 4.1
TL 1790326333.394 1073.2 4.2
TL 1790326333.494 808.3 4.3
TL 1790326333.594 449.4 3.7
TL 1790326333.695 610.2 3.0
TL 1790326333.795 578.4 3.8
TL 1790326333.895 857.3 3.2
TL 1790326333.996 1064.8 2.9
TL 1790326334.095 437.6 3.2
TL 1790326334.195 422.3 2.9
TL 1790326334.297 1443.4 3.1
TL 1790326334.396 979.6 4.9
TL 1790326334.496 779.0 4.3
TL 1790326334.597 604.2 2.3
TL 1790326334.697 660.3 4.5
TL 1790326334.797 662.6 3.5
TL 1790326334.897 549.4 3.1
TL 1790326335.000 864.9 3.8
TL 1790326335.100 345.7 2.2
TL 1790326335.200 753.6 3.0
TL 1790326335.301 1476.8 3.3
TL 1790326335.401 955.5 4.0
TL 1790326335.501 827.5 3.5
TL 1790326335.601 353.3 3.2
TL 1790326335.701 744.0 3.5
TL 1790326335.802 1004.6 5.5
TL 1790326335.902 495.4 3.0
TL 1790326336.002 1012.6 3.7
TL 1790326336.102 249.3 1.9
TL 1790326336.203 689.8 2.9
TL 1790326336.303 705.7 3.5
TL 1790326336.403 781.2 4.2
TL 1790326336.503 807.4 4.5
TL 1790326336.603 563.2 3.6
TL 1790326336.704 750.9 4.4
TL 1790326336.804 690.7 1.3
TL 1790326336.904 687.8 3.6
TL 1790326337.005 722.3 2.8
TL 1790326337.105 517.0 2.5
TL 1790326337.206 906.0 3.7
TL 1790326337.307 792.9 3.8
TL 1790326337.407 1091.6 3.7
TL 1790326337.507 229.3 0.9
TL 1790326337.607 167.9 3.3
TL 1790326337.708 727.6 3.4
TL 1790326337.808 799.2 5.3
TL 1790326337.908 599.4 4.3
TL 1790326338.009 987.3 5.3
TL 1790326338.109 564.1 3.9
TL 1790326338.209 692.3 3.3
TL 1790326338.310 763.1 4.2
TL 1790326338.414 761.3 4.4
TL 1790326338.514 438.7 3.7
TL 1790326338.614 112.7 1.8
TL 1790326338.714 850.3 3.6
TL 1790326338.815 1297.2 4.4
TL 1790326338.914 368.3 2.4
TL 1790326339.015 514.1 3.6
TL 1790326339.115 452.3 2.3
TL 1790326339.216 681.0 3.3
TL 1790326339.316 505.7 3.3
TL 1790326339.416 457.4 3.9
TL 1790326339.517 1019.4 4.3
TL 1790326339.617 1410.3 2.7
TL 1790326339.716 287.8 2.1
TL 1790326339.817 584.4 3.0
TL 1790326339.917 161.0 1.9
TL 1790326340.018 1490.8 4.2
TL 1790326340.118 790.7 3.9
TL 1790326340.218 792.5 3.6
TL 1790326340.318 1023.9 3.8
TL 1790326340.418 793.9 3.5
TL 1790326340.519 1252.2 4.7
TL 1790326340.618 512.4 3.4
TL 1790326340.719 672.4 5.9
TL 1790326340.819 478.0 3.0
TL 1790326340.920 687.6 3.3
TL 1790326341.020 713.3 3.5
TL 1790326341.120 546.1 2.6
TL 1790326341.220 420.8 2.4
TL 1790326341.321 1267.7 4.2
TL 1790326341.421 997.6 4.4
TL 1790326341.522 1564.8 3.3
TL 1790326341.622 1543.4 3.7
TL 1790326341.721 569.7 2.6
TL 1790326341.822 645.0 3.2
TL 1790326341.922 286.5 2.3
TL 1790326342.022 815.0 4.0
TL 1790326342.123 1009.4 3.5
TL 1790326342.223 685.4 3.5
TL 1790326342.324 2112.2 5.4
TL 1790326342.425 2177.6 5.8
TL 1790326342.523 430.3 2.9
TL 1790326342.624 1031.6 3.4
TL 1790326342.723 615.0 3.7
TL 1790326342.824 760.3 2.8
TL 1790326342.924 467.8 2.7
TL 1790326343.024 714.3 3.7
TL 1790326343.125 808.8 4.1
TL 1790326343.225 907.0 3.4
TL 1790326343.325 388.3 2.3
TL 1790326343.426 1573.3 5.1
TL 1790326343.525 704.2 3.0
TL 1790326343.626 902.6 3.3
TL 1790326343.726 692.1 3.5
TL 1790326343.826 765.3 4.5
TL 1790326343.926 646.8 4.1
TL 1790326344.027 923.2 3.4
TL 1790326344.127 642.3 3.6
TL 1790326344.227 971.9 4.0
TL 1790326344.328 874.2 4.0
TL 1790326344.427 182.9 2.9
TL 1790326344.528 601.5 4.4
TL 1790326344.628 597.3 1.6
TL 1790326344.728 803.2 2.6
TL 1790326344.828 126.4 1.5
TL 1790326344.929 535.4 3.3
TL 1790326345.030 1435.6 4.8
TL 1790326345.130 1062.3 2.9
TL 1790326345.230 950.7 4.2
TL 1790326345.331 2013.4 4.4
TL 1790326345.431 2221.0 4.0
TL 1790326345.530 635.0 3.6
TL 1790326345.630 560.4 4.2
TL 1790326345.731 691.8 3.0
TL 1790326345.832 1380.3 4.1
TL 1790326345.931 368.1 2.6
TL 1790326346.032 684.0 3.6
TL 1790326346.132 826.9 1.1
TL 1790326346.232 494.9 4.2
TL 1790326346.333 1928.6 3.4
TL 1790326346.432 699.7 3.7
TL 1790326346.532 469.1 4.2
TL 1790326346.633 700.0 3.3
TL 1790326346.733 751.9 4.2
TL 1790326346.834 889.5 4.0
TL 1790326346.934 439.9 3.0
TL 1790326347.035 875.7 3.3
TL 1790326347.135 790.4 2.8
TL 1790326347.235 564.3 2.7
TL 1790326347.336 1117.0 5.3
TL 1790326347.436 1129.9 4.4
TL 1790326347.536 463.7 1.9
TL 1790326347.636 577.7 1.9
TL 1790326347.736 725.6 3.9
TL 1790326347.838 1261.2 3.6
TL 1790326347.937 477.4 2.8
TL 1790326348.037 505.9 3.7
TL 1790326348.137 772.4 3.4
TL 1790326348.238 898.9 4.2
TL 1790326348.338 509.8 1.7
TL 1790326348.438 454.0 4.3
TL 1790326348.538 340.2 3.9
TL 1790326348.639 798.6 4.0
TL 1790326348.739 509.9 2.9
TL 1790326348.840 1109.6 3.6
TL 1790326348.939 467.6 2.7
TL 1790326349.039 276.8 1.6
TL 1790326349.140 673.2 1.0
TL 1790326349.240 526.1 2.3
TL 1790326349.340 833.1 3.9
TL 1790326349.441 891.8 3.6
TL 1790326349.540 514.3 4.6
TL 1790326349.640 127.1 1.4
TL 1790326349.740 69.5 1.1
TL 1790326349.841 136.6 1.0
TL 1790326349.941 534.3 2.7
TL 1790326350.041 650.7 3.4
TL 1790326350.142 600.7 3.6
TL 1790326350.242 235.2 1.8
TL 1790326350.343 1124.7 4.3
TL 1790326350.442 484.9 4.0
TL 1790326350.543 787.2 3.2
TL 1790326350.642 280.2 1.4
TL 1790326350.742 324.3 3.9
TL 1790326350.843 954.0 4.6
TL 1790326350.943 509.2 3.1
TL 1790326351.043 164.9 9.9
TL 1790326351.144 688.6 3.3
TL 1790326351.244 431.5 3.4
TL 1790326351.345 1197.1 4.8
TL 1790326351.445 992.3 4.4
TL 1790326351.544 308.9 4.4
TL 1790326351.645 1034.0 3.4
TL 1790326351.745 625.2 2.0
TL 1790326351.845 904.5 4.1
TL 1790326351.945 700.9 2.1
TL 1790326352.047 1749.7 49.9
TL 1790326352.145 402.7 2.7
TL 1790326352.246 704.5 3.7
TL 1790326352.346 923.0 3.5
TL 1790326352.446 720.4 2.6
TL 1790326352.546 214.6 2.9
TL 1790326352.647 753.2 3.5
TL 1790326352.747 716.3 3.0
TL 1790326352.847 946.4 4.5
TL 1790326352.947 392.7 2.1
TL 1790326353.049 1588.5 3.1
TL 1790326353.148 794.4 3.5
TL 1790326353.248 526.5 1.9
TL 1790326353.349 769.4 4.3
TL 1790326353.449 1335.2 4.6
TL 1790326353.548 371.3 3.0
TL 1790326353.648 183.3 1.4
TL 1790326353.749 972.0 3.7
TL 1790326353.849 614.6 2.6
TL 1790326353.949 639.7 3.7
TL 1790326354.049 154.4 1.5
TL 1790326354.149 373.0 2.8
TL 1790326354.250 835.6 4.4
TL 1790326354.350 670.4 3.6
TL 1790326354.450 502.0 3.8
TL 1790326354.551 529.3 3.9
TL 1790326354.652 805.9 3.4
TL 1790326354.756 4864.0 1.6
TL 1790326354.852 398.4 1.8
TL 1790326354.952 445.6 2.4
TL 1790326355.053 1028.1 2.8
TL 1790326355.153 915.8 2.2
TL 1790326355.254 1853.8 3.2
TL 1790326355.353 701.6 3.6
TL 1790326355.454 1403.8 3.1
TL 1790326355.554 1356.0 4.0
TL 1790326355.654 573.8 3.9
TL 1790326355.754 577.9 3.3
TL 1790326355.854 482.6 2.7
TL 1790326355.954 432.9 2.6
TL 1790326356.055 1004.5 4.8
TL 1790326356.155 906.5 4.5
TL 1790326356.255 675.3 3.2
TL 1790326356.355 669.0 3.0
TL 1790326356.455 454.9 3.7
TL 1790326356.556 990.6 2.2
TL 1790326356.656 350.2 1.8
TL 1790326356.756 395.3 2.4
TL 1790326356.857 632.9 3.0
TL 1790326356.957 364.3 2.0
TL 1790326357.057 910.6 3.5
TL 1790326357.158 431.5 2.4
TL 1790326357.257 145.9 1.5
TL 1790326357.358 231.3 2.4
TL 1790326357.458 135.4 0.9
TL 1790326357.558 582.4 4.2
TL 1790326357.659 713.6 3.4
TL 1790326357.759 1049.1 3.5
TL 1790326357.859 405.1 2.3
TL 1790326357.967 1928.5 2.6
TL 1790326358.066 631.7 2.8
TL 1790326358.166 480.5 3.2
TL 1790326358.267 579.8 2.6
TL 1790326358.367 493.1 1.8
TL 1790326358.467 499.0 3.9
TL 1790326358.567 483.2 2.8
TL 1790326358.667 541.9 3.6
TL 1790326358.767 730.3 3.6
TL 1790326358.868 663.6 3.8
TL 1790326358.968 665.1 1.9
TL 1790326359.069 1320.2 3.5
TL 1790326359.169 717.5 2.8
TL 1790326359.268 184.1 1.7
TL 1790326359.369 649.6 3.9
TL 1790326359.470 1227.0 4.4
TL 1790326359.570 1371.0 4.4
TL 1790326359.669 502.2 3.5
TL 1790326359.770 783.8 3.6
TL 1790326359.870 551.3 3.7
TL 1790326359.970 481.8 3.0
TL 1790326360.071 1152.4 3.9
TL 1790326360.171 637.0 3.1
TL 1790326360.271 1046.9 3.3
TL 1790326360.371 782.1 2.9
TL 1790326360.471 572.2 3.5
TL 1790326360.572 605.3 3.0
TL 1790326360.671 362.6 2.8
TL 1790326360.772 864.9 2.3
TL 1790326360.872 541.5 3.4
TL 1790326360.972 374.7 2.3
TL 1790326361.073 993.0 4.0
TL 1790326361.173 655.2 2.2
TL 1790326361.273 557.0 3.5
TL 1790326361.373 327.5 1.9
TL 1790326361.474 1094.4 2.6
TL 1790326361.574 922.5 3.4
TL 1790326361.674 667.6 4.1
TL 1790326361.774 734.1 3.5
TL 1790326361.874 510.5 3.7
TL 1790326361.974 401.6 2.7
TL 1790326362.075 764.4 3.7
TL 1790326362.176 745.8 3.9
TL 1790326362.278 1661.5 4.1
TL 1790326362.377 479.2 3.7
TL 1790326362.478 1062.3 2.9
TL 1790326362.578 716.2 3.3
TL 1790326362.678 690.7 3.6
TL 1790326362.779 886.6 4.2
TL 1790326362.879 1417.8 3.3
TL 1790326362.978 409.3 1.8
TL 1790326363.079 1045.4 3.7
TL 1790326363.179 973.0 2.0
TL 1790326363.286 7334.2 9.4
TL 1790326363.380 555.3 4.4
TL 1790326363.481 1222.7 4.3
TL 1790326363.580 569.6 3.6
TL 1790326363.681 467.8 3.3
TL 1790326363.783 1363.2 1.8
TL 1790326363.882 225.9 2.6
TL 1790326363.982 174.3 0.7
TL 1790326364.083 390.9 3.7
TL 1790326364.183 480.1 3.3
TL 1790326364.284 1108.0 3.3
TL 1790326364.383 93.7 1.9
TL 1790326364.484 774.9 3.7
TL 1790326364.584 977.2 3.3
TL 1790326364.684 432.1 3.6
TL 1790326364.784 676.8 4.3
TL 1790326364.885 463.8 1.7
TL 1790326364.984 103.0 0.6
TL 1790326365.086 945.9 4.0
TL 1790326365.185 206.1 1.2
TL 1790326365.287 885.0 3.3
TL 1790326365.387 1258.3 4.0
TL 1790326365.487 639.8 3.5
TL 1790326365.588 1247.4 3.0
TL 1790326365.687 602.8 2.7
TL 1790326365.788 723.6 3.7
TL 1790326365.888 668.9 3.2
TL 1790326365.987 233.2 1.5
TL 1790326366.088 448.3 3.4
TL 1790326366.188 539.8 2.8
TL 1790326366.290 1167.9 3.6
TL 1790326366.390 1074.3 3.3
TL 1790326366.489 497.1 3.5
TL 1790326366.590 931.8 4.1
TL 1790326366.689 233.0 2.7
TL 1790326366.790 542.4 2.6
TL 1790326366.891 1095.3 4.2
TL 1790326366.990 322.4 2.8
TL 1790326367.091 863.5 3.7
TL 1790326367.191 736.9 2.1
TL 1790326367.291 844.9 3.3
TL 1790326367.391 527.9 2.2
TL 1790326367.491 96.3 0.7
TL 1790326367.592 749.7 4.2
TL 1790326367.692 877.1 4.0
TL 1790326367.792 1013.4 3.3
TL 1790326367.892 221.4 2.2
TL 1790326367.992 761.0 3.2
TL 1790326368.093 673.1 3.0
TL 1790326368.193 728.5 2.9
TL 1790326368.294 1204.4 4.1
TL 1790326368.394 903.4 4.2
TL 1790326368.494 842.8 3.9
TL 1790326368.594 577.2 3.4
TL 1790326368.694 703.9 4.0
TL 1790326368.796 1995.5 3.9
TL 1790326368.895 1368.2 5.0
TL 1790326368.995 700.9 3.9
TL 1790326369.096 1194.5 77.1
TL 1790326369.195 597.8 2.8
TL 1790326369.296 1102.7 3.7
TL 1790326369.397 1440.2 1.7
TL 1790326369.497 1401.3 3.4
TL 1790326369.599 2478.8 6.3
TL 1790326369.697 747.8 4.7
TL 1790326369.797 669.2 3.6
TL 1790326369.899 1799.7 5.1
TL 1790326369.998 620.7 3.7
TL 1790326370.099 779.8 2.9
TL 1790326370.199 1039.4 4.4
TL 1790326370.300 1732.6 4.4
TL 1790326370.400 1627.3 3.5
TL 1790326370.500 725.9 4.3
TL 1790326370.601 1432.7 5.2
TL 1790326370.702 2639.2 1.6
TL 1790326370.803 818.9 4.2
TL 1790326370.903 979.6 3.7
TL 1790326371.004 1565.5 3.3
TL 1790326371.104 851.1 3.1
TL 1790326371.206 459.3 1.7
TL 1790326371.306 579.8 3.1
TL 1790326371.407 1123.3 4.3
TL 1790326371.507 730.3 4.1
TL 1790326371.608 1175.9 3.7
TL 1790326371.709 1935.7 3.4
TL 1790326371.808 1353.4 3.9
TL 1790326371.908 960.1 3.3
TL 1790326372.008 692.0 3.5
TL 1790326372.110 2289.3 4.1
TL 1790326372.209 1455.2 4.6
TL 1790326372.309 727.3 4.3
TL 1790326372.410 1122.0 5.6
TL 1790326372.510 531.6 3.5
TL 1790326372.610 532.9 2.4
TL 1790326372.711 1533.8 3.8
TL 1790326372.811 747.0 4.4
TL 1790326372.911 193.4 2.1
TL 1790326373.011 516.5 2.6
TL 1790326373.112 1114.2 4.2
TL 1790326373.212 662.3 3.3
TL 1790326373.312 824.7 4.7
TL 1790326373.413 1500.2 5.0
TL 1790326373.513 1071.9 3.3
TL 1790326373.615 2774.1 6.2
TL 1790326373.714 1384.3 5.2
TL 1790326373.814 784.7 4.5
TL 1790326373.915 1703.0 4.1
TL 1790326374.014 669.7 4.0
