1790328406.395941488  424305 1004221
1790328408.903690289       0       0
1790328411.286197320       0       0
1790328413.594444454   79557 1003225
1790328415.947897214       0       0
1790328418.267799973       0       0
1790328420.607701066       0       0
1790328423.649456586       0       0
1790328426.607860491       0       0
1790328428.843205177       0       0
1790328431.125967937       0       0
1790328433.436982676       0       0
1790328435.732924446   47118 1002462
1790328438.064271476   41613 1002363
1790328440.401738246   53662 1002493
1790328442.753357933   59354 1002654
1790328445.358788713   54819 1002255
1790328448.085242306   45141 1001936
1790328450.728266836   49795 1001855
1790328453.282630324   52352 1002124
1790328455.911699021   59501 1001997
1790328458.789949385   52313 1002044
1790328461.559425582   56287 1002325
1790328464.365850476   54897 1001908
1790328467.036410892   51597 1002233
1790328469.467396724   53049 1002199
1790328471.943301984   57272 1001970
1790328474.815876775   57603 1002139
1790328477.362748805   55123 1002123
1790328480.096300106   55390 1002071
1790328482.840327501   52423 1002088
1790328485.984954374   50068 1001954
1790328488.681600363   47307 1001796
1790328491.227786456   42582 1002044
1790328493.733225517   56970 1001965
1790328496.153172808   47114 1002136
1790328498.832258172   48534 1001823
1790328501.537574889   50075 1002059
1790328504.187416763   51520 1002265
1790328507.065897804   51781 1002094
1790328509.827028324   46587 1002139
1790328512.754646916   51732 1001996
1790328515.592224780   52431 1001939
1790328518.064666914   51041 1002559
1790328520.506366913   56239 1002679
1790328522.934547746   56565 1002807
1790328525.596177224   49647 1002641
1790328528.039958421   61248 1002418
1790328530.464430191   47582 1002353
1790328532.924913002   49191 1002409
1790328535.335493210   55134 1002328
1790328537.791722896   56515 1002536
1790328540.230954614   60502 1002358
1790328542.670943155   56456 1002671
1790328545.116243258   69011 1002844
1790328547.575492476   61865 1002407
1790328550.007411694   53052 1002477
1790328552.435089557   57953 1002575
1790328554.882347942   55054 1002542
1790328557.333583253   44712 1002704
1790328559.798889555   62408 1002622
1790328562.495893929   52478 1002547
1790328564.892555855   49152 1002374
1790328567.328403406   67721 1002668
1790328569.756497467       0       0
1790328572.168314758   67823 1003107
1790328574.591125903       0       0
1790328576.971151058       0       0
1790328579.401623505       0       0
1790328581.780081213       0       0
1790328584.296597202       0       0
1790328586.728486367       0       0
1790328589.187789075       0       0
1790328591.628162876       0       0
