TL 1790328399.866 96.2 0.6
TL 1790328399.966 74.7 1.5
TL 1790328400.066 242.8 3.5
TL 1790328400.167 552.7 21.1
TL 1790328400.267 157.0 1.9
TL 1790328400.367 102.2 0.8
TL 1790328400.467 91.6 2.2
TL 1790328400.567 283.3 4.0
TL 1790328400.668 671.7 3.3
TL 1790328400.767 333.7 3.3
TL 1790328400.867 219.1 1.9
TL 1790328400.968 271.1 3.3
TL 1790328401.068 113.6 1.0
TL 1790328401.168 208.9 2.5
TL 1790328401.268 190.8 3.0
TL 1790328401.368 115.9 0.6
TL 1790328401.468 90.7 2.0
TL 1790328401.568 289.7 3.5
TL 1790328401.669 302.9 2.8
TL 1790328401.769 219.9 2.9
TL 1790328401.869 178.7 2.1
TL 1790328401.969 72.6 1.4
TL 1790328402.069 193.5 3.3
TL 1790328402.169 232.9 2.8
TL 1790328402.270 242.6 2.2
TL 1790328402.370 114.5 0.5
TL 1790328402.470 99.3 1.1
TL 1790328402.570 372.5 3.5
TL 1790328402.670 358.9 3.5
TL 1790328402.770 395.7 2.6
TL 1790328402.871 308.6 1.5
TL 1790328402.971 182.7 2.4
TL 1790328403.071 223.7 3.7
TL 1790328403.171 134.6 2.5
TL 1790328403.271 113.7 1.9
TL 1790328403.372 261.7 1.3
TL 1790328403.472 289.3 2.0
TL 1790328403.572 255.5 3.1
TL 1790328403.672 254.1 3.2
TL 1790328403.772 351.3 3.6
TL 1790328403.873 232.4 1.3
TL 1790328403.973 329.5 3.9
TL 1790328404.073 85.6 1.9
TL 1790328404.173 75.7 2.8
TL 1790328404.273 182.3 0.9
TL 1790328404.374 266.9 1.7
TL 1790328404.474 274.0 3.3
TL 1790328404.574 269.8 2.7
TL 1790328404.674 170.8 1.8
TL 1790328404.774 344.8 3.9
TL 1790328404.874 219.2 1.4
TL 1790328404.975 295.2 3.2
TL 1790328405.075 87.2 2.6
TL 1790328405.175 243.6 2.9
TL 1790328405.275 107.6 1.1
TL 1790328405.375 251.7 1.6
TL 1790328405.476 627.8 1.4
TL 1790328405.576 204.3 266.5
TL 1790328405.676 517.6 1.5
TL 1790328405.776 351.4 3.7
TL 1790328405.876 90.5 0.7
TL 1790328405.976 122.0 2.4
TL 1790328406.077 154.0 2.4
TL 1790328406.177 129.9 1.9
TL 1790328406.277 98.2 2.4
TL 1790328406.377 151.3 0.8
TL 1790328406.477 94.8 2.6
TL 1790328406.577 73.2 2.8
TL 1790328406.678 757.2 2.7
TL 1790328406.778 149.5 2.1
TL 1790328406.878 106.6 0.9
TL 1790328406.978 95.5 1.7
TL 1790328407.078 104.5 3.0
TL 1790328407.178 133.9 3.6
TL 1790328407.278 86.7 1.7
TL 1790328407.378 83.1 1.1
TL 1790328407.479 419.1 2.5
TL 1790328407.579 102.6 2.0
TL 1790328407.679 81.2 3.6
TL 1790328407.779 440.5 1.9
TL 1790328407.879 107.3 0.8
TL 1790328407.979 90.2 1.9
TL 1790328408.079 101.1 1.0
TL 1790328408.179 87.3 0.9
TL 1790328408.279 82.9 1.6
TL 1790328408.380 241.7 0.9
TL 1790328408.480 187.1 2.7
TL 1790328408.580 137.8 3.4
TL 1790328408.680 205.6 4.8
TL 1790328408.780 71.1 2.2
TL 1790328408.881 150.3 1.1
TL 1790328408.981 798.2 1.7
TL 1790328409.082 1375.7 2.4
TL 1790328409.181 123.8 2.0
TL 1790328409.281 86.0 2.4
TL 1790328409.381 61.6 1.0
TL 1790328409.481 110.1 1.9
TL 1790328409.581 99.5 1.8
TL 1790328409.682 95.0 1.6
TL 1790328409.782 198.4 2.5
TL 1790328409.882 63.8 0.6
TL 1790328409.982 61.9 3.1
TL 1790328410.082 87.8 2.1
TL 1790328410.182 75.9 1.5
TL 1790328410.282 177.4 1.5
TL 1790328410.382 122.0 0.9
TL 1790328410.483 139.8 1.5
TL 1790328410.583 134.7 2.7
TL 1790328410.683 341.4 2.0
TL 1790328410.783 80.4 1.8
TL 1790328410.884 474.4 1.5
TL 1790328410.984 423.8 2.0
TL 1790328411.084 789.9 3.1
TL 1790328411.186 2425.6 3.1
TL 1790328411.284 615.4 2.1
TL 1790328411.384 153.2 1.9
TL 1790328411.484 94.5 1.6
TL 1790328411.584 134.3 2.3
TL 1790328411.684 64.6 2.2
TL 1790328411.785 240.5 2.9
TL 1790328411.885 134.9 0.9
TL 1790328411.985 162.6 1.8
TL 1790328412.085 230.5 1.8
TL 1790328412.185 67.1 1.6
TL 1790328412.285 552.7 2.9
TL 1790328412.385 155.2 0.9
TL 1790328412.485 209.6 1.6
TL 1790328412.586 289.9 2.1
TL 1790328412.685 67.0 1.7
TL 1790328412.786 378.0 4.6
TL 1790328412.886 346.4 1.9
TL 1790328412.987 874.4 3.5
TL 1790328413.087 441.1 4.2
TL 1790328413.187 205.4 3.6
TL 1790328413.287 441.7 7.3
TL 1790328413.387 142.2 0.6
TL 1790328413.487 90.2 1.4
TL 1790328413.588 129.3 1.6
TL 1790328413.688 115.3 2.7
TL 1790328413.788 293.8 2.9
TL 1790328413.888 397.3 1.6
TL 1790328413.989 503.0 3.3
TL 1790328414.088 171.5 2.4
TL 1790328414.189 113.3 1.6
TL 1790328414.289 240.7 1.8
TL 1790328414.389 230.7 1.6
TL 1790328414.489 203.7 1.8
TL 1790328414.589 258.5 2.4
TL 1790328414.690 337.0 3.6
TL 1790328414.790 351.4 3.3
TL 1790328414.890 141.5 0.6
TL 1790328414.990 86.0 1.2
TL 1790328415.090 308.1 2.6
TL 1790328415.191 293.6 3.8
TL 1790328415.291 206.5 1.4
TL 1790328415.391 318.6 2.5
TL 1790328415.491 281.5 2.6
TL 1790328415.592 345.0 4.2
TL 1790328415.692 354.6 1.7
TL 1790328415.792 489.2 1.6
TL 1790328415.892 140.3 1.5
TL 1790328415.992 94.1 1.9
TL 1790328416.092 255.2 1.8
TL 1790328416.193 340.1 4.0
TL 1790328416.293 279.6 3.1
TL 1790328416.393 303.1 1.1
TL 1790328416.493 350.3 3.6
TL 1790328416.594 296.9 2.7
TL 1790328416.693 77.4 1.2
TL 1790328416.794 189.5 2.4
TL 1790328416.894 210.9 1.2
TL 1790328416.994 241.5 2.7
TL 1790328417.094 166.5 1.9
TL 1790328417.195 330.3 3.7
TL 1790328417.295 288.8 2.3
TL 1790328417.395 211.4 1.6
TL 1790328417.495 123.2 1.1
TL 1790328417.596 186.1 8.8
TL 1790328417.696 152.4 1.6
TL 1790328417.796 397.2 2.1
TL 1790328417.896 546.7 1.0
TL 1790328417.996 410.6 4.8
TL 1790328418.096 172.6 2.4
TL 1790328418.196 100.8 2.1
TL 1790328418.296 119.8 3.0
TL 1790328418.396 108.5 2.0
TL 1790328418.497 268.3 4.2
TL 1790328418.597 341.3 4.1
TL 1790328418.697 249.9 3.6
TL 1790328418.798 350.1 3.9
TL 1790328418.898 166.1 0.8
TL 1790328418.998 95.1 2.3
TL 1790328419.098 382.2 1.4
TL 1790328419.198 365.7 3.9
TL 1790328419.298 188.1 3.3
TL 1790328419.399 282.3 0.8
TL 1790328419.500 1765.2 3.7
TL 1790328419.599 276.0 1.6
TL 1790328419.700 1166.1 2.3
TL 1790328419.800 421.8 1.7
TL 1790328419.903 3096.5 1.5
TL 1790328420.004 3910.0 1.5
TL 1790328420.100 249.6 1.6
TL 1790328420.200 72.0 1.6
TL 1790328420.301 110.5 0.9
TL 1790328420.401 305.5 1.4
TL 1790328420.501 159.3 2.1
TL 1790328420.601 115.2 2.0
TL 1790328420.701 71.2 2.3
TL 1790328420.805 148.3 3.0
TL 1790328420.905 111.5 1.4
TL 1790328421.005 80.7 2.2
TL 1790328421.105 161.9 2.1
TL 1790328421.205 185.6 2.4
TL 1790328421.310 368.9 1.7
TL 1790328421.410 365.9 1.6
TL 1790328421.511 567.5 1.6
TL 1790328421.611 182.0 2.0
TL 1790328421.712 1577.7 2.1
TL 1790328421.811 192.8 2.1
TL 1790328421.911 230.2 2.5
TL 1790328422.011 238.2 1.7
TL 1790328422.111 135.5 1.8
TL 1790328422.212 147.6 2.5
TL 1790328422.312 253.2 2.1
TL 1790328422.412 717.5 0.9
TL 1790328422.512 110.6 2.0
TL 1790328422.615 2646.3 2.3
TL 1790328422.715 1304.3 2.6
TL 1790328422.814 266.9 2.0
TL 1790328422.914 216.1 1.4
TL 1790328423.020 5981.4 1.7
TL 1790328423.115 137.9 2.1
TL 1790328423.229 8510.9 2.5
TL 1790328423.335 12549.0 2.1
TL 1790328423.428 2643.4 2.0
TL 1790328423.528 834.9 2.1
TL 1790328423.627 249.3 1.7
TL 1790328423.727 115.0 2.2
TL 1790328423.832 4332.4 2.2
TL 1790328423.934 4262.8 2.2
TL 1790328424.030 349.3 3.1
TL 1790328424.153 23189.9 1.8
TL 1790328424.233 1091.7 1.9
TL 1790328424.333 1597.1 1.9
TL 1790328424.432 257.4 1.5
TL 1790328424.532 180.1 1.8
TL 1790328424.632 93.0 1.4
TL 1790328424.741 832.2 2.2
TL 1790328424.854 12788.7 1.4
TL 1790328424.944 3007.9 1.3
TL 1790328425.043 1445.9 1.5
TL 1790328425.148 4990.8 2.1
TL 1790328425.243 306.2 1.8
TL 1790328425.343 314.4 1.5
TL 1790328425.444 1264.9 1.0
TL 1790328425.543 95.6 1.8
TL 1790328425.647 3700.7 1.9
TL 1790328425.744 218.5 1.9
TL 1790328425.844 191.4 2.2
TL 1790328425.944 107.3 1.7
TL 1790328426.044 195.4 1.8
TL 1790328426.144 179.6 1.8
TL 1790328426.244 127.4 1.5
TL 1790328426.344 105.1 2.0
TL 1790328426.444 126.1 1.0
TL 1790328426.545 531.4 2.6
TL 1790328426.644 58.0 2.0
TL 1790328426.745 122.2 1.9
TL 1790328426.845 126.7 1.2
TL 1790328426.945 192.0 1.8
TL 1790328427.045 387.7 1.2
TL 1790328427.145 91.1 1.5
TL 1790328427.245 104.6 1.9
TL 1790328427.345 121.1 1.2
TL 1790328427.445 148.4 1.3
TL 1790328427.545 136.6 1.5
TL 1790328427.646 82.9 1.6
TL 1790328427.746 354.7 1.9
TL 1790328427.849 256.5 1.9
TL 1790328427.949 258.4 1.8
TL 1790328428.049 207.1 1.8
TL 1790328428.149 237.6 3.6
TL 1790328428.249 127.8 2.1
TL 1790328428.350 1048.5 1.9
TL 1790328428.450 122.1 1.4
TL 1790328428.550 75.5 1.9
TL 1790328428.650 98.6 2.4
TL 1790328428.750 152.7 2.0
TL 1790328428.850 129.4 2.0
TL 1790328428.950 114.7 1.7
TL 1790328429.050 387.3 3.4
TL 1790328429.150 274.2 3.5
TL 1790328429.250 65.9 1.6
TL 1790328429.351 126.6 2.3
TL 1790328429.451 334.5 2.6
TL 1790328429.551 350.8 3.3
TL 1790328429.651 145.7 1.8
TL 1790328429.751 115.1 2.2
TL 1790328429.851 240.3 2.1
TL 1790328429.952 265.4 2.4
TL 1790328430.052 121.9 1.7
TL 1790328430.152 112.1 1.8
TL 1790328430.252 220.4 1.7
TL 1790328430.352 93.1 2.0
TL 1790328430.452 248.4 2.0
TL 1790328430.552 263.1 4.8
TL 1790328430.652 196.2 2.0
TL 1790328430.752 94.9 1.7
TL 1790328430.852 135.7 1.9
TL 1790328430.953 308.9 2.3
TL 1790328431.053 172.0 2.2
TL 1790328431.153 153.6 2.0
TL 1790328431.253 196.9 2.3
TL 1790328431.353 83.4 4.1
TL 1790328431.454 393.6 1.9
TL 1790328431.554 205.9 2.9
TL 1790328431.654 63.5 3.3
TL 1790328431.754 81.4 2.4
TL 1790328431.854 438.1 2.3
TL 1790328431.954 93.4 2.4
TL 1790328432.054 169.4 3.1
TL 1790328432.156 1161.8 1.9
TL 1790328432.255 136.9 3.1
TL 1790328432.355 77.4 1.9
TL 1790328432.455 82.6 1.9
TL 1790328432.555 140.6 1.7
TL 1790328432.655 82.8 3.1
TL 1790328432.755 114.5 3.1
TL 1790328432.856 199.5 2.1
TL 1790328432.956 544.5 1.9
TL 1790328433.056 86.6 2.3
TL 1790328433.156 331.9 2.7
TL 1790328433.256 222.0 3.5
TL 1790328433.357 128.1 3.2
TL 1790328433.457 541.7 0.9
TL 1790328433.557 66.6 1.6
TL 1790328433.657 82.0 2.2
TL 1790328433.757 52.0 2.0
TL 1790328433.857 96.5 27.6
TL 1790328433.957 82.2 1.6
TL 1790328434.058 278.9 1.7
TL 1790328434.158 110.4 1.1
TL 1790328434.258 76.4 1.7
TL 1790328434.358 199.2 2.2
TL 1790328434.459 365.6 2.4
TL 1790328434.559 228.6 2.3
TL 1790328434.659 103.0 1.7
TL 1790328434.759 378.4 2.1
TL 1790328434.859 175.2 2.0
TL 1790328434.959 123.0 0.9
TL 1790328435.059 126.7 2.0
TL 1790328435.159 220.2 1.9
TL 1790328435.259 258.4 3.7
TL 1790328435.360 183.7 2.2
TL 1790328435.460 227.1 1.5
TL 1790328435.560 466.6 1.6
TL 1790328435.660 104.9 1.0
TL 1790328435.760 148.7 2.9
TL 1790328435.860 144.5 1.7
TL 1790328435.960 295.2 1.8
TL 1790328436.060 242.4 2.9
TL 1790328436.160 165.7 1.7
TL 1790328436.261 163.9 1.8
TL 1790328436.361 90.2 1.7
TL 1790328436.461 115.6 1.6
TL 1790328436.561 371.0 4.0
TL 1790328436.661 286.8 2.9
TL 1790328436.761 118.6 1.4
TL 1790328436.862 347.7 3.6
TL 1790328436.962 179.9 1.8
TL 1790328437.062 249.5 2.9
TL 1790328437.162 132.3 1.8
TL 1790328437.263 560.0 1.4
TL 1790328437.363 122.0 2.4
TL 1790328437.463 81.2 1.4
TL 1790328437.563 123.9 1.6
TL 1790328437.663 102.3 2.3
TL 1790328437.763 204.7 2.5
TL 1790328437.863 142.2 2.3
TL 1790328437.963 118.5 2.2
TL 1790328438.064 144.7 114.7
TL 1790328438.164 175.2 2.2
TL 1790328438.264 278.2 3.9
TL 1790328438.365 397.8 5.3
TL 1790328438.465 382.5 2.4
TL 1790328438.565 137.2 2.2
TL 1790328438.665 120.4 2.3
TL 1790328438.765 161.9 2.3
TL 1790328438.865 227.9 2.7
TL 1790328438.966 317.2 2.6
TL 1790328439.066 70.3 2.0
TL 1790328439.166 103.8 2.0
TL 1790328439.266 65.5 2.3
TL 1790328439.366 105.8 2.2
TL 1790328439.466 67.4 1.4
TL 1790328439.567 140.8 1.7
TL 1790328439.667 121.0 1.6
TL 1790328439.767 99.8 2.2
TL 1790328439.867 393.9 3.1
TL 1790328439.967 166.4 2.6
TL 1790328440.068 376.2 4.0
TL 1790328440.168 156.8 1.9
TL 1790328440.268 97.6 2.3
TL 1790328440.368 67.0 1.8
TL 1790328440.468 80.4 1.7
TL 1790328440.568 150.8 1.8
TL 1790328440.668 91.2 2.0
TL 1790328440.768 324.1 4.1
TL 1790328440.869 591.7 3.7
TL 1790328440.969 828.5 3.2
TL 1790328441.069 103.1 2.2
TL 1790328441.169 511.4 3.6
TL 1790328441.269 103.0 1.6
TL 1790328441.369 82.6 2.0
TL 1790328441.469 78.9 1.3
TL 1790328441.570 294.2 2.0
TL 1790328441.670 408.4 3.9
TL 1790328441.770 447.3 4.3
TL 1790328441.870 327.5 3.7
TL 1790328441.970 187.6 1.9
TL 1790328442.070 120.8 1.8
TL 1790328442.171 103.4 1.9
TL 1790328442.271 80.7 1.9
TL 1790328442.371 273.9 4.5
TL 1790328442.471 133.2 0.9
TL 1790328442.571 237.9 2.3
TL 1790328442.671 58.2 1.8
TL 1790328442.771 89.9 2.2
TL 1790328442.871 81.9 1.9
TL 1790328442.972 222.9 1.5
TL 1790328443.072 133.8 2.1
TL 1790328443.172 256.5 2.6
TL 1790328443.272 325.9 4.3
TL 1790328443.372 297.2 3.4
TL 1790328443.472 167.3 1.4
TL 1790328443.573 468.0 3.4
TL 1790328443.673 107.8 1.8
TL 1790328443.773 420.1 1.8
TL 1790328443.873 318.3 2.0
TL 1790328443.973 128.7 1.0
TL 1790328444.073 104.8 2.0
TL 1790328444.173 236.4 1.6
TL 1790328444.273 104.0 2.0
TL 1790328444.373 196.4 1.4
TL 1790328444.474 215.2 1.1
TL 1790328444.574 234.2 1.6
TL 1790328444.675 86.6 1.5
TL 1790328444.775 70.5 1.7
TL 1790328444.875 135.5 1.5
TL 1790328444.975 246.2 1.8
TL 1790328445.075 259.5 1.7
TL 1790328445.176 869.9 1.6
TL 1790328445.276 327.1 1.5
TL 1790328445.376 209.3 1.7
TL 1790328445.477 1193.4 1.6
TL 1790328445.576 220.8 2.0
TL 1790328445.680 3901.2 2.2
TL 1790328445.776 95.4 1.9
TL 1790328445.876 120.7 1.6
TL 1790328445.977 825.3 1.6
TL 1790328446.077 365.1 1.5
TL 1790328446.178 1707.0 20.9
TL 1790328446.277 99.5 1.2
TL 1790328446.380 93.9 1.6
TL 1790328446.480 78.5 1.2
TL 1790328446.581 386.3 1.9
TL 1790328446.680 119.4 3.7
TL 1790328446.781 216.5 1.8
TL 1790328446.883 174.1 1.7
TL 1790328446.983 222.9 1.6
TL 1790328447.084 745.6 1.7
TL 1790328447.183 90.0 1.9
TL 1790328447.284 817.7 1.6
TL 1790328447.385 1749.2 1.6
TL 1790328447.484 565.8 1.5
TL 1790328447.584 228.3 1.5
TL 1790328447.684 404.4 1.5
TL 1790328447.785 503.4 1.5
TL 1790328447.886 760.1 1.6
TL 1790328447.987 1471.1 1.6
TL 1790328448.085 103.2 40.4
TL 1790328448.186 145.9 1.2
TL 1790328448.286 226.2 1.7
TL 1790328448.388 1682.2 1.7
TL 1790328448.486 222.9 1.6
TL 1790328448.586 100.5 1.9
TL 1790328448.688 1912.9 1.6
TL 1790328448.787 208.1 1.7
TL 1790328448.887 294.7 1.7
TL 1790328448.988 349.4 1.3
TL 1790328449.089 663.9 1.9
TL 1790328449.188 128.2 1.7
TL 1790328449.293 87.1 1.3
TL 1790328449.393 214.7 1.9
TL 1790328449.494 906.8 2.0
TL 1790328449.594 252.5 1.8
TL 1790328449.694 108.4 1.6
TL 1790328449.794 137.7 1.4
TL 1790328449.894 357.6 1.1
TL 1790328449.994 194.9 1.7
TL 1790328450.094 76.9 1.7
TL 1790328450.195 1143.2 1.5
TL 1790328450.295 505.4 1.4
TL 1790328450.395 124.5 1.7
TL 1790328450.499 4218.2 1.6
TL 1790328450.595 135.5 1.8
TL 1790328450.695 69.3 1.6
TL 1790328450.795 77.9 1.8
TL 1790328450.897 2321.3 1.9
TL 1790328450.995 317.3 1.1
TL 1790328451.096 115.2 1.7
TL 1790328451.196 99.9 1.5
TL 1790328451.297 344.1 1.5
TL 1790328451.398 1239.4 1.7
TL 1790328451.497 117.5 1.4
TL 1790328451.597 93.1 1.5
TL 1790328451.697 123.6 1.4
TL 1790328451.797 196.7 1.7
TL 1790328451.899 2138.3 1.6
TL 1790328451.998 1074.8 1.7
TL 1790328452.098 1061.9 1.5
TL 1790328452.197 107.8 1.6
TL 1790328452.304 6493.7 2.2
TL 1790328452.398 83.1 1.2
TL 1790328452.503 4153.3 1.8
TL 1790328452.599 182.1 1.5
TL 1790328452.699 121.1 1.8
TL 1790328452.804 3220.6 1.7
TL 1790328452.902 1621.9 1.9
TL 1790328453.002 755.5 1.0
TL 1790328453.101 334.8 1.6
TL 1790328453.201 216.1 1.5
TL 1790328453.302 513.5 1.5
TL 1790328453.402 245.4 1.5
TL 1790328453.502 134.0 1.4
TL 1790328453.602 189.9 1.5
TL 1790328453.702 110.1 1.7
TL 1790328453.802 108.7 1.6
TL 1790328453.902 105.4 1.2
TL 1790328454.003 879.9 1.5
TL 1790328454.102 336.9 2.4
TL 1790328454.203 680.8 1.8
TL 1790328454.303 125.4 1.6
TL 1790328454.403 239.1 2.0
TL 1790328454.503 419.5 1.9
TL 1790328454.603 165.7 1.9
TL 1790328454.704 487.0 1.8
TL 1790328454.804 167.2 1.5
TL 1790328454.904 500.1 1.8
TL 1790328455.004 690.2 1.1
TL 1790328455.104 114.8 1.4
TL 1790328455.204 213.2 1.5
TL 1790328455.304 152.0 1.7
TL 1790328455.404 211.8 1.5
TL 1790328455.505 383.4 1.5
TL 1790328455.605 222.3 1.5
TL 1790328455.705 284.7 1.3
TL 1790328455.805 171.2 1.4
TL 1790328455.905 118.7 1.5
TL 1790328456.006 924.2 1.6
TL 1790328456.106 505.6 1.9
TL 1790328456.206 101.1 1.6
TL 1790328456.306 122.7 1.7
TL 1790328456.406 191.5 1.7
TL 1790328456.506 483.9 1.4
TL 1790328456.607 120.4 1.6
TL 1790328456.707 609.7 1.6
TL 1790328456.807 62.2 1.5
TL 1790328456.907 120.4 1.4
TL 1790328457.007 334.2 1.7
TL 1790328457.107 126.7 1.6
TL 1790328457.209 215.6 1.5
TL 1790328457.309 118.0 1.6
TL 1790328457.409 112.6 1.8
TL 1790328457.509 111.1 1.5
TL 1790328457.609 245.7 1.8
TL 1790328457.710 118.0 1.5
TL 1790328457.810 89.3 1.6
TL 1790328457.912 1478.8 1.6
TL 1790328458.010 100.6 1.6
TL 1790328458.111 505.1 1.5
TL 1790328458.213 1015.4 1.8
TL 1790328458.312 284.7 1.2
TL 1790328458.412 171.2 2.0
TL 1790328458.514 1952.2 1.8
TL 1790328458.614 1125.8 2.1
TL 1790328458.713 136.3 1.7
TL 1790328458.813 288.8 1.2
TL 1790328458.914 282.0 1.7
TL 1790328459.014 436.9 1.8
TL 1790328459.115 1353.0 1.4
TL 1790328459.214 102.6 1.4
TL 1790328459.314 110.9 1.4
TL 1790328459.414 136.7 1.4
TL 1790328459.515 1085.4 1.5
TL 1790328459.615 87.6 1.6
TL 1790328459.715 712.8 1.6
TL 1790328459.815 100.7 1.6
TL 1790328459.917 1905.0 1.4
TL 1790328460.015 154.0 1.7
TL 1790328460.115 206.6 1.3
TL 1790328460.215 237.4 1.7
TL 1790328460.316 810.7 1.6
TL 1790328460.416 88.1 1.7
TL 1790328460.516 164.1 1.9
TL 1790328460.617 400.8 1.8
TL 1790328460.717 218.2 3.7
TL 1790328460.818 88.1 20.5
TL 1790328460.918 345.3 1.6
TL 1790328461.018 256.9 1.6
TL 1790328461.119 205.0 1.7
TL 1790328461.219 327.1 1.6
TL 1790328461.320 1821.5 1.7
TL 1790328461.419 137.9 1.7
TL 1790328461.520 239.6 1.8
TL 1790328461.620 114.5 1.7
TL 1790328461.722 1720.6 1.9
TL 1790328461.820 197.7 1.5
TL 1790328461.920 104.6 1.8
TL 1790328462.021 1086.7 1.5
TL 1790328462.120 147.3 1.5
TL 1790328462.222 152.3 2.0
TL 1790328462.324 2284.3 1.3
TL 1790328462.422 151.7 3.1
TL 1790328462.523 882.1 1.7
TL 1790328462.623 270.4 1.6
TL 1790328462.722 86.9 1.4
TL 1790328462.824 1268.3 2.1
TL 1790328462.923 270.5 1.7
TL 1790328463.023 253.4 1.4
TL 1790328463.123 218.0 1.6
TL 1790328463.223 124.5 1.4
TL 1790328463.323 87.1 1.5
TL 1790328463.424 124.4 1.5
TL 1790328463.524 222.1 1.3
TL 1790328463.624 138.5 1.6
TL 1790328463.725 564.3 1.7
TL 1790328463.826 2368.0 1.5
TL 1790328463.924 298.0 1.3
TL 1790328464.026 689.7 1.3
TL 1790328464.126 581.4 1.8
TL 1790328464.227 1388.2 1.6
TL 1790328464.326 119.7 1.8
TL 1790328464.428 107.4 1.9
TL 1790328464.528 103.4 1.5
TL 1790328464.634 5969.2 1.8
TL 1790328464.728 85.7 1.8
TL 1790328464.829 113.7 1.9
TL 1790328464.929 120.1 2.0
TL 1790328465.029 72.4 1.2
TL 1790328465.130 891.0 1.4
TL 1790328465.229 431.2 1.6
TL 1790328465.329 59.2 1.5
TL 1790328465.430 199.7 1.6
TL 1790328465.531 827.7 1.6
TL 1790328465.630 116.7 1.8
TL 1790328465.730 188.0 1.5
TL 1790328465.831 968.1 1.7
TL 1790328465.931 114.3 56.1
TL 1790328466.031 155.3 1.5
TL 1790328466.132 1227.6 1.5
TL 1790328466.231 550.7 1.5
TL 1790328466.331 427.7 1.4
TL 1790328466.435 4169.0 1.7
TL 1790328466.531 158.5 1.6
TL 1790328466.631 131.6 1.6
TL 1790328466.732 311.5 1.8
TL 1790328466.832 620.6 1.4
TL 1790328466.932 125.4 1.7
TL 1790328467.032 358.6 2.8
TL 1790328467.132 170.1 1.2
TL 1790328467.232 144.1 1.5
TL 1790328467.333 133.9 1.6
TL 1790328467.433 190.4 1.8
TL 1790328467.533 93.0 1.7
TL 1790328467.633 106.3 1.1
TL 1790328467.733 170.3 1.6
TL 1790328467.833 427.1 3.0
TL 1790328467.934 413.8 2.0
TL 1790328468.034 165.1 1.8
TL 1790328468.134 144.8 1.8
TL 1790328468.235 616.1 1.5
TL 1790328468.335 929.9 1.5
TL 1790328468.434 203.3 1.9
TL 1790328468.535 545.9 1.4
TL 1790328468.635 120.9 1.6
TL 1790328468.735 419.7 2.1
TL 1790328468.835 114.3 1.7
TL 1790328468.936 1091.4 1.6
TL 1790328469.035 559.3 1.5
TL 1790328469.135 99.1 2.0
TL 1790328469.236 708.2 1.7
TL 1790328469.335 92.9 2.1
TL 1790328469.436 270.9 1.7
TL 1790328469.536 140.4 1.3
TL 1790328469.636 206.8 1.6
TL 1790328469.738 340.4 1.5
TL 1790328469.838 486.1 1.4
TL 1790328469.938 630.9 1.7
TL 1790328470.039 627.0 1.5
TL 1790328470.139 954.2 1.6
TL 1790328470.238 126.3 1.7
TL 1790328470.339 305.8 1.6
TL 1790328470.440 618.5 1.6
TL 1790328470.540 122.1 1.7
TL 1790328470.641 204.2 1.7
TL 1790328470.741 205.9 1.8
TL 1790328470.841 124.4 1.8
TL 1790328470.942 741.9 1.7
TL 1790328471.041 117.3 1.2
TL 1790328471.142 428.4 1.9
TL 1790328471.241 163.5 1.7
TL 1790328471.342 138.9 1.5
TL 1790328471.442 116.3 1.7
TL 1790328471.542 129.6 1.8
TL 1790328471.642 111.5 1.5
TL 1790328471.742 151.6 1.5
TL 1790328471.842 326.9 1.4
TL 1790328471.942 158.9 1.4
TL 1790328472.043 158.1 1.6
TL 1790328472.143 238.7 1.2
TL 1790328472.243 585.6 1.6
TL 1790328472.345 2069.7 2.3
TL 1790328472.444 309.2 1.5
TL 1790328472.544 726.6 1.9
TL 1790328472.645 1654.9 1.7
TL 1790328472.745 1298.5 1.4
TL 1790328472.846 2174.7 1.5
TL 1790328472.945 747.8 1.4
TL 1790328473.044 392.6 1.6
TL 1790328473.144 211.7 1.6
TL 1790328473.244 341.8 1.6
TL 1790328473.345 436.9 1.3
TL 1790328473.445 134.0 1.5
TL 1790328473.545 121.8 1.3
TL 1790328473.646 890.8 1.5
TL 1790328473.746 702.2 1.7
TL 1790328473.845 117.3 2.0
TL 1790328473.946 634.9 1.4
TL 1790328474.046 326.9 1.9
TL 1790328474.146 140.0 1.9
TL 1790328474.246 125.2 1.7
TL 1790328474.346 67.7 1.6
TL 1790328474.447 1155.9 1.6
TL 1790328474.546 190.7 1.7
TL 1790328474.647 423.4 1.6
TL 1790328474.746 179.4 1.7
TL 1790328474.850 2172.7 1.6
TL 1790328474.949 290.8 1.2
TL 1790328475.049 227.7 0.8
TL 1790328475.149 106.5 2.0
TL 1790328475.249 325.7 1.6
TL 1790328475.351 1973.8 1.5
TL 1790328475.449 160.2 1.7
TL 1790328475.550 362.3 1.4
TL 1790328475.650 95.5 1.5
TL 1790328475.750 285.0 485.8
TL 1790328475.850 204.3 1.7
TL 1790328475.951 947.7 1.7
TL 1790328476.051 507.0 1.1
TL 1790328476.150 99.7 1.3
TL 1790328476.252 234.0 1.8
TL 1790328476.352 586.7 1.8
TL 1790328476.452 107.3 1.7
TL 1790328476.553 264.8 1.7
TL 1790328476.653 74.8 1.6
TL 1790328476.753 119.7 1.3
TL 1790328476.853 157.4 1.5
TL 1790328476.953 360.9 1.8
TL 1790328477.053 130.3 2.4
TL 1790328477.153 267.2 2.0
TL 1790328477.253 159.0 1.7
TL 1790328477.354 533.2 1.5
TL 1790328477.455 1823.9 1.6
TL 1790328477.554 355.8 1.4
TL 1790328477.654 104.9 1.6
TL 1790328477.754 230.1 1.6
TL 1790328477.854 128.8 1.9
TL 1790328477.954 87.8 1.5
TL 1790328478.054 596.9 1.6
TL 1790328478.155 93.1 1.2
TL 1790328478.255 368.0 1.6
TL 1790328478.355 79.7 1.7
TL 1790328478.455 222.6 1.6
TL 1790328478.555 196.7 2.0
TL 1790328478.656 727.6 1.7
TL 1790328478.755 171.7 1.6
TL 1790328478.856 259.1 1.7
TL 1790328478.956 197.4 1.6
TL 1790328479.056 133.6 1.5
TL 1790328479.158 1347.4 1.6
TL 1790328479.257 147.4 1.6
TL 1790328479.357 67.0 1.6
TL 1790328479.457 252.7 1.7
TL 1790328479.557 66.9 1.3
TL 1790328479.658 193.0 1.8
TL 1790328479.760 2919.7 1.8
TL 1790328479.858 152.9 2.5
TL 1790328479.960 79.1 1.6
TL 1790328480.065 3473.2 1.4
TL 1790328480.162 160.8 1.8
TL 1790328480.263 401.2 1.6
TL 1790328480.363 152.4 1.5
TL 1790328480.463 649.7 1.9
TL 1790328480.563 313.6 1.5
TL 1790328480.663 117.7 1.7
TL 1790328480.763 104.4 1.3
TL 1790328480.863 89.3 1.5
TL 1790328480.963 143.3 1.4
TL 1790328481.063 84.1 1.7
TL 1790328481.164 295.7 1.4
TL 1790328481.264 299.7 1.3
TL 1790328481.364 106.4 1.6
TL 1790328481.464 145.0 1.2
TL 1790328481.564 266.1 1.4
TL 1790328481.665 141.5 1.6
TL 1790328481.765 332.8 1.4
TL 1790328481.866 1051.4 1.4
TL 1790328481.965 75.4 1.2
TL 1790328482.065 145.3 1.5
TL 1790328482.165 143.4 1.4
TL 1790328482.268 2679.9 1.6
TL 1790328482.365 185.7 1.8
TL 1790328482.466 950.8 1.7
TL 1790328482.566 75.4 1.9
TL 1790328482.666 294.8 1.9
TL 1790328482.769 2292.5 1.0
TL 1790328482.867 170.6 1.9
TL 1790328482.967 71.8 1.7
TL 1790328483.067 103.4 1.4
TL 1790328483.167 302.0 1.6
TL 1790328483.269 1524.7 1.6
TL 1790328483.368 792.9 1.8
TL 1790328483.467 143.6 1.6
TL 1790328483.568 183.2 1.5
TL 1790328483.670 1234.4 1.5
TL 1790328483.769 317.1 1.7
TL 1790328483.869 191.3 1.6
TL 1790328483.969 243.7 1.5
TL 1790328484.069 617.2 1.5
TL 1790328484.169 131.2 1.7
TL 1790328484.269 113.3 1.7
TL 1790328484.371 713.0 2.1
TL 1790328484.470 63.6 1.8
TL 1790328484.570 183.0 1.5
TL 1790328484.670 102.8 1.3
TL 1790328484.771 690.1 1.8
TL 1790328484.871 703.8 1.7
TL 1790328484.971 154.2 1.4
TL 1790328485.071 257.3 1.5
TL 1790328485.172 150.9 29.8
TL 1790328485.273 204.2 1.6
TL 1790328485.373 88.1 1.8
TL 1790328485.477 349.6 1.7
TL 1790328485.577 571.6 1.2
TL 1790328485.677 110.7 1.6
TL 1790328485.778 1795.3 1.7
TL 1790328485.877 221.0 1.7
TL 1790328485.977 103.2 1.9
TL 1790328486.077 119.3 1.8
TL 1790328486.177 91.0 1.5
TL 1790328486.280 3259.8 1.8
TL 1790328486.377 106.7 1.7
TL 1790328486.478 144.7 1.5
TL 1790328486.578 131.6 1.4
TL 1790328486.678 122.1 2.1
TL 1790328486.778 76.5 1.9
TL 1790328486.879 1088.5 1.6
TL 1790328486.979 895.6 1.5
TL 1790328487.078 115.1 1.6
TL 1790328487.178 132.0 1.4
TL 1790328487.279 260.4 1.2
TL 1790328487.380 1342.7 1.8
TL 1790328487.480 1291.1 1.8
TL 1790328487.579 143.4 1.4
TL 1790328487.679 130.9 1.5
TL 1790328487.779 173.5 1.8
TL 1790328487.879 121.4 1.5
TL 1790328487.980 208.0 1.4
TL 1790328488.080 115.4 1.5
TL 1790328488.180 131.2 1.2
TL 1790328488.280 146.5 1.4
TL 1790328488.380 121.5 1.6
TL 1790328488.481 799.5 1.9
TL 1790328488.582 742.4 1.6
TL 1790328488.681 93.3 1.5
TL 1790328488.782 80.9 1.4
TL 1790328488.882 83.3 1.8
TL 1790328488.982 111.2 1.5
TL 1790328489.082 167.0 1.1
TL 1790328489.182 60.5 1.5
TL 1790328489.283 403.8 1.9
TL 1790328489.383 151.1 1.5
TL 1790328489.483 80.3 2.7
TL 1790328489.583 143.4 2.1
TL 1790328489.683 239.6 2.6
TL 1790328489.783 149.5 1.8
TL 1790328489.883 254.6 1.5
TL 1790328489.983 262.6 1.4
TL 1790328490.083 145.3 1.5
TL 1790328490.187 3228.3 1.6
TL 1790328490.284 117.2 2.0
TL 1790328490.384 207.3 1.7
TL 1790328490.484 175.8 1.9
TL 1790328490.586 1808.0 0.9
TL 1790328490.684 88.7 1.4
TL 1790328490.785 168.6 1.2
TL 1790328490.885 94.5 1.6
TL 1790328490.987 75.7 1.6
TL 1790328491.088 1274.8 1.4
TL 1790328491.187 100.1 2.1
TL 1790328491.287 145.5 2.0
TL 1790328491.387 109.8 1.6
TL 1790328491.487 133.6 1.6
TL 1790328491.587 289.5 1.2
TL 1790328491.688 911.4 1.4
TL 1790328491.787 80.4 1.5
TL 1790328491.888 142.9 1.3
TL 1790328491.988 593.7 1.8
TL 1790328492.088 727.0 1.6
TL 1790328492.192 4083.2 2.4
TL 1790328492.288 194.7 1.5
TL 1790328492.393 4669.2 2.1
TL 1790328492.489 215.3 1.7
TL 1790328492.589 763.5 1.8
TL 1790328492.689 136.2 2.0
TL 1790328492.789 122.9 1.6
TL 1790328492.889 89.7 1.5
TL 1790328492.990 710.2 1.8
TL 1790328493.089 177.7 1.6
TL 1790328493.189 113.7 2.1
TL 1790328493.289 120.4 1.9
TL 1790328493.389 147.9 2.4
TL 1790328493.490 141.2 2.0
TL 1790328493.590 348.4 1.5
TL 1790328493.690 125.2 1.4
TL 1790328493.790 102.6 1.8
TL 1790328493.890 77.0 1.8
TL 1790328493.991 700.8 1.4
TL 1790328494.091 762.2 1.5
TL 1790328494.191 110.4 1.5
TL 1790328494.291 128.9 1.6
TL 1790328494.391 153.7 1.9
TL 1790328494.491 206.6 1.3
TL 1790328494.591 90.6 1.1
TL 1790328494.691 173.6 1.4
TL 1790328494.791 105.5 1.6
TL 1790328494.891 82.4 1.4
TL 1790328494.992 115.5 1.4
TL 1790328495.093 1177.0 2.7
TL 1790328495.192 170.0 1.5
TL 1790328495.292 560.4 2.0
TL 1790328495.393 1024.7 1.7
TL 1790328495.492 178.8 1.5
TL 1790328495.592 189.1 1.3
TL 1790328495.692 232.2 1.7
TL 1790328495.793 190.3 1.8
TL 1790328495.893 134.4 2.0
TL 1790328495.993 198.9 1.5
TL 1790328496.094 85.1 1.6
TL 1790328496.194 146.1 1.4
TL 1790328496.295 759.2 1.6
TL 1790328496.395 866.7 1.7
TL 1790328496.495 126.3 1.6
TL 1790328496.595 134.5 1.2
TL 1790328496.695 103.8 1.6
TL 1790328496.797 2614.7 1.4
TL 1790328496.896 161.4 1.6
TL 1790328496.996 52.2 1.7
TL 1790328497.096 159.6 0.8
TL 1790328497.196 238.5 1.7
TL 1790328497.297 121.7 1.5
TL 1790328497.397 193.4 1.5
TL 1790328497.497 124.9 1.2
TL 1790328497.600 3398.3 1.7
TL 1790328497.697 91.7 1.7
TL 1790328497.799 1548.2 1.2
TL 1790328497.898 296.3 1.2
TL 1790328497.998 174.1 1.4
TL 1790328498.098 162.2 1.7
TL 1790328498.198 513.0 1.6
TL 1790328498.298 119.5 1.4
TL 1790328498.399 1591.6 1.4
TL 1790328498.498 345.2 1.4
TL 1790328498.598 261.3 1.7
TL 1790328498.698 123.4 1.4
TL 1790328498.799 459.3 1.6
TL 1790328498.900 1022.3 1.4
TL 1790328498.999 152.1 2.1
TL 1790328499.099 478.5 1.4
TL 1790328499.199 62.9 1.7
TL 1790328499.299 440.3 1.4
TL 1790328499.399 143.1 2.0
TL 1790328499.500 687.0 1.2
TL 1790328499.599 156.4 1.5
TL 1790328499.700 354.8 1.3
TL 1790328499.800 221.0 1.6
TL 1790328499.900 218.9 1.3
TL 1790328500.000 159.1 1.8
TL 1790328500.100 220.8 1.4
TL 1790328500.200 157.7 1.6
TL 1790328500.303 2557.1 1.4
TL 1790328500.400 110.3 1.7
TL 1790328500.501 147.3 1.4
TL 1790328500.601 191.0 1.0
TL 1790328500.701 344.6 1.4
TL 1790328500.803 2372.4 1.6
TL 1790328500.901 197.9 1.6
TL 1790328501.001 408.3 1.2
TL 1790328501.101 284.3 2.0
TL 1790328501.202 110.1 1.6
TL 1790328501.302 125.2 1.6
TL 1790328501.404 2150.0 1.4
TL 1790328501.503 346.8 1.7
TL 1790328501.603 897.0 1.2
TL 1790328501.704 492.8 1.3
TL 1790328501.808 3500.3 1.6
TL 1790328501.904 91.2 1.7
TL 1790328502.006 1448.8 1.4
TL 1790328502.105 149.2 1.1
TL 1790328502.205 477.8 1.8
TL 1790328502.305 127.0 1.5
TL 1790328502.406 387.7 355.9
TL 1790328502.506 103.4 1.4
TL 1790328502.610 3584.9 1.7
TL 1790328502.706 160.3 1.8
TL 1790328502.808 164.3 1.5
TL 1790328502.908 180.4 1.7
TL 1790328503.008 213.1 1.7
TL 1790328503.109 880.0 1.9
TL 1790328503.208 126.9 1.4
TL 1790328503.309 233.4 1.5
TL 1790328503.409 135.2 1.6
TL 1790328503.509 230.7 1.9
TL 1790328503.609 191.5 2.1
TL 1790328503.712 2238.0 1.8
TL 1790328503.810 466.6 1.6
TL 1790328503.910 151.0 2.1
TL 1790328504.011 395.8 4.0
TL 1790328504.111 367.5 3.1
TL 1790328504.211 122.3 2.2
TL 1790328504.312 249.0 2.1
TL 1790328504.413 1070.5 1.7
TL 1790328504.512 154.3 2.1
TL 1790328504.612 98.8 3.9
TL 1790328504.713 446.2 1.5
TL 1790328504.813 172.5 1.9
TL 1790328504.913 200.6 2.6
TL 1790328505.013 145.4 2.5
TL 1790328505.115 2583.7 2.2
TL 1790328505.214 1171.5 1.4
TL 1790328505.313 181.0 1.9
TL 1790328505.414 162.2 2.0
TL 1790328505.514 433.7 1.5
TL 1790328505.614 649.6 1.9
TL 1790328505.714 183.0 1.9
TL 1790328505.814 118.4 2.3
TL 1790328505.914 337.4 2.3
TL 1790328506.015 804.1 1.9
TL 1790328506.115 86.4 1.9
TL 1790328506.215 400.2 1.5
TL 1790328506.315 171.1 1.7
TL 1790328506.415 162.7 2.2
TL 1790328506.522 7028.8 2.1
TL 1790328506.616 340.3 1.5
TL 1790328506.716 553.7 1.6
TL 1790328506.816 223.4 1.8
TL 1790328506.916 195.8 1.5
TL 1790328507.017 267.7 1.8
TL 1790328507.116 75.7 1.7
TL 1790328507.217 796.8 2.1
TL 1790328507.318 1528.7 1.8
TL 1790328507.417 354.6 1.7
TL 1790328507.518 1374.8 1.9
TL 1790328507.618 414.0 1.9
TL 1790328507.718 478.3 1.8
TL 1790328507.817 154.2 1.5
TL 1790328507.918 101.7 1.8
TL 1790328508.018 123.2 1.7
TL 1790328508.119 771.4 1.7
TL 1790328508.219 235.5 1.6
TL 1790328508.319 522.8 2.2
TL 1790328508.419 140.5 1.8
TL 1790328508.519 105.8 2.3
TL 1790328508.623 3536.0 1.7
TL 1790328508.720 386.4 2.2
TL 1790328508.821 151.4 1.7
TL 1790328508.921 156.5 2.3
TL 1790328509.021 108.6 1.8
TL 1790328509.121 229.6 2.3
TL 1790328509.222 154.7 2.0
TL 1790328509.322 285.0 1.7
TL 1790328509.422 301.3 1.9
TL 1790328509.522 167.1 2.5
TL 1790328509.623 548.1 2.3
TL 1790328509.725 2221.1 1.9
TL 1790328509.823 426.4 2.2
TL 1790328509.923 88.9 2.5
TL 1790328510.023 197.2 1.6
TL 1790328510.124 353.2 2.1
TL 1790328510.224 124.8 2.0
TL 1790328510.325 621.5 2.0
TL 1790328510.426 527.9 2.0
TL 1790328510.527 358.1 1.9
TL 1790328510.627 169.2 1.9
TL 1790328510.727 308.1 1.9
TL 1790328510.829 1465.9 1.8
TL 1790328510.928 759.8 2.1
TL 1790328511.028 265.6 1.7
TL 1790328511.128 893.4 1.5
TL 1790328511.229 1518.9 1.4
TL 1790328511.329 877.9 1.8
TL 1790328511.429 323.5 1.6
TL 1790328511.530 1347.2 1.6
TL 1790328511.630 1114.1 1.6
TL 1790328511.729 122.0 1.9
TL 1790328511.830 186.6 1.6
TL 1790328511.930 464.5 2.2
TL 1790328512.030 151.4 1.5
TL 1790328512.131 388.0 2.0
TL 1790328512.234 3372.0 1.8
TL 1790328512.332 313.1 2.1
TL 1790328512.432 686.4 1.4
TL 1790328512.532 531.0 1.6
TL 1790328512.632 700.4 1.5
TL 1790328512.732 649.0 1.8
TL 1790328512.836 289.6 1.5
TL 1790328512.940 4129.5 1.2
TL 1790328513.036 93.8 1.5
TL 1790328513.137 610.6 1.4
TL 1790328513.237 362.9 2.1
TL 1790328513.337 1009.7 1.9
TL 1790328513.439 2427.7 2.0
TL 1790328513.537 323.1 1.9
TL 1790328513.638 992.0 1.8
TL 1790328513.737 311.3 1.6
TL 1790328513.837 156.9 1.9
TL 1790328513.939 768.6 1.7
TL 1790328514.040 1315.6 1.9
TL 1790328514.139 112.5 2.0
TL 1790328514.240 540.5 2.1
TL 1790328514.344 4251.9 1.9
TL 1790328514.444 3739.3 1.9
TL 1790328514.544 792.3 2.3
TL 1790328514.644 586.2 1.8
TL 1790328514.745 479.8 2.4
TL 1790328514.844 125.9 2.2
TL 1790328514.945 159.1 1.9
TL 1790328515.045 81.6 1.8
TL 1790328515.145 184.8 2.5
TL 1790328515.246 186.9 3.0
TL 1790328515.346 96.9 2.1
TL 1790328515.446 313.8 2.1
TL 1790328515.546 120.9 2.0
TL 1790328515.646 84.3 2.6
TL 1790328515.747 200.8 65.9
TL 1790328515.847 260.3 2.4
TL 1790328515.947 201.8 1.8
TL 1790328516.048 371.1 3.2
TL 1790328516.148 553.0 2.1
TL 1790328516.248 201.9 2.3
TL 1790328516.348 119.3 1.8
TL 1790328516.450 1866.0 2.2
TL 1790328516.548 205.7 2.2
TL 1790328516.648 111.8 2.0
TL 1790328516.749 312.4 2.7
TL 1790328516.849 180.9 2.0
TL 1790328516.949 164.8 2.3
TL 1790328517.049 107.6 2.2
TL 1790328517.149 140.1 2.2
TL 1790328517.250 167.7 2.4
TL 1790328517.350 167.4 2.1
TL 1790328517.451 1418.1 2.1
TL 1790328517.550 334.0 3.2
TL 1790328517.650 120.3 1.7
TL 1790328517.750 130.0 2.0
TL 1790328517.850 128.5 2.2
TL 1790328517.950 107.6 2.7
TL 1790328518.051 224.3 1.8
TL 1790328518.151 618.7 2.2
TL 1790328518.251 374.2 2.0
TL 1790328518.351 163.3 2.2
TL 1790328518.451 146.2 2.7
TL 1790328518.551 140.9 3.4
TL 1790328518.652 520.6 1.8
TL 1790328518.752 391.1 2.8
TL 1790328518.852 159.7 2.3
TL 1790328518.952 148.6 2.8
TL 1790328519.052 179.6 2.2
TL 1790328519.152 137.2 1.9
TL 1790328519.252 219.2 2.4
TL 1790328519.354 1161.7 5.2
TL 1790328519.453 366.7 3.2
TL 1790328519.553 123.2 2.0
TL 1790328519.653 80.8 2.1
TL 1790328519.753 236.7 4.0
TL 1790328519.853 200.7 2.8
TL 1790328519.953 185.8 2.0
TL 1790328520.054 221.3 2.2
TL 1790328520.157 3899.1 2.2
TL 1790328520.254 313.5 3.3
TL 1790328520.354 158.4 2.4
TL 1790328520.454 182.4 2.1
TL 1790328520.554 179.5 2.3
TL 1790328520.654 95.8 2.9
TL 1790328520.755 154.2 1.9
TL 1790328520.855 246.5 2.1
TL 1790328520.955 501.9 2.4
TL 1790328521.055 215.1 3.1
TL 1790328521.155 219.8 2.6
TL 1790328521.256 1087.7 2.1
TL 1790328521.355 216.2 2.6
TL 1790328521.456 137.9 1.9
TL 1790328521.556 579.2 2.0
TL 1790328521.656 202.9 1.9
TL 1790328521.756 314.5 3.3
TL 1790328521.856 385.9 4.1
TL 1790328521.956 157.9 1.9
TL 1790328522.056 177.8 1.6
TL 1790328522.156 163.2 1.8
TL 1790328522.256 97.6 2.4
TL 1790328522.359 2034.4 2.0
TL 1790328522.457 347.2 3.3
TL 1790328522.558 822.1 3.2
TL 1790328522.658 194.0 2.1
TL 1790328522.758 188.3 2.2
TL 1790328522.858 818.2 1.8
TL 1790328522.958 127.7 2.0
TL 1790328523.058 147.4 2.2
TL 1790328523.159 842.8 2.4
TL 1790328523.259 379.4 2.9
TL 1790328523.358 178.7 2.3
TL 1790328523.458 83.2 2.1
TL 1790328523.559 352.7 3.0
TL 1790328523.659 144.4 2.1
TL 1790328523.763 4236.9 1.9
TL 1790328523.860 838.7 7.0
TL 1790328523.959 226.6 2.2
TL 1790328524.060 294.1 2.0
TL 1790328524.160 133.9 2.4
TL 1790328524.260 898.9 2.0
TL 1790328524.360 361.3 3.0
TL 1790328524.460 219.0 2.1
TL 1790328524.560 291.1 2.1
TL 1790328524.660 153.7 3.1
TL 1790328524.761 338.1 2.1
TL 1790328524.860 105.4 1.9
TL 1790328524.961 140.4 2.0
TL 1790328525.062 1121.1 2.2
TL 1790328525.161 631.3 2.6
TL 1790328525.261 228.5 2.1
TL 1790328525.361 158.8 2.0
TL 1790328525.461 128.2 2.3
TL 1790328525.561 146.9 2.2
TL 1790328525.662 211.0 2.3
TL 1790328525.762 129.1 2.0
TL 1790328525.862 157.6 2.2
TL 1790328525.963 650.6 2.1
TL 1790328526.062 202.6 2.8
TL 1790328526.162 247.0 2.1
TL 1790328526.262 196.7 2.6
TL 1790328526.363 115.9 2.3
TL 1790328526.463 179.8 1.8
TL 1790328526.563 177.1 1.8
TL 1790328526.663 209.1 1.9
TL 1790328526.763 147.6 2.0
TL 1790328526.863 177.4 3.2
TL 1790328526.963 201.5 2.7
TL 1790328527.063 138.0 3.0
TL 1790328527.163 90.3 2.6
TL 1790328527.264 109.1 1.9
TL 1790328527.364 285.5 2.0
TL 1790328527.464 231.5 2.1
TL 1790328527.564 155.3 2.6
TL 1790328527.664 232.9 4.0
TL 1790328527.764 132.4 3.0
TL 1790328527.864 135.9 2.4
TL 1790328527.964 137.0 1.9
TL 1790328528.065 80.1 2.8
TL 1790328528.165 188.7 2.2
TL 1790328528.266 1243.1 2.1
TL 1790328528.365 121.2 1.8
TL 1790328528.465 111.3 2.1
TL 1790328528.565 221.2 3.5
TL 1790328528.666 909.5 3.4
TL 1790328528.766 236.7 2.7
TL 1790328528.866 162.2 2.1
TL 1790328528.966 103.6 2.2
TL 1790328529.066 166.0 2.2
TL 1790328529.167 524.4 2.2
TL 1790328529.266 129.1 2.2
TL 1790328529.366 136.3 2.0
TL 1790328529.467 266.2 2.3
TL 1790328529.567 618.1 3.2
TL 1790328529.667 167.9 2.2
TL 1790328529.767 223.5 1.9
TL 1790328529.867 109.6 2.4
TL 1790328529.967 377.8 2.1
TL 1790328530.067 134.8 2.4
TL 1790328530.167 130.7 2.3
TL 1790328530.268 194.0 2.5
TL 1790328530.368 77.9 2.4
TL 1790328530.468 358.7 2.3
TL 1790328530.568 240.5 4.8
TL 1790328530.669 171.6 2.1
TL 1790328530.769 186.1 2.1
TL 1790328530.869 451.7 2.1
TL 1790328530.969 153.2 3.0
TL 1790328531.070 308.8 3.8
TL 1790328531.170 186.5 2.0
TL 1790328531.270 198.9 2.0
TL 1790328531.370 142.3 2.2
TL 1790328531.470 149.9 2.1
TL 1790328531.570 72.2 2.2
TL 1790328531.671 574.1 2.5
TL 1790328531.770 141.2 2.2
TL 1790328531.871 247.9 2.6
TL 1790328531.971 115.1 2.5
TL 1790328532.071 195.3 2.4
TL 1790328532.171 296.7 2.0
TL 1790328532.271 141.2 2.2
TL 1790328532.372 682.6 4.2
TL 1790328532.472 159.4 2.4
TL 1790328532.572 384.9 2.5
TL 1790328532.672 296.9 2.3
TL 1790328532.773 833.3 2.1
TL 1790328532.872 124.7 2.0
TL 1790328532.973 199.5 1.8
TL 1790328533.073 139.3 2.0
TL 1790328533.173 143.4 1.8
TL 1790328533.273 213.4 2.8
TL 1790328533.373 123.8 2.6
TL 1790328533.474 652.4 3.0
TL 1790328533.574 203.0 1.9
TL 1790328533.674 204.1 2.8
TL 1790328533.774 199.4 2.6
TL 1790328533.874 153.9 2.0
TL 1790328533.974 115.2 2.0
TL 1790328534.075 138.1 2.0
TL 1790328534.175 156.3 2.1
TL 1790328534.275 317.3 3.7
TL 1790328534.375 271.1 2.9
TL 1790328534.475 174.5 2.1
TL 1790328534.575 111.8 2.2
TL 1790328534.676 197.8 3.4
TL 1790328534.777 1401.4 2.3
TL 1790328534.876 350.5 2.9
TL 1790328534.976 248.6 4.2
TL 1790328535.076 142.9 2.0
TL 1790328535.177 115.3 2.9
TL 1790328535.277 118.3 1.7
TL 1790328535.377 84.2 2.1
TL 1790328535.477 348.8 6.8
TL 1790328535.577 170.6 2.1
TL 1790328535.677 171.6 2.1
TL 1790328535.782 4323.2 3.1
TL 1790328535.878 497.8 3.2
TL 1790328535.978 204.2 2.1
TL 1790328536.078 174.3 2.0
TL 1790328536.178 195.9 2.1
TL 1790328536.278 251.1 2.1
TL 1790328536.379 430.1 3.4
TL 1790328536.479 359.7 3.6
TL 1790328536.579 123.5 2.1
TL 1790328536.679 196.0 2.8
TL 1790328536.779 232.4 5.8
TL 1790328536.879 135.9 1.8
TL 1790328536.980 348.9 2.2
TL 1790328537.080 290.3 4.3
TL 1790328537.181 460.7 3.1
TL 1790328537.281 113.5 2.0
TL 1790328537.382 289.4 3.9
TL 1790328537.482 175.8 1.9
TL 1790328537.582 154.3 2.1
TL 1790328537.684 2209.3 2.3
TL 1790328537.782 279.3 3.2
TL 1790328537.882 95.5 3.5
TL 1790328537.982 216.4 3.0
TL 1790328538.083 188.6 2.3
TL 1790328538.183 190.0 2.0
TL 1790328538.283 375.2 2.1
TL 1790328538.383 447.7 4.2
TL 1790328538.483 324.4 3.1
TL 1790328538.584 202.1 2.5
TL 1790328538.684 199.4 1.9
TL 1790328538.784 149.8 2.2
TL 1790328538.884 242.8 1.6
TL 1790328538.984 345.7 1.8
TL 1790328539.084 121.9 3.5
TL 1790328539.184 127.9 2.1
TL 1790328539.284 188.8 2.4
TL 1790328539.385 196.6 2.4
TL 1790328539.485 290.9 63.3
TL 1790328539.585 101.4 2.3
TL 1790328539.685 107.6 2.1
TL 1790328539.785 112.7 2.1
TL 1790328539.885 96.0 2.0
TL 1790328539.986 204.0 2.6
TL 1790328540.086 226.8 2.3
TL 1790328540.186 168.5 2.9
TL 1790328540.286 238.0 3.3
TL 1790328540.386 94.4 2.0
TL 1790328540.486 82.6 1.7
TL 1790328540.589 3168.2 1.7
TL 1790328540.687 308.1 3.0
TL 1790328540.787 123.9 3.1
TL 1790328540.887 164.3 2.5
TL 1790328540.987 245.3 2.1
TL 1790328541.087 161.9 1.6
TL 1790328541.187 167.8 2.1
TL 1790328541.287 86.4 2.3
TL 1790328541.394 6782.0 2.3
TL 1790328541.488 128.2 2.2
TL 1790328541.588 271.6 2.8
TL 1790328541.689 660.0 1.8
TL 1790328541.790 2082.2 2.6
TL 1790328541.890 204.5 2.3
TL 1790328541.990 253.4 3.3
TL 1790328542.092 2479.6 2.4
TL 1790328542.190 195.4 2.3
TL 1790328542.290 156.8 2.1
TL 1790328542.390 99.6 2.0
TL 1790328542.491 215.4 1.9
TL 1790328542.591 483.9 4.8
TL 1790328542.691 277.9 2.4
TL 1790328542.791 147.6 2.1
TL 1790328542.891 282.4 1.5
TL 1790328542.991 126.4 2.8
TL 1790328543.092 113.4 2.2
TL 1790328543.192 292.9 3.4
TL 1790328543.292 307.6 2.5
TL 1790328543.392 167.1 1.9
TL 1790328543.492 178.5 2.4
TL 1790328543.592 153.1 1.8
TL 1790328543.693 400.2 2.0
TL 1790328543.792 92.6 2.0
TL 1790328543.893 95.9 3.0
TL 1790328543.993 382.2 3.1
TL 1790328544.093 208.6 2.4
TL 1790328544.193 201.6 2.2
TL 1790328544.293 191.7 1.7
TL 1790328544.393 135.2 1.9
TL 1790328544.493 100.3 1.9
TL 1790328544.594 125.9 2.1
TL 1790328544.694 129.8 1.8
TL 1790328544.794 175.8 2.1
TL 1790328544.894 214.2 2.2
TL 1790328544.994 320.9 2.4
TL 1790328545.094 192.6 1.7
TL 1790328545.194 81.8 2.1
TL 1790328545.296 1591.6 2.5
TL 1790328545.395 247.0 4.7
TL 1790328545.495 448.7 3.5
TL 1790328545.595 302.4 50.7
TL 1790328545.695 148.4 1.9
TL 1790328545.795 134.4 2.2
TL 1790328545.896 283.9 2.2
TL 1790328545.997 1334.1 2.3
TL 1790328546.096 601.2 3.4
TL 1790328546.196 481.7 3.3
TL 1790328546.296 180.9 3.2
TL 1790328546.396 141.0 3.3
TL 1790328546.496 100.5 1.8
TL 1790328546.597 186.9 1.8
TL 1790328546.697 142.6 1.9
TL 1790328546.797 414.4 3.6
TL 1790328546.897 205.8 2.0
TL 1790328546.997 153.6 2.6
TL 1790328547.097 128.0 2.3
TL 1790328547.198 228.1 1.7
TL 1790328547.298 150.2 2.5
TL 1790328547.398 85.8 1.6
TL 1790328547.499 398.7 3.2
TL 1790328547.599 104.7 2.7
TL 1790328547.699 188.8 3.2
TL 1790328547.799 185.8 2.1
TL 1790328547.899 172.8 2.3
TL 1790328547.999 307.6 2.1
TL 1790328548.099 126.7 2.1
TL 1790328548.199 107.9 2.2
TL 1790328548.301 1242.4 2.3
TL 1790328548.400 479.5 2.8
TL 1790328548.500 281.7 2.8
TL 1790328548.600 95.0 2.1
TL 1790328548.700 193.6 2.1
TL 1790328548.800 121.3 1.9
TL 1790328548.900 125.8 2.3
TL 1790328549.001 121.1 3.4
TL 1790328549.102 1699.9 2.1
TL 1790328549.201 316.5 2.4
TL 1790328549.301 248.8 3.4
TL 1790328549.401 152.0 1.8
TL 1790328549.501 99.8 2.1
TL 1790328549.601 159.4 2.0
TL 1790328549.701 96.7 1.8
TL 1790328549.802 898.0 2.0
TL 1790328549.902 243.3 2.9
TL 1790328550.003 1105.3 3.4
TL 1790328550.102 91.6 2.8
TL 1790328550.202 157.7 3.3
TL 1790328550.302 244.3 1.9
TL 1790328550.402 214.9 3.3
TL 1790328550.503 374.7 1.8
TL 1790328550.603 375.7 4.1
TL 1790328550.703 401.8 2.3
TL 1790328550.803 141.8 3.1
TL 1790328550.904 303.9 3.3
TL 1790328551.004 191.9 1.8
TL 1790328551.104 75.9 2.1
TL 1790328551.206 2404.6 1.9
TL 1790328551.304 372.4 3.6
TL 1790328551.404 422.3 4.1
TL 1790328551.505 432.9 3.1
TL 1790328551.605 320.7 1.9
TL 1790328551.704 102.7 1.8
TL 1790328551.805 215.7 2.3
TL 1790328551.906 969.2 3.5
TL 1790328552.005 395.9 3.8
TL 1790328552.105 202.7 2.1
TL 1790328552.205 252.6 2.8
TL 1790328552.306 107.7 1.7
TL 1790328552.406 113.9 1.9
TL 1790328552.506 251.6 1.6
TL 1790328552.611 4657.6 2.4
TL 1790328552.707 262.0 2.5
TL 1790328552.807 176.2 2.0
TL 1790328552.907 217.7 4.6
TL 1790328553.007 134.2 2.1
TL 1790328553.107 166.8 2.1
TL 1790328553.207 178.3 1.9
TL 1790328553.307 202.8 2.1
TL 1790328553.408 892.9 2.3
TL 1790328553.508 335.5 3.6
TL 1790328553.608 392.3 4.6
TL 1790328553.708 314.5 3.2
TL 1790328553.809 197.1 3.5
TL 1790328553.909 113.4 1.9
TL 1790328554.009 485.6 2.1
TL 1790328554.109 119.4 3.0
TL 1790328554.209 209.4 2.0
TL 1790328554.309 188.5 2.6
TL 1790328554.410 208.5 134.8
TL 1790328554.510 247.3 2.6
TL 1790328554.610 168.8 2.8
TL 1790328554.710 665.3 1.9
TL 1790328554.822 11630.1 1.9
TL 1790328554.919 8656.0 2.2
TL 1790328555.010 263.9 1.9
TL 1790328555.110 141.1 3.3
TL 1790328555.211 239.8 2.0
TL 1790328555.311 210.1 2.4
TL 1790328555.411 182.5 1.7
TL 1790328555.511 130.0 2.0
TL 1790328555.611 295.3 2.0
TL 1790328555.711 253.6 3.5
TL 1790328555.812 462.4 3.1
TL 1790328555.912 231.3 2.1
TL 1790328556.012 244.5 3.6
TL 1790328556.112 187.1 2.7
TL 1790328556.212 195.6 1.6
TL 1790328556.312 113.5 2.2
TL 1790328556.414 1568.1 2.1
TL 1790328556.513 272.9 3.4
TL 1790328556.613 405.8 2.3
TL 1790328556.714 383.9 1.8
TL 1790328556.813 175.1 2.0
TL 1790328556.914 235.2 2.6
TL 1790328557.014 157.0 2.1
TL 1790328557.114 257.9 2.0
TL 1790328557.219 5074.7 2.2
TL 1790328557.316 2416.5 2.6
TL 1790328557.414 139.0 3.1
TL 1790328557.514 90.9 3.7
TL 1790328557.614 131.8 2.5
TL 1790328557.715 146.8 1.8
TL 1790328557.815 272.5 2.3
TL 1790328557.915 91.6 1.7
TL 1790328558.015 144.9 2.6
TL 1790328558.115 117.8 2.4
TL 1790328558.215 341.0 1.9
TL 1790328558.315 161.8 2.1
TL 1790328558.416 206.3 2.3
TL 1790328558.516 261.9 2.0
TL 1790328558.616 235.7 2.1
TL 1790328558.716 156.8 13.9
TL 1790328558.816 392.4 2.4
TL 1790328558.916 147.6 1.6
TL 1790328559.016 155.1 2.1
TL 1790328559.117 430.6 3.6
TL 1790328559.217 236.4 2.4
TL 1790328559.317 202.5 2.1
TL 1790328559.417 353.9 2.0
TL 1790328559.517 255.3 1.9
TL 1790328559.620 2307.6 1.9
TL 1790328559.717 92.2 2.9
TL 1790328559.817 94.0 2.1
TL 1790328559.918 422.6 1.5
TL 1790328560.018 99.8 2.3
TL 1790328560.118 227.2 2.3
TL 1790328560.218 194.3 1.6
TL 1790328560.318 205.8 1.8
TL 1790328560.418 123.8 1.8
TL 1790328560.518 245.6 2.1
TL 1790328560.619 157.2 2.7
TL 1790328560.719 213.1 2.1
TL 1790328560.819 259.1 4.9
TL 1790328560.919 530.8 4.0
TL 1790328561.019 193.2 2.1
TL 1790328561.119 218.1 2.1
TL 1790328561.219 86.8 1.4
TL 1790328561.321 1861.5 2.0
TL 1790328561.420 228.3 2.2
TL 1790328561.520 373.0 2.0
TL 1790328561.620 414.4 3.7
TL 1790328561.720 224.1 1.7
TL 1790328561.820 205.3 2.4
TL 1790328561.921 158.9 2.1
TL 1790328562.021 184.9 1.8
TL 1790328562.125 4233.6 2.1
TL 1790328562.221 155.8 1.9
TL 1790328562.322 859.9 2.6
TL 1790328562.421 91.9 2.9
TL 1790328562.521 69.6 2.3
TL 1790328562.622 243.0 1.6
TL 1790328562.722 98.6 1.9
TL 1790328562.822 326.4 2.3
TL 1790328562.924 1757.6 2.0
TL 1790328563.022 194.8 1.9
TL 1790328563.122 252.7 1.8
TL 1790328563.222 214.2 1.8
TL 1790328563.323 236.3 2.6
TL 1790328563.423 104.3 1.8
TL 1790328563.523 153.6 2.0
TL 1790328563.624 142.7 2.2
TL 1790328563.724 510.6 1.7
TL 1790328563.824 243.8 2.3
TL 1790328563.924 132.0 2.0
TL 1790328564.024 345.4 2.6
TL 1790328564.124 150.3 1.8
TL 1790328564.224 114.3 1.1
TL 1790328564.325 291.1 2.1
TL 1790328564.425 195.4 1.9
TL 1790328564.525 182.6 2.1
TL 1790328564.625 126.8 1.8
TL 1790328564.725 157.3 1.4
TL 1790328564.825 370.3 2.6
TL 1790328564.925 161.6 2.2
TL 1790328565.026 915.2 2.0
TL 1790328565.126 132.3 2.2
TL 1790328565.226 169.0 1.8
TL 1790328565.326 144.0 3.1
TL 1790328565.426 248.9 2.9
TL 1790328565.526 199.3 2.7
TL 1790328565.627 195.2 2.2
TL 1790328565.727 178.7 1.9
TL 1790328565.834 6989.8 2.3
TL 1790328565.927 320.4 2.8
TL 1790328566.027 256.5 2.5
TL 1790328566.127 177.0 2.2
TL 1790328566.227 113.3 1.6
TL 1790328566.327 224.8 1.9
TL 1790328566.427 77.5 2.0
TL 1790328566.530 2845.2 2.0
TL 1790328566.628 428.6 4.2
TL 1790328566.728 250.3 1.3
TL 1790328566.828 183.2 2.2
TL 1790328566.928 160.2 1.8
TL 1790328567.028 196.6 2.3
TL 1790328567.129 566.7 1.7
TL 1790328567.230 1705.9 1.6
TL 1790328567.329 129.4 2.0
TL 1790328567.429 186.1 2.5
TL 1790328567.529 123.1 1.7
TL 1790328567.629 234.2 1.9
TL 1790328567.730 586.0 1.8
TL 1790328567.830 237.4 3.1
TL 1790328567.930 172.8 1.5
TL 1790328568.030 380.1 2.0
TL 1790328568.133 2958.1 2.7
TL 1790328568.231 576.7 2.3
TL 1790328568.331 341.0 5.2
TL 1790328568.431 142.8 1.9
TL 1790328568.531 303.7 3.4
TL 1790328568.631 109.1 2.1
TL 1790328568.731 207.3 2.0
TL 1790328568.831 285.4 2.3
TL 1790328568.932 245.7 3.2
TL 1790328569.032 247.0 1.9
TL 1790328569.133 447.4 3.1
TL 1790328569.233 422.2 2.0
TL 1790328569.333 226.3 2.4
TL 1790328569.433 129.5 1.9
TL 1790328569.533 132.0 2.1
TL 1790328569.633 101.4 2.2
TL 1790328569.733 151.3 2.0
TL 1790328569.833 97.9 2.0
TL 1790328569.934 266.5 2.3
TL 1790328570.034 216.2 2.8
TL 1790328570.134 126.6 3.0
TL 1790328570.234 342.7 2.0
TL 1790328570.334 209.0 1.9
TL 1790328570.434 173.2 3.5
TL 1790328570.534 156.9 1.8
TL 1790328570.634 152.5 2.0
TL 1790328570.735 276.1 1.3
TL 1790328570.835 150.6 2.7
TL 1790328570.935 357.5 2.0
TL 1790328571.035 213.7 2.2
TL 1790328571.135 256.6 2.4
TL 1790328571.235 233.5 1.5
TL 1790328571.335 211.8 1.6
TL 1790328571.436 297.5 2.9
TL 1790328571.536 135.7 1.9
TL 1790328571.636 96.0 2.8
TL 1790328571.736 302.7 2.4
TL 1790328571.836 391.4 64.2
TL 1790328571.936 143.8 2.3
TL 1790328572.036 289.0 2.2
TL 1790328572.136 128.1 2.0
TL 1790328572.239 2929.5 2.8
TL 1790328572.337 201.9 4.1
TL 1790328572.437 285.7 3.4
TL 1790328572.537 188.5 2.5
TL 1790328572.637 95.8 2.5
TL 1790328572.737 84.9 1.4
TL 1790328572.837 320.3 3.5
TL 1790328572.938 397.2 4.5
TL 1790328573.038 200.8 2.6
TL 1790328573.138 224.4 2.0
TL 1790328573.238 355.2 1.2
TL 1790328573.338 521.8 4.3
TL 1790328573.438 303.6 4.3
TL 1790328573.538 293.1 3.2
TL 1790328573.639 385.6 3.1
TL 1790328573.739 333.1 2.3
TL 1790328573.839 207.6 3.2
TL 1790328573.939 184.4 2.4
TL 1790328574.039 179.8 2.7
TL 1790328574.139 529.6 4.3
TL 1790328574.241 1525.3 1.9
TL 1790328574.339 123.9 1.9
TL 1790328574.439 121.8 4.0
TL 1790328574.540 261.5 3.9
TL 1790328574.640 85.9 3.1
TL 1790328574.740 123.8 1.7
TL 1790328574.840 505.4 3.6
TL 1790328574.940 293.2 3.6
TL 1790328575.040 283.6 3.8
TL 1790328575.143 2404.7 3.6
TL 1790328575.241 443.8 2.3
TL 1790328575.341 454.1 4.0
TL 1790328575.441 219.9 3.2
TL 1790328575.541 370.2 3.7
TL 1790328575.641 282.8 3.7
TL 1790328575.741 191.1 2.3
TL 1790328575.842 573.1 1.9
TL 1790328575.942 159.5 2.9
TL 1790328576.042 361.5 5.0
TL 1790328576.142 346.5 3.0
TL 1790328576.242 258.1 2.1
TL 1790328576.342 385.3 3.4
TL 1790328576.443 294.0 2.0
TL 1790328576.543 154.3 2.3
TL 1790328576.643 374.2 2.8
TL 1790328576.743 188.4 1.4
TL 1790328576.843 157.2 1.9
TL 1790328576.943 227.3 2.3
TL 1790328577.043 105.5 3.3
TL 1790328577.144 266.2 2.6
TL 1790328577.244 173.1 1.5
TL 1790328577.344 416.0 4.1
TL 1790328577.445 765.8 3.7
TL 1790328577.544 518.0 6.6
TL 1790328577.644 408.7 3.8
TL 1790328577.744 148.9 1.5
TL 1790328577.845 365.3 3.7
TL 1790328577.945 179.8 2.9
TL 1790328578.045 373.9 4.5
TL 1790328578.145 120.7 2.6
TL 1790328578.246 308.3 1.9
TL 1790328578.346 341.4 3.8
TL 1790328578.446 235.8 3.4
TL 1790328578.546 215.0 2.6
TL 1790328578.646 371.8 1.9
TL 1790328578.746 234.5 1.5
TL 1790328578.847 474.8 3.0
TL 1790328578.947 342.1 3.7
TL 1790328579.047 398.4 4.3
TL 1790328579.147 272.8 4.2
TL 1790328579.247 171.8 1.8
TL 1790328579.348 137.3 2.9
TL 1790328579.448 120.1 3.0
TL 1790328579.548 195.8 2.0
TL 1790328579.648 602.0 2.9
TL 1790328579.748 290.5 0.9
TL 1790328579.848 255.1 3.5
TL 1790328579.948 218.8 3.1
TL 1790328580.048 117.4 2.1
TL 1790328580.149 316.6 3.7
TL 1790328580.249 249.4 1.9
TL 1790328580.349 236.9 2.9
TL 1790328580.449 362.5 4.4
TL 1790328580.550 291.8 4.3
TL 1790328580.650 199.6 2.5
TL 1790328580.750 159.6 1.6
TL 1790328580.850 121.1 1.8
TL 1790328580.950 196.0 3.1
TL 1790328581.050 342.6 3.6
TL 1790328581.151 202.6 2.3
TL 1790328581.251 148.2 1.6
TL 1790328581.351 223.3 2.4
TL 1790328581.451 302.2 4.7
TL 1790328581.551 251.6 4.2
TL 1790328581.652 297.1 2.6
TL 1790328581.752 173.5 1.8
TL 1790328581.852 111.4 4.2
TL 1790328581.952 130.3 3.6
TL 1790328582.052 169.3 2.8
TL 1790328582.152 446.1 3.9
TL 1790328582.253 374.8 1.5
TL 1790328582.353 249.1 3.2
TL 1790328582.453 134.3 3.8
TL 1790328582.553 218.3 3.1
TL 1790328582.653 227.8 2.9
TL 1790328582.753 146.7 1.5
TL 1790328582.853 332.3 4.5
TL 1790328582.953 126.1 2.1
TL 1790328583.054 361.7 3.3
TL 1790328583.154 814.3 3.9
TL 1790328583.254 363.6 1.7
TL 1790328583.354 280.5 2.2
TL 1790328583.454 289.5 3.5
TL 1790328583.554 137.6 4.4
TL 1790328583.655 102.9 2.0
TL 1790328583.755 277.2 2.0
TL 1790328583.856 903.9 4.0
TL 1790328583.956 504.7 217.9
TL 1790328584.058 2731.2 2.1
TL 1790328584.156 157.7 2.9
TL 1790328584.256 132.9 2.5
TL 1790328584.356 281.9 3.3
TL 1790328584.456 142.4 2.8
TL 1790328584.557 354.1 3.2
TL 1790328584.658 941.9 3.2
TL 1790328584.757 151.2 1.9
TL 1790328584.857 276.9 3.1
TL 1790328584.961 3515.1 2.0
TL 1790328585.057 159.0 2.6
TL 1790328585.157 109.4 1.7
TL 1790328585.257 115.7 1.4
TL 1790328585.358 95.9 3.5
TL 1790328585.458 227.6 2.9
TL 1790328585.558 170.4 2.8
TL 1790328585.658 302.7 2.0
TL 1790328585.758 138.1 2.2
TL 1790328585.858 232.3 2.1
TL 1790328585.958 118.7 2.4
TL 1790328586.059 223.1 2.2
TL 1790328586.159 105.3 3.2
TL 1790328586.259 104.8 1.1
TL 1790328586.359 72.9 2.0
TL 1790328586.459 131.9 3.5
TL 1790328586.559 82.7 2.6
TL 1790328586.661 1873.9 2.9
TL 1790328586.760 301.2 1.7
TL 1790328586.860 571.6 3.3
TL 1790328586.960 444.2 2.3
TL 1790328587.061 408.3 2.4
TL 1790328587.160 176.9 1.9
TL 1790328587.261 121.8 1.7
TL 1790328587.361 616.5 2.1
TL 1790328587.461 738.0 2.3
TL 1790328587.561 120.8 2.9
TL 1790328587.662 133.9 3.1
TL 1790328587.762 272.6 2.1
TL 1790328587.862 181.1 3.0
TL 1790328587.962 131.0 2.9
TL 1790328588.062 148.3 2.6
TL 1790328588.162 166.4 2.2
TL 1790328588.262 87.8 2.0
TL 1790328588.363 273.9 3.5
TL 1790328588.463 187.5 3.1
TL 1790328588.563 611.8 2.6
TL 1790328588.663 105.6 3.1
TL 1790328588.763 109.6 1.2
TL 1790328588.863 113.7 1.5
TL 1790328588.963 128.0 2.7
TL 1790328589.064 102.7 2.9
TL 1790328589.164 141.2 3.2
TL 1790328589.264 109.6 1.6
TL 1790328589.364 161.4 2.6
TL 1790328589.464 86.7 1.8
TL 1790328589.566 1832.8 3.2
TL 1790328589.665 104.6 2.8
TL 1790328589.765 143.0 1.4
TL 1790328589.865 592.3 3.2
TL 1790328589.965 96.7 3.5
TL 1790328590.065 177.7 2.2
TL 1790328590.166 604.1 2.4
TL 1790328590.265 136.9 1.9
TL 1790328590.366 174.0 2.7
TL 1790328590.466 145.1 2.1
TL 1790328590.566 111.7 3.3
TL 1790328590.666 253.7 2.1
TL 1790328590.767 375.3 2.7
TL 1790328590.867 365.5 4.3
TL 1790328590.967 127.3 2.2
TL 1790328591.067 117.9 3.2
TL 1790328591.167 109.4 2.4
TL 1790328591.267 135.8 2.0
TL 1790328591.367 161.7 1.8
TL 1790328591.468 404.1 2.9
TL 1790328591.568 90.2 3.2
TL 1790328591.668 488.1 3.4
TL 1790328591.768 191.2 2.1
TL 1790328591.868 195.4 3.2
TL 1790328591.969 335.1 4.3
TL 1790328592.069 303.0 4.4
TL 1790328592.169 227.8 2.9
TL 1790328592.269 137.8 1.0
TL 1790328592.369 108.9 2.4
TL 1790328592.469 310.1 5.3
TL 1790328592.570 186.3 4.7
TL 1790328592.670 303.6 4.1
TL 1790328592.770 174.2 1.6
TL 1790328592.870 311.4 3.6
TL 1790328592.970 111.7 1.8
TL 1790328593.071 351.1 3.7
TL 1790328593.171 327.4 3.9
TL 1790328593.271 311.8 2.6
TL 1790328593.371 102.2 4.1
TL 1790328593.472 222.9 3.5
TL 1790328593.572 107.7 1.7
TL 1790328593.672 343.5 2.7
TL 1790328593.772 576.5 1.7
TL 1790328593.872 328.9 3.7
TL 1790328593.973 215.7 3.5
TL 1790328594.074 1281.1 1.5
TL 1790328594.173 240.7 1.9
