1790361670.947252913  433658 1003605
1790361673.354264110       0       0
1790361675.627129109   61012 1003152
1790361677.895731452       0       0
1790361680.149772024       0       0
1790361682.391317128       0       0
1790361684.639462752       0       0
1790361686.899508688       0       0
1790361689.138870927       0       0
1790361691.377586291       0       0
1790361693.636194467       0       0
1790361695.906360039   51456 1002960
1790361698.148341393       0       0
1790361700.425690975   53592 1002593
1790361702.694545870   61888 1003040
1790361704.970872067   52207 1002805
1790361707.340000712   59038 1002701
1790361709.636646336   56450 1002643
1790361711.915183002   61236 1002936
1790361714.186302063   58710 1002488
1790361716.457394042       0       0
1790361718.722542218   63091 1002464
1790361720.981629665   72227 1002609
1790361723.253998102   70233 1002970
1790361725.520541278   68594 1002804
1790361727.792152996   67334 1002676
1790361730.046925078   63532 1003121
1790361732.344552421   66639 1002979
1790361734.596758827   69351 1002696
1790361736.859284138   66732 1002728
1790361739.117421637   70509 1002784
1790361741.498777678   65531 1002679
1790361743.764845750   63069 1002723
1790361746.060811739   64342 1002884
1790361748.330462050   60314 1002856
1790361750.600896685   56403 1002637
1790361752.868064080   54176 1002527
1790361755.155155485       0       0
1790361757.424339234   54218 1002621
1790361759.698710588   56655 1002746
1790361761.984172879   55353 1002643
1790361764.257192305   59677 1002597
1790361766.531638346   50387 1002759
1790361768.798669699       0       0
1790361771.053001104   65232 1002701
1790361773.313664072   49555 1002701
1790361775.689956988   56942 1002320
1790361777.942228341   60993 1002595
1790361780.218573497   59382 1002484
1790361782.484439902   51914 1002592
1790361784.770210578   53371 1002944
1790361787.015385473   57570 1002463
1790361789.283697243   57898 1002621
1790361791.588493649       0       0
1790361793.844530783   55658 1002519
1790361796.125514636   54147 1002612
1790361798.407296354   57089 1002610
1790361800.674178697   48631 1002893
1790361802.943673748   60158 1003083
1790361805.218404685   46655 1002996
1790361807.490544632   63965 1002789
1790361809.890916610   59932 1002518
1790361812.155933224   59932 1002518
1790361814.418448431   60572 1002564
1790361816.682366556   49293 1002691
1790361818.931650305   64192 1002582
1790361821.176569262   42653 1002980
1790361823.432439366   48085 1002717
1790361825.682585979   42300 1002887
1790361827.965598947       0       0
1790361830.226054207   54951 1002817
1790361832.497396237   50249 1002624
1790361834.753779205   49398 1002698
1790361837.034326444   45893 1002614
1790361839.305989203       0       0
1790361841.567597432       0       0
1790361843.959267222       0       0
1790361846.220196076       0       0
1790361848.506008054       0       0
1790361850.819232324       0       0
