1790130549.295723975  487923 1003275
1790130551.770627307       0       0
1790130554.062872671  104394 1003412
1790130556.335816941   78265 1003056
1790130558.593062044   84050 1003392
1790130560.901356627   77953 1003224
1790130563.197492772   79135 1003162
1790130565.501567927   71506 1003111
1790130567.803044593   86523 1003050
1790130570.062773134   84066 1002924
1790130572.314901570   61877 1003014
1790130574.569380267       0       0
1790130576.860529537       0       0
1790130579.147266828       0       0
1790130581.400325994       0       0
1790130583.706281722       0       0
1790130586.211115419   58183 1002841
1790130588.547595262   77001 1003078
1790130590.875305626   60113 1002940
1790130593.136100573       0       0
1790130595.420234843       0       0
1790130597.744614634  154005 1002990
1790130600.035485726       0       0
1790130602.439094580  116365 1002567
1790130604.969245360   80130 1002934
1790130607.275559786   85148 1003063
1790130609.562379577       0       0
1790130611.894535670       0       0
1790130614.301328742       0       0
1790130616.668788428       0       0
1790130619.025113115       0       0
1790130621.604810770       0       0
1790130624.014519415       0       0
1790130626.470362279       0       0
1790130628.844316809   60977 1002530
1790130631.246101027       0       0
1790130633.599482328       0       0
1790130635.990346390       0       0
1790130638.343732170       0       0
1790130640.691694044       0       0
1790130643.109633887   74525 1002348
1790130645.510816438       0       0
1790130647.912576229       0       0
1790130650.331162791   82129 1003172
1790130652.757363779       0       0
1790130655.217668935   62869 1002846
1790130657.802867944       0       0
1790130660.203213047       0       0
1790130662.587393203   56373 1002454
1790130664.965012733       0       0
1790130667.353622263       0       0
1790130669.685702575       0       0
1790130672.048080647       0       0
1790130674.456752000       0       0
1790130676.808950697   61604 1002486
1790130679.211362415       0       0
1790130681.572030279   52350 1002718
1790130683.956027205       0       0
1790130686.327897725   56469 1002615
1790130688.682924443       0       0
1790130691.064984077       0       0
1790130694.033473139   54772 1002616
1790130697.438996262       0       0
1790130699.796282199   54190 1002309
1790130702.173934646       0       0
1790130704.544763395   63138 1002288
1790130706.930741988       0       0
1790130709.305033966   57296 1002650
1790130711.643367871       0       0
1790130714.008209121   53200 1003151
1790130716.363747245       0       0
1790130718.713532244       0       0
1790130721.076702920       0       0
1790130723.452346044   57199 1002366
1790130725.791517345       0       0
1790130728.124277813       0       0
1790130730.622576666       0       0
1790130732.977868228       0       0
1790130735.341926404   65407 1002339
1790130737.686262601       0       0
1790130740.023904267       0       0
1790130742.388581610       0       0
1790130744.729026765       0       0
1790130747.073601972   70055 1002346
1790130749.411615878       0       0
1790130752.087410252       0       0
1790130754.591612595   63057 1002763
1790130756.917845927       0       0
1790130759.270487489       0       0
1790130761.605359727   59823 1002674
1790130763.934043164       0       0
1790130766.489045298       0       0
1790130768.835478891   58233 1002451
1790130771.211118161       0       0
1790130773.563529254       0       0
1790130775.904862951   64197 1002323
1790130778.264468731       0       0
1790130780.617779199       0       0
1790130783.220794719       0       0
1790130785.706775395   63767 1002482
1790130788.297952946       0       0
1790130790.948124091       0       0
1790130793.586289663   55910 1002508
1790130796.225034297       0       0
1790130798.810307630       0       0
1790130801.261064035   53693 1002404
1790130803.848708409       0       0
1790130806.277033877       0       0
1790130808.730071636       0       0
1790130811.307180229       0       0
1790130814.004221062       0       0
1790130816.695376217       0       0
1790130819.275346164   61961 1002608
1790130821.809094392       0       0
1790130824.244829912       0       0
1790130826.677633348       0       0
1790130829.115295118       0       0
1790130831.673644232   47201 1002732
1790130834.236463918       0       0
1790130836.769336886       0       0
1790130839.423517562       0       0
1790130842.270411311       0       0
1790130844.747100946   54086 1002629
1790130847.211675424       0       0
1790130849.670440996       0       0
1790130852.159475057       0       0
1790130854.652743546       0       0
1790130857.133383181       0       0
1790130859.636476305       0       0
1790130862.115730835       0       0
1790130864.562951251       0       0
1790130867.039169323   62891 1002338
1790130869.569695572       0       0
1790130872.169096664       0       0
1790130874.668049632  150261 1002846
1790130877.107426298       0       0
1790130879.742538953   96882 1002727
1790130882.169099004       0       0
1790130884.597168587       0       0
1790130887.043642127       0       0
1790130889.503465512       0       0
1790130892.076230198       0       0
1790130894.650128114       0       0
