1790327952.719574995  339341 1003737
1790327955.128870723       0       0
1790327957.430391816       0       0
1790327959.745943950   40833 1003052
1790327961.982422126       0       0
1790327964.215649886       0       0
1790327966.450992489       0       0
1790327968.696779884       0       0
1790327970.920106811       0       0
1790327973.136924726       0       0
1790327975.381060455       0       0
1790327977.673682277       0       0
1790327979.914641807       0       0
1790327982.158513785   88769 1003072
1790327984.456899305   41106 1002557
1790327986.832671596   56409 1002600
1790327989.250364929   58694 1002640
1790327991.582572896   65529 1002633
1790327993.884050031   65756 1002954
1790327996.171864718   64993 1002739
1790327998.479633675   49812 1002418
1790328000.740873622   65322 1002437
1790328003.009665288   64703 1002567
1790328005.248164089   66670 1002606
1790328007.516514349   63040 1002661
1790328009.799096223   62507 1002236
1790328012.097277680   66337 1002831
1790328014.435315283   64959 1002768
1790328016.732219762   55486 1002341
1790328019.037702834   63388 1002777
1790328021.426619708   62355 1002762
1790328023.913996165   67330 1002647
1790328026.236343508   54183 1002468
1790328028.547499966   67859 1002645
1790328030.855139808   52852 1002512
1790328033.189181683   73610 1002753
1790328035.482624182       0       0
1790328037.781318920   64845 1002840
1790328040.132325170   51739 1002785
1790328042.420174960   64459 1002581
1790328044.742744803   70234 1002861
1790328047.072549073   64543 1002564
1790328049.389595322   61552 1002495
1790328051.723147248   60917 1002673
1790328054.042544695   54850 1002637
1790328056.357808705   64426 1002602
1790328058.869481464   55304 1002732
1790328061.202089016   59972 1003043
1790328063.506086463   56058 1002673
1790328065.856512347   57325 1002875
1790328068.158240211   64692 1002765
1790328070.479111929   68135 1002730
1790328072.822942917   67120 1002930
1790328075.140140729   67061 1002378
1790328077.436651145   59481 1002575
1790328079.742841977   51118 1002505
1790328082.001716716   47987 1002871
1790328084.263644059   56539 1002549
1790328086.597508329   65573 1002890
1790328088.897330203   60688 1002650
1790328091.204532285   66767 1002855
1790328093.676291087   69134 1002900
1790328095.964718950   66163 1002568
1790328098.232750772   57421 1002640
1790328100.532950407   60783 1002733
1790328102.836340198   61687 1002621
1790328105.128537384   59459 1002574
1790328107.437377071   58031 1002716
1790328109.760848424   57082 1002454
1790328112.059480090       0       0
1790328114.375290558   66951 1002538
1790328116.641469307   66794 1002508
1790328118.865593421   45611 1002805
1790328121.120531701       0       0
1790328123.439380606       0       0
1790328125.767151804       0       0
1790328128.260437480       0       0
1790328130.590397375       0       0
1790328132.964106801       0       0
