0001 014a 00000001
0001 0145 00000001
0003 0039 00000cea
0003 0035 00014997
0003 0036 0003085e
0000 0000 00000000
0003 0035 00014a9d
0003 0036 00030563
0000 0000 00000000
0003 0035 00014b4c
0003 0036 000301ba
0000 0000 00000000
0003 0035 00014ae8
0003 0036 0002fb22
0000 0000 00000000
0003 0035 000149bc
0003 0036 0002ef38
0000 0000 00000000
0003 0035 00014771
0003 0036 0002dcb7
0000 0000 00000000
0003 0035 000144a8
0003 0036 0002c5c4
0000 0000 00000000
0003 0035 0001441f
0003 0036 0002b1d8
0000 0000 00000000
0003 0035 000143e0
0003 0036 0002a319
0000 0000 00000000
0003 0035 000143ed
0003 0036 00029948
0000 0000 00000000
0003 0035 00014483
0003 0036 00029547
0000 0000 00000000
0003 0035 00014525
0003 0036 00029379
0000 0000 00000000
0003 0035 0001462c
0003 0036 0002908b
0000 0000 00000000
0003 0035 000146f4
0003 0036 00028cd5
0000 0000 00000000
0003 0035 00014758
0003 0036 0002851e
0000 0000 00000000
0003 0035 0001486b
0003 0036 00027b7f
0000 0000 00000000
0003 0035 000149b0
0003 0036 00026dd3
0000 0000 00000000
0003 0035 00014c3a
0003 0036 00025ed6
0000 0000 00000000
0003 0035 00014f28
0003 0036 00024e93
0000 0000 00000000
0003 0035 00015329
0003 0036 00023d57
0000 0000 00000000
0003 0035 00015894
0003 0036 00022c4c
0000 0000 00000000
0003 0035 00015e32
0003 0036 00021bb2
0000 0000 00000000
0003 0035 0001641a
0003 0036 00020cb5
0000 0000 00000000
0003 0035 00016954
0003 0036 0002019f
0000 0000 00000000
0003 0035 00016ccb
0003 0036 0001fa1a
0000 0000 00000000
0003 0035 00016e81
0003 0036 0001f6e1
0000 0000 00000000
0003 0035 00016f55
0003 0036 0001f5ce
0000 0000 00000000
0003 0039 ffffffff
0001 014a 00000000
0001 0145 00000000
0000 0000 00000000
0001 014a 00000001
0001 0145 00000001
0003 0039 00000ceb
0003 0035 00014519
0003 0036 000328e3
0000 0000 00000000
0003 0035 000144a8
0003 0036 0003235e
0000 0000 00000000
0003 0035 00014269
0003 0036 00031c4a
0000 0000 00000000
0003 0035 00013ff8
0003 0036 000312f6
0000 0000 00000000
0003 0035 00013d17
0003 0036 0003066a
0000 0000 00000000
0003 0035 0001384e
0003 0036 0002f0d5
0000 0000 00000000
0003 0035 000132d6
0003 0036 0002dab6
0000 0000 00000000
0003 0035 00013071
0003 0036 0002c6d7
0000 0000 00000000
0003 0035 00012fcf
0003 0036 0002b6ec
0000 0000 00000000
0003 0035 00012fc2
0003 0036 0002a9c9
0000 0000 00000000
0003 0036 00029fec
0000 0000 00000000
0003 0035 0001304c
0003 0036 00029899
0000 0000 00000000
0003 0035 0001308a
0003 0036 00029065
0000 0000 00000000
0003 0035 00013058
0003 0036 00028818
0000 0000 00000000
0003 0035 000130e2
0003 0036 00027e22
0000 0000 00000000
0003 0035 000131e8
0003 0036 0002726a
0000 0000 00000000
0003 0035 0001341b
0003 0036 000265c5
0000 0000 00000000
0003 0035 0001379f
0003 0036 00025832
0000 0000 00000000
0003 0035 00013b48
0003 0036 00024a60
0000 0000 00000000
0003 0035 00013f0b
0003 0036 00023bae
0000 0000 00000000
0003 0035 00014412
0003 0036 00022db7
0000 0000 00000000
0003 0035 00014a91
0003 0036 00022137
0000 0000 00000000
0003 0035 00015128
0003 0036 0002169e
0000 0000 00000000
0003 0035 00015568
0003 0036 00020e90
0000 0000 00000000
0003 0035 000157f2
0003 0036 000209ba
0000 0000 00000000
0003 0039 ffffffff
0001 014a 00000000
0001 0145 00000000
0000 0000 00000000
0001 014a 00000001
0001 0145 00000001
0003 0039 00000cec
0003 0035 00012aed
0003 0036 00025825
0000 0000 00000000
0003 0035 000129b4
0003 0036 00025c97
0000 0000 00000000
0003 0035 000128c7
0003 0036 000261f6
0000 0000 00000000
0003 0035 0001284a
0003 0036 00026868
0000 0000 00000000
0003 0035 00012743
0003 0036 00027083
0000 0000 00000000
0003 0035 0001252a
0003 0036 00027bbe
0000 0000 00000000
0003 0035 00012336
0003 0036 00028895
0000 0000 00000000
0003 0035 00012022
0003 0036 00029d24
0000 0000 00000000
0003 0035 00011dd7
0003 0036 0002b167
0000 0000 00000000
0003 0035 00011cc4
0003 0036 0002c3d0
0000 0000 00000000
0003 0035 00011bb1
0003 0036 0002d5d4
0000 0000 00000000
0003 0035 00011b34
0003 0036 0002e5bf
0000 0000 00000000
0003 0035 00011c15
0003 0036 0002f2c9
0000 0000 00000000
0003 0035 00011d0f
0003 0036 0002fdac
0000 0000 00000000
0003 0035 00011e2e
0003 0036 000305d4
0000 0000 00000000
0003 0035 00011e79
0003 0036 00030c20
0000 0000 00000000
0003 0035 00011f73
0003 0036 000311be
0000 0000 00000000
0003 0035 0001207a
0003 0036 00031823
0000 0000 00000000
0003 0035 0001222f
0003 0036 0003224b
0000 0000 00000000
0003 0035 000124ad
0003 0036 00032d9f
0000 0000 00000000
0003 0035 0001278e
0003 0036 000338a8
0000 0000 00000000
0003 0035 00012b44
0003 0036 00034398
0000 0000 00000000
0003 0035 0001300d
0003 0036 00034eba
0000 0000 00000000
0003 0035 000134fc
0003 0036 00035a02
0000 0000 00000000
0003 0035 00013a8d
0003 0036 0003641d
0000 0000 00000000
0003 0035 00013fd3
0003 0036 00036bfa
0000 0000 00000000
0003 0035 000145bb
0003 0036 00037291
0000 0000 00000000
0003 0039 ffffffff
0001 014a 00000000
0001 0145 00000000
0000 0000 00000000
0001 014a 00000001
0001 0145 00000001
0003 0039 00000ced
0003 0035 00013afd
0003 0036 00033770
0000 0000 00000000
0003 0035 000138f0
0003 0036 00033405
0000 0000 00000000
0003 0035 000136fc
0003 0036 00032f3c
0000 0000 00000000
0003 0035 00013472
0003 0036 000327dc
0000 0000 00000000
0003 0035 0001321a
0003 0036 00031dda
0000 0000 00000000
0003 0035 00012f9d
0003 0036 00031247
0000 0000 00000000
0003 0035 00012bce
0003 0036 0002ff62
0000 0000 00000000
0003 0035 00012a31
0003 0036 0002ec25
0000 0000 00000000
0003 0035 000128ec
0003 0036 0002dc08
0000 0000 00000000
0003 0035 0001275c
0003 0036 0002cfa1
0000 0000 00000000
0003 0035 0001266f
0003 0036 0002c5f6
0000 0000 00000000
0003 0035 000126a1
0003 0036 0002bec8
0000 0000 00000000
0003 0035 0001280b
0003 0036 0002b937
0000 0000 00000000
0003 0035 000129cd
0003 0036 0002b34f
0000 0000 00000000
0003 0035 00012ba8
0003 0036 0002ad0f
0000 0000 00000000
0003 0035 00012d77
0003 0036 0002a71a
0000 0000 00000000
0003 0035 00012f2c
0003 0036 0002a195
0000 0000 00000000
0003 0035 00013026
0003 0036 00029cd9
0000 0000 00000000
0003 0035 0001308a
0003 0036 0002990a
0000 0000 00000000
0003 0035 0001304c
0003 0036 000295ea
0000 0000 00000000
0003 0035 000130b0
0003 0036 000292ca
0000 0000 00000000
0003 0035 00013146
0003 0036 00028ea3
0000 0000 00000000
0003 0035 0001321a
0003 0036 000288ed
0000 0000 00000000
0003 0035 000132d6
0003 0036 000281d8
0000 0000 00000000
0003 0035 0001336c
0003 0036 0002782d
0000 0000 00000000
0003 0035 000133d0
0003 0036 00026e2b
0000 0000 00000000
0003 0035 00013472
0003 0036 00026499
0000 0000 00000000
0003 0035 000135d0
0003 0036 00025be8
0000 0000 00000000
0003 0035 000136f0
0003 0036 000254c7
0000 0000 00000000
0003 0035 00013835
0003 0036 00024eeb
0000 0000 00000000
0003 0035 000138d7
0003 0036 00024973
0000 0000 00000000
0003 0035 0001399f
0003 0036 0002446b
0000 0000 00000000
0003 0035 00013a5b
0003 0036 0002401f
0000 0000 00000000
0003 0035 00013b61
0003 0036 00023b95
0000 0000 00000000
0003 0035 00013c81
0003 0036 000236a6
0000 0000 00000000
0003 0035 00013dc6
0003 0036 000230be
0000 0000 00000000
0003 0035 00014050
0003 0036 000228ee
0000 0000 00000000
0003 0035 0001433e
0003 0036 000220df
0000 0000 00000000
0003 0039 ffffffff
0001 014a 00000000
0001 0145 00000000
0000 0000 00000000
0001 014a 00000001
0001 0145 00000001
0003 0039 00000cee
0003 0035 0000bcd1
0003 0036 00024d80
0000 0000 00000000
0003 0035 0000bd35
0003 0036 00024b99
0000 0000 00000000
0003 0035 0000bdb2
0003 0036 000249fc
0000 0000 00000000
0003 0035 0000be48
0003 0036 00024860
0000 0000 00000000
0003 0035 0000bede
0003 0036 000246e9
0000 0000 00000000
0003 0035 0000bf68
0003 0036 00024565
0000 0000 00000000
0003 0035 0000c017
0003 0036 000243b0
0000 0000 00000000
0003 0035 0000c0eb
0003 0036 000241d5
0000 0000 00000000
0003 0035 0000c1fe
0003 0036 00023fd4
0000 0000 00000000
0003 0035 0000c31e
0003 0036 00023d7c
0000 0000 00000000
0003 0035 0000c418
0003 0036 00023ab4
0000 0000 00000000
0003 0035 0000c4e0
0003 0036 00023794
0000 0000 00000000
0003 0035 0000c582
0003 0036 00023354
0000 0000 00000000
0003 0035 0000c60c
0003 0036 00022ea4
0000 0000 00000000
0003 0035 0000c6a2
0003 0036 00022984
0000 0000 00000000
0003 0035 0000c744
0003 0036 0002243e
0000 0000 00000000
0003 0035 0000c7e7
0003 0036 00021f81
0000 0000 00000000
