TL 1790361924.332 58.4 0.4
TL 1790361924.432 131.6 2.1
TL 1790361924.533 405.8 4.4
TL 1790361924.634 450.3 3.0
TL 1790361924.734 61.1 0.6
TL 1790361924.835 470.2 1.8
TL 1790361924.935 406.7 4.7
TL 1790361925.035 296.5 2.2
TL 1790361925.135 268.3 3.5
TL 1790361925.235 305.9 4.1
TL 1790361925.336 334.7 2.4
TL 1790361925.436 218.5 3.3
TL 1790361925.536 202.4 1.8
TL 1790361925.636 61.9 1.5
TL 1790361925.736 276.6 4.1
TL 1790361925.837 239.1 1.7
TL 1790361925.937 122.2 1.7
TL 1790361926.037 249.6 3.2
TL 1790361926.137 292.6 2.3
TL 1790361926.237 430.7 4.0
TL 1790361926.337 170.6 2.1
TL 1790361926.437 71.2 0.9
TL 1790361926.537 98.3 1.8
TL 1790361926.638 127.2 1.7
TL 1790361926.738 233.8 3.1
TL 1790361926.838 222.0 1.1
TL 1790361926.939 357.2 3.2
TL 1790361927.040 239.3 2.4
TL 1790361927.141 284.9 4.0
TL 1790361927.241 258.1 4.3
TL 1790361927.341 325.0 2.9
TL 1790361927.441 179.5 2.5
TL 1790361927.541 155.3 2.7
TL 1790361927.641 85.2 1.3
TL 1790361927.741 189.6 2.1
TL 1790361927.842 274.3 1.2
TL 1790361927.942 333.7 1.9
TL 1790361928.042 82.0 1.0
TL 1790361928.142 356.0 3.6
TL 1790361928.243 337.8 3.8
TL 1790361928.343 132.9 1.8
TL 1790361928.443 104.1 1.8
TL 1790361928.543 78.5 2.2
TL 1790361928.644 188.8 2.6
TL 1790361928.744 360.1 3.3
TL 1790361928.844 233.1 1.5
TL 1790361928.945 395.9 3.4
TL 1790361929.045 362.3 2.3
TL 1790361929.146 437.0 6.7
TL 1790361929.246 673.5 3.5
TL 1790361929.346 289.0 1.7
TL 1790361929.446 204.2 3.0
TL 1790361929.546 71.5 1.1
TL 1790361929.646 231.4 4.4
TL 1790361929.746 164.1 1.2
TL 1790361929.846 90.4 0.8
TL 1790361929.946 98.9 3.2
TL 1790361930.047 542.6 1.9
TL 1790361930.147 73.9 2.0
TL 1790361930.247 82.3 2.7
TL 1790361930.347 86.2 1.1
TL 1790361930.447 109.2 1.7
TL 1790361930.547 70.9 2.3
TL 1790361930.647 63.8 1.9
TL 1790361930.748 356.5 1.7
TL 1790361930.848 82.6 1.0
TL 1790361930.951 3012.3 3.4
TL 1790361931.048 143.2 1.6
TL 1790361931.148 104.1 1.7
TL 1790361931.248 81.5 3.0
TL 1790361931.348 161.0 1.9
TL 1790361931.448 58.5 1.6
TL 1790361931.549 77.1 1.5
TL 1790361931.649 123.7 2.5
TL 1790361931.749 85.9 2.8
TL 1790361931.849 99.7 0.6
TL 1790361931.949 82.8 2.2
TL 1790361932.049 56.0 2.0
TL 1790361932.150 374.6 1.6
TL 1790361932.250 323.3 2.7
TL 1790361932.350 82.4 0.6
TL 1790361932.450 88.5 1.3
TL 1790361932.550 131.8 1.3
TL 1790361932.650 93.0 3.0
TL 1790361932.750 74.7 1.8
TL 1790361932.850 157.1 1.0
TL 1790361932.950 68.6 1.7
TL 1790361933.051 443.0 1.4
TL 1790361933.150 60.1 2.4
TL 1790361933.251 340.0 1.6
TL 1790361933.351 154.5 1.2
TL 1790361933.451 730.0 1.8
TL 1790361933.551 56.0 2.4
TL 1790361933.651 127.9 2.2
TL 1790361933.751 80.9 1.9
TL 1790361933.852 497.3 1.1
TL 1790361933.951 81.7 1.7
TL 1790361934.051 46.0 1.5
TL 1790361934.152 650.6 2.1
TL 1790361934.252 68.1 3.0
TL 1790361934.352 73.4 1.0
TL 1790361934.452 471.4 1.8
TL 1790361934.552 263.9 2.8
TL 1790361934.652 221.4 2.1
TL 1790361934.752 105.7 2.2
TL 1790361934.852 50.3 1.1
TL 1790361934.952 58.5 3.6
TL 1790361935.053 330.8 4.4
TL 1790361935.153 169.3 3.0
TL 1790361935.254 520.8 4.0
TL 1790361935.354 427.1 2.6
TL 1790361935.454 69.4 1.6
TL 1790361935.555 355.4 4.4
TL 1790361935.655 380.9 3.2
TL 1790361935.755 103.6 2.4
TL 1790361935.855 303.6 2.7
TL 1790361935.956 522.0 3.9
TL 1790361936.055 339.3 3.6
TL 1790361936.156 361.4 3.0
TL 1790361936.256 228.4 3.9
TL 1790361936.356 395.4 2.6
TL 1790361936.457 583.5 3.6
TL 1790361936.557 263.6 2.7
TL 1790361936.657 147.4 2.4
TL 1790361936.757 313.4 2.6
TL 1790361936.857 232.8 1.4
TL 1790361936.957 267.2 3.0
TL 1790361937.057 76.1 3.0
TL 1790361937.157 184.7 2.1
TL 1790361937.257 73.4 1.4
TL 1790361937.357 157.8 0.9
TL 1790361937.458 257.0 2.6
TL 1790361937.558 72.1 0.9
TL 1790361937.658 193.5 2.6
TL 1790361937.758 229.5 3.2
TL 1790361937.858 176.0 0.8
TL 1790361937.958 113.2 1.1
TL 1790361938.059 174.5 2.8
TL 1790361938.159 268.3 5.4
TL 1790361938.259 134.9 2.5
TL 1790361938.359 106.0 0.9
TL 1790361938.460 350.4 1.4
TL 1790361938.561 1699.4 3.5
TL 1790361938.660 432.9 4.5
TL 1790361938.760 289.3 4.4
TL 1790361938.861 349.3 1.8
TL 1790361938.961 284.1 3.5
TL 1790361939.061 201.7 2.7
TL 1790361939.161 110.0 1.7
TL 1790361939.261 149.5 1.1
TL 1790361939.361 76.4 0.6
TL 1790361939.462 1399.5 1.8
TL 1790361939.561 286.9 4.0
TL 1790361939.661 200.6 2.7
TL 1790361939.762 375.6 3.4
TL 1790361939.862 88.4 1.3
TL 1790361939.962 376.1 1.6
TL 1790361940.062 343.2 3.0
TL 1790361940.162 324.8 3.9
TL 1790361940.263 310.5 3.9
TL 1790361940.363 168.9 1.1
TL 1790361940.463 377.8 3.2
TL 1790361940.563 129.0 1.5
TL 1790361940.663 295.5 3.3
TL 1790361940.763 278.2 3.5
TL 1790361940.864 590.5 1.8
TL 1790361940.964 294.6 1.5
TL 1790361941.064 369.0 2.8
TL 1790361941.164 478.9 3.4
TL 1790361941.264 132.7 1.9
TL 1790361941.364 217.7 2.9
TL 1790361941.464 237.7 2.3
TL 1790361941.564 59.9 2.6
TL 1790361941.665 115.0 2.1
TL 1790361941.765 394.1 3.4
TL 1790361941.865 259.3 2.4
TL 1790361941.965 316.3 2.3
TL 1790361942.065 295.3 2.7
TL 1790361942.165 346.3 4.3
TL 1790361942.266 318.2 3.2
TL 1790361942.366 214.3 2.5
TL 1790361942.466 48.4 0.5
TL 1790361942.566 395.3 1.6
TL 1790361942.666 317.7 4.4
TL 1790361942.766 353.4 2.7
TL 1790361942.866 164.7 0.8
TL 1790361942.967 361.4 2.6
TL 1790361943.067 202.2 3.1
TL 1790361943.167 141.6 1.7
TL 1790361943.267 146.9 2.2
TL 1790361943.367 51.9 0.6
TL 1790361943.468 403.0 2.6
TL 1790361943.568 282.6 3.0
TL 1790361943.668 304.9 2.5
TL 1790361943.768 162.7 1.5
TL 1790361943.868 214.4 1.1
TL 1790361943.968 107.3 3.1
TL 1790361944.068 100.5 2.4
TL 1790361944.168 118.5 2.4
TL 1790361944.271 2400.7 2.6
TL 1790361944.369 348.0 2.8
TL 1790361944.469 394.4 3.6
TL 1790361944.569 309.1 2.2
TL 1790361944.669 348.4 3.1
TL 1790361944.770 368.1 3.1
TL 1790361944.870 83.5 1.0
TL 1790361944.971 323.8 3.4
TL 1790361945.071 431.3 3.0
TL 1790361945.171 360.9 3.0
TL 1790361945.272 343.8 3.2
TL 1790361945.372 312.2 2.4
TL 1790361945.472 88.4 2.5
TL 1790361945.572 387.7 3.0
TL 1790361945.672 184.9 1.8
TL 1790361945.772 83.7 1.6
TL 1790361945.872 259.0 1.2
TL 1790361945.973 269.4 1.8
TL 1790361946.072 67.3 1.8
TL 1790361946.173 103.7 1.6
TL 1790361946.273 105.3 2.8
TL 1790361946.373 102.6 0.8
TL 1790361946.473 110.6 1.1
TL 1790361946.573 266.5 3.3
TL 1790361946.673 294.9 4.5
TL 1790361946.774 228.5 4.1
TL 1790361946.874 336.9 2.5
TL 1790361946.974 123.0 1.7
TL 1790361947.074 154.3 1.6
TL 1790361947.174 86.8 1.6
TL 1790361947.274 153.1 2.2
TL 1790361947.374 179.2 0.5
TL 1790361947.475 259.6 2.1
TL 1790361947.575 94.1 1.5
TL 1790361947.675 370.2 5.1
TL 1790361947.775 137.9 1.6
TL 1790361947.875 396.2 2.6
TL 1790361947.976 417.4 3.3
TL 1790361948.076 202.8 2.2
TL 1790361948.176 114.1 1.9
TL 1790361948.276 79.6 1.2
TL 1790361948.376 81.1 0.5
TL 1790361948.476 262.8 2.1
TL 1790361948.576 343.6 4.8
TL 1790361948.676 299.6 3.9
TL 1790361948.776 218.9 2.8
TL 1790361948.877 316.6 2.6
TL 1790361948.977 98.5 0.8
TL 1790361949.077 223.3 1.0
TL 1790361949.177 65.1 1.5
TL 1790361949.278 442.2 3.6
TL 1790361949.378 295.7 1.8
TL 1790361949.478 325.6 3.1
TL 1790361949.578 335.9 2.6
TL 1790361949.678 245.2 3.5
TL 1790361949.778 115.8 1.3
TL 1790361949.878 54.4 0.4
TL 1790361949.978 205.1 2.7
TL 1790361950.079 384.3 3.1
TL 1790361950.179 252.2 3.3
TL 1790361950.279 233.4 4.8
TL 1790361950.379 145.4 0.5
TL 1790361950.479 308.3 1.3
TL 1790361950.579 72.8 1.1
TL 1790361950.680 492.9 2.3
TL 1790361950.779 128.1 2.6
TL 1790361950.880 280.2 2.4
TL 1790361950.980 357.9 3.6
TL 1790361951.080 302.9 2.9
TL 1790361951.180 150.8 2.1
TL 1790361951.280 45.2 1.6
TL 1790361951.380 79.3 0.6
TL 1790361951.481 281.8 2.2
TL 1790361951.581 288.1 3.1
TL 1790361951.681 414.3 4.4
TL 1790361951.781 234.8 2.8
TL 1790361951.881 341.4 2.7
TL 1790361951.982 223.3 2.6
TL 1790361952.082 264.6 1.8
TL 1790361952.182 361.0 3.7
TL 1790361952.282 78.5 1.7
TL 1790361952.383 353.7 2.5
TL 1790361952.483 321.2 3.2
TL 1790361952.583 104.3 1.3
TL 1790361952.683 331.9 4.1
TL 1790361952.784 343.5 4.1
TL 1790361952.883 68.1 1.9
TL 1790361952.984 88.6 2.4
TL 1790361953.084 91.7 2.0
TL 1790361953.184 122.6 1.8
TL 1790361953.284 330.2 3.1
TL 1790361953.385 330.3 2.7
TL 1790361953.485 336.0 4.2
TL 1790361953.585 363.5 4.2
TL 1790361953.685 394.5 4.4
TL 1790361953.785 97.3 1.0
TL 1790361953.885 120.5 0.7
TL 1790361953.986 724.6 1.8
TL 1790361954.086 89.7 1.6
TL 1790361954.186 161.0 1.7
TL 1790361954.286 268.8 3.4
TL 1790361954.386 167.4 1.5
TL 1790361954.486 362.7 2.7
TL 1790361954.586 72.0 2.3
TL 1790361954.686 76.7 2.0
TL 1790361954.787 63.9 3.0
TL 1790361954.887 263.2 1.9
TL 1790361954.987 104.0 2.1
TL 1790361955.087 98.3 3.1
TL 1790361955.187 58.1 2.9
TL 1790361955.288 276.1 2.9
TL 1790361955.387 89.5 0.7
TL 1790361955.488 198.5 1.7
TL 1790361955.588 103.4 1.9
TL 1790361955.689 747.5 3.2
TL 1790361955.788 85.2 3.3
TL 1790361955.888 155.5 1.8
TL 1790361955.988 95.5 1.6
TL 1790361956.089 177.0 2.2
TL 1790361956.189 100.3 4.0
TL 1790361956.289 113.1 1.8
TL 1790361956.389 252.7 2.0
TL 1790361956.489 114.6 2.4
TL 1790361956.589 101.4 2.1
TL 1790361956.689 216.2 4.2
TL 1790361956.789 122.5 2.2
TL 1790361956.889 91.4 0.5
TL 1790361956.989 80.2 2.1
TL 1790361957.090 283.0 4.4
TL 1790361957.190 192.2 3.5
TL 1790361957.290 411.6 4.8
TL 1790361957.390 212.3 0.9
TL 1790361957.490 141.4 3.4
TL 1790361957.591 134.4 1.8
TL 1790361957.691 126.3 3.2
TL 1790361957.791 242.5 3.5
TL 1790361957.891 310.8 2.1
TL 1790361957.991 74.5 2.2
TL 1790361958.091 94.1 1.4
TL 1790361958.193 243.4 2.1
TL 1790361958.293 597.7 13.8
TL 1790361958.393 94.6 0.8
TL 1790361958.494 378.5 3.6
TL 1790361958.594 388.5 4.1
TL 1790361958.694 380.6 3.9
TL 1790361958.794 337.9 4.6
TL 1790361958.895 345.5 2.8
TL 1790361958.995 153.7 2.8
TL 1790361959.095 299.8 4.1
TL 1790361959.195 147.3 2.3
TL 1790361959.295 100.2 3.0
TL 1790361959.395 82.8 0.8
TL 1790361959.496 634.9 4.1
TL 1790361959.596 627.7 4.3
TL 1790361959.696 418.6 3.1
TL 1790361959.796 123.9 1.6
TL 1790361959.896 171.9 2.0
TL 1790361959.997 368.6 4.9
TL 1790361960.097 99.2 1.2
TL 1790361960.198 718.8 5.1
TL 1790361960.298 109.6 2.2
TL 1790361960.398 103.2 1.0
TL 1790361960.498 128.1 2.0
TL 1790361960.598 155.9 4.1
TL 1790361960.699 307.8 4.0
TL 1790361960.799 264.7 3.5
TL 1790361960.899 111.9 0.9
TL 1790361960.999 156.8 2.1
TL 1790361961.099 98.3 1.6
TL 1790361961.199 106.8 2.1
TL 1790361961.299 54.8 1.9
TL 1790361961.400 314.1 1.9
TL 1790361961.500 218.0 3.0
TL 1790361961.600 62.3 2.2
TL 1790361961.700 178.1 2.4
TL 1790361961.800 76.2 1.4
TL 1790361961.903 3355.4 1.5
TL 1790361962.000 95.9 3.5
TL 1790361962.100 84.5 4.2
TL 1790361962.201 187.7 2.7
TL 1790361962.301 162.7 2.6
TL 1790361962.401 315.9 2.3
TL 1790361962.502 409.2 4.2
TL 1790361962.602 175.6 2.2
TL 1790361962.702 209.9 2.0
TL 1790361962.802 90.5 1.8
TL 1790361962.904 402.2 1.4
TL 1790361963.004 255.3 3.7
TL 1790361963.104 386.9 4.0
TL 1790361963.204 612.4 4.6
TL 1790361963.304 366.4 5.7
TL 1790361963.405 330.8 2.7
TL 1790361963.505 345.3 3.9
TL 1790361963.605 269.6 3.8
TL 1790361963.705 100.9 2.7
TL 1790361963.806 1067.2 1.9
TL 1790361963.906 404.9 1.8
TL 1790361964.006 126.5 2.0
TL 1790361964.106 274.6 3.4
TL 1790361964.206 52.3 1.6
TL 1790361964.306 130.0 2.4
TL 1790361964.406 72.7 1.1
TL 1790361964.506 41.6 1.7
TL 1790361964.606 100.9 1.6
TL 1790361964.706 126.5 1.8
TL 1790361964.807 132.7 2.8
TL 1790361964.907 526.0 3.1
TL 1790361965.007 363.1 4.2
TL 1790361965.107 82.2 1.0
TL 1790361965.208 444.0 4.8
TL 1790361965.308 248.3 3.7
TL 1790361965.408 326.6 2.7
TL 1790361965.508 261.7 6.2
TL 1790361965.608 134.2 1.9
TL 1790361965.708 89.7 1.8
TL 1790361965.808 97.1 2.0
TL 1790361965.909 138.5 0.6
TL 1790361966.009 325.6 4.1
TL 1790361966.109 213.6 2.5
TL 1790361966.209 180.8 1.8
TL 1790361966.310 811.8 3.0
TL 1790361966.410 132.1 0.9
TL 1790361966.510 314.4 1.6
TL 1790361966.610 177.2 1.8
TL 1790361966.710 50.7 1.7
TL 1790361966.810 82.4 2.2
TL 1790361966.910 70.4 0.7
TL 1790361967.011 587.7 1.2
TL 1790361967.111 454.8 3.0
TL 1790361967.211 274.9 4.1
TL 1790361967.311 442.4 4.5
TL 1790361967.411 153.2 1.0
TL 1790361967.512 408.2 4.4
TL 1790361967.612 253.0 3.9
TL 1790361967.712 121.7 1.7
TL 1790361967.812 305.6 3.0
TL 1790361967.912 124.1 0.9
TL 1790361968.016 3261.5 1.6
TL 1790361968.113 326.1 3.8
TL 1790361968.213 92.8 2.2
TL 1790361968.313 359.1 5.3
TL 1790361968.413 258.0 2.5
TL 1790361968.514 564.9 9.9
TL 1790361968.614 218.4 2.9
TL 1790361968.714 246.7 2.9
TL 1790361968.814 119.7 1.3
TL 1790361968.914 85.3 2.1
TL 1790361969.015 1555.5 3.4
TL 1790361969.114 235.3 4.0
TL 1790361969.215 341.2 4.3
TL 1790361969.316 476.7 2.9
TL 1790361969.416 267.1 1.4
TL 1790361969.516 424.2 4.5
TL 1790361969.616 345.0 3.7
TL 1790361969.717 339.9 3.9
TL 1790361969.817 58.5 1.8
TL 1790361969.917 100.9 0.5
TL 1790361970.017 65.9 1.3
TL 1790361970.117 266.3 3.2
TL 1790361970.218 327.8 3.4
TL 1790361970.317 102.3 2.2
TL 1790361970.417 83.5 0.6
TL 1790361970.518 267.6 4.0
TL 1790361970.618 226.2 3.0
TL 1790361970.719 258.8 2.7
TL 1790361970.819 152.6 1.6
TL 1790361970.919 95.5 0.8
TL 1790361971.022 3665.0 1.7
TL 1790361971.119 105.9 1.6
TL 1790361971.219 67.1 2.1
TL 1790361971.319 81.6 4.3
TL 1790361971.420 314.1 1.6
TL 1790361971.521 283.0 3.4
TL 1790361971.621 166.3 2.9
TL 1790361971.721 410.3 4.4
TL 1790361971.821 214.0 3.5
TL 1790361971.921 72.3 0.7
TL 1790361972.021 77.1 1.9
TL 1790361972.122 769.2 7.7
TL 1790361972.222 596.0 4.1
TL 1790361972.322 315.7 3.4
TL 1790361972.422 331.7 1.6
TL 1790361972.523 393.7 3.4
TL 1790361972.623 355.5 4.1
TL 1790361972.723 112.1 1.6
TL 1790361972.823 243.8 2.9
TL 1790361972.923 93.4 0.6
TL 1790361973.023 87.7 1.6
TL 1790361973.126 2509.7 2.2
TL 1790361973.224 233.6 3.3
TL 1790361973.324 376.2 2.1
TL 1790361973.424 53.7 0.7
TL 1790361973.524 140.6 2.7
TL 1790361973.624 70.4 1.7
TL 1790361973.724 193.6 2.8
TL 1790361973.824 288.9 3.1
TL 1790361973.925 197.7 2.5
TL 1790361974.025 450.9 1.7
TL 1790361974.125 303.2 3.7
TL 1790361974.225 318.8 4.1
TL 1790361974.325 335.6 3.5
TL 1790361974.426 509.4 2.4
TL 1790361974.526 261.5 4.5
TL 1790361974.626 76.5 1.0
TL 1790361974.726 212.4 2.8
TL 1790361974.826 70.7 1.5
TL 1790361974.926 55.3 0.7
TL 1790361975.026 124.4 3.3
TL 1790361975.127 616.3 1.9
TL 1790361975.227 327.3 3.5
TL 1790361975.327 136.5 2.0
TL 1790361975.427 89.6 0.8
TL 1790361975.528 550.5 4.1
TL 1790361975.628 324.0 1.7
TL 1790361975.728 79.6 2.3
TL 1790361975.828 85.1 1.6
TL 1790361975.928 152.8 0.7
TL 1790361976.028 115.3 3.5
TL 1790361976.129 643.4 1.6
TL 1790361976.228 169.1 1.9
TL 1790361976.328 100.5 2.2
TL 1790361976.429 492.1 1.5
TL 1790361976.529 352.1 5.5
TL 1790361976.631 537.9 4.1
TL 1790361976.731 308.6 4.5
TL 1790361976.831 101.4 1.9
TL 1790361976.931 83.6 0.6
TL 1790361977.031 213.8 1.4
TL 1790361977.131 345.7 2.7
TL 1790361977.232 939.0 3.1
TL 1790361977.332 640.5 3.7
TL 1790361977.432 773.0 2.6
TL 1790361977.532 275.9 3.9
TL 1790361977.633 375.1 9.2
TL 1790361977.733 74.4 1.8
TL 1790361977.833 190.4 2.0
TL 1790361977.933 44.3 1.5
TL 1790361978.033 132.0 3.2
TL 1790361978.134 545.3 3.2
TL 1790361978.234 145.2 2.1
TL 1790361978.334 348.6 3.7
TL 1790361978.434 609.8 1.8
TL 1790361978.534 378.9 4.7
TL 1790361978.636 1594.4 5.2
TL 1790361978.735 331.6 4.0
TL 1790361978.835 245.5 3.1
TL 1790361978.935 80.9 1.0
TL 1790361979.035 81.5 1.7
TL 1790361979.135 199.4 2.0
TL 1790361979.235 264.0 2.9
TL 1790361979.335 305.7 4.4
TL 1790361979.436 241.5 2.8
TL 1790361979.536 202.4 3.5
TL 1790361979.636 489.5 4.8
TL 1790361979.736 302.4 4.8
TL 1790361979.836 75.8 2.3
TL 1790361979.937 214.3 2.7
TL 1790361980.037 111.6 2.8
TL 1790361980.137 43.9 1.7
TL 1790361980.237 151.8 1.9
TL 1790361980.337 64.4 3.1
TL 1790361980.438 376.1 2.7
TL 1790361980.538 373.1 5.3
TL 1790361980.638 349.7 4.1
TL 1790361980.739 378.0 4.2
TL 1790361980.839 390.4 4.2
TL 1790361980.939 199.7 1.6
TL 1790361981.039 96.7 1.4
TL 1790361981.139 77.4 2.7
TL 1790361981.239 64.8 1.5
TL 1790361981.340 837.5 2.1
TL 1790361981.439 105.5 0.6
TL 1790361981.540 385.5 3.1
TL 1790361981.640 407.9 2.9
TL 1790361981.741 392.8 3.4
TL 1790361981.841 477.4 3.7
TL 1790361981.941 340.1 2.6
TL 1790361982.041 273.1 3.3
TL 1790361982.141 113.0 1.5
TL 1790361982.241 75.9 1.7
TL 1790361982.341 53.4 1.4
TL 1790361982.442 1179.1 2.6
TL 1790361982.542 860.9 2.9
TL 1790361982.642 101.9 1.9
TL 1790361982.742 345.2 3.5
TL 1790361982.842 238.5 3.6
TL 1790361982.943 268.1 2.4
TL 1790361983.042 118.4 2.2
TL 1790361983.143 106.4 1.9
TL 1790361983.243 67.0 1.4
TL 1790361983.343 118.0 1.6
TL 1790361983.443 505.9 1.2
TL 1790361983.543 115.9 2.8
TL 1790361983.643 276.6 3.2
TL 1790361983.744 363.6 3.7
TL 1790361983.844 294.0 3.8
TL 1790361983.944 405.3 3.2
TL 1790361984.044 208.2 4.6
TL 1790361984.144 218.0 2.2
TL 1790361984.244 169.7 2.0
TL 1790361984.344 74.1 1.8
TL 1790361984.444 91.9 0.9
TL 1790361984.545 418.8 3.6
TL 1790361984.645 414.8 4.3
TL 1790361984.745 68.7 2.9
TL 1790361984.845 251.2 1.7
TL 1790361984.945 437.2 2.2
TL 1790361985.046 353.1 3.8
TL 1790361985.145 120.6 1.4
TL 1790361985.245 62.2 0.7
TL 1790361985.346 140.5 1.8
TL 1790361985.446 292.4 0.8
TL 1790361985.547 974.3 3.4
TL 1790361985.646 55.3 1.5
TL 1790361985.746 109.6 2.2
TL 1790361985.847 77.8 1.5
TL 1790361985.947 200.3 1.4
TL 1790361986.047 372.4 3.7
TL 1790361986.148 324.0 2.3
TL 1790361986.248 255.5 4.1
TL 1790361986.348 109.8 1.9
TL 1790361986.448 105.3 0.6
TL 1790361986.548 90.2 1.4
TL 1790361986.651 3344.4 1.6
TL 1790361986.748 130.4 1.9
TL 1790361986.848 219.0 1.9
TL 1790361986.951 2310.0 1.7
TL 1790361987.049 144.1 1.7
TL 1790361987.149 82.0 1.6
TL 1790361987.249 293.3 1.6
TL 1790361987.349 150.5 2.2
TL 1790361987.449 98.5 1.0
TL 1790361987.549 67.8 1.5
TL 1790361987.651 1985.2 2.0
TL 1790361987.749 78.6 2.2
TL 1790361987.850 314.7 4.6
TL 1790361987.950 181.8 1.0
TL 1790361988.050 278.2 3.9
TL 1790361988.150 267.9 1.8
TL 1790361988.251 434.5 3.6
TL 1790361988.351 384.4 3.5
TL 1790361988.451 103.0 0.7
TL 1790361988.551 58.6 1.0
TL 1790361988.651 242.4 1.1
TL 1790361988.752 497.6 3.1
TL 1790361988.852 225.2 4.0
TL 1790361988.952 376.8 1.9
TL 1790361989.052 253.9 1.9
TL 1790361989.152 133.6 1.9
TL 1790361989.252 57.4 1.6
TL 1790361989.352 70.2 1.6
TL 1790361989.453 174.3 0.8
TL 1790361989.553 358.8 2.1
TL 1790361989.653 256.0 3.2
TL 1790361989.753 343.0 4.2
TL 1790361989.854 405.0 4.3
TL 1790361989.954 311.1 1.6
TL 1790361990.055 1297.7 3.3
TL 1790361990.154 535.1 3.4
TL 1790361990.254 264.8 3.6
TL 1790361990.354 76.5 1.5
TL 1790361990.455 210.9 2.1
TL 1790361990.555 70.6 1.5
TL 1790361990.655 43.3 1.5
TL 1790361990.755 64.0 2.3
TL 1790361990.855 128.3 2.4
TL 1790361990.955 96.7 1.2
TL 1790361991.055 303.5 2.9
TL 1790361991.156 374.4 3.3
TL 1790361991.256 671.6 3.9
TL 1790361991.356 192.6 2.9
TL 1790361991.456 158.9 1.0
TL 1790361991.556 68.2 1.7
TL 1790361991.656 64.6 1.7
TL 1790361991.756 52.5 1.5
TL 1790361991.856 77.5 1.5
TL 1790361991.957 481.4 1.5
TL 1790361992.057 465.7 4.1
TL 1790361992.157 351.1 5.9
TL 1790361992.257 377.0 4.0
TL 1790361992.357 101.3 1.8
TL 1790361992.458 209.6 1.9
TL 1790361992.558 309.1 4.5
TL 1790361992.658 124.9 2.2
TL 1790361992.758 122.1 1.7
TL 1790361992.859 441.1 1.9
TL 1790361992.958 132.3 0.9
TL 1790361993.058 79.0 1.7
TL 1790361993.159 324.9 4.2
TL 1790361993.259 124.9 2.3
TL 1790361993.359 163.8 2.5
TL 1790361993.459 90.3 1.0
TL 1790361993.559 287.9 4.2
TL 1790361993.660 285.7 2.6
TL 1790361993.760 74.3 2.3
TL 1790361993.860 112.3 2.2
TL 1790361993.960 108.2 1.1
TL 1790361994.060 157.8 2.1
TL 1790361994.160 81.1 1.7
TL 1790361994.260 74.5 1.7
TL 1790361994.360 135.5 2.8
TL 1790361994.460 128.4 0.9
TL 1790361994.561 405.1 3.5
TL 1790361994.661 239.4 4.5
TL 1790361994.762 238.2 4.7
TL 1790361994.862 344.3 3.7
TL 1790361994.962 242.1 2.7
TL 1790361995.062 94.1 1.7
TL 1790361995.162 51.4 2.1
TL 1790361995.262 113.2 2.2
TL 1790361995.364 1248.5 2.6
TL 1790361995.463 237.7 1.6
TL 1790361995.563 84.2 1.9
TL 1790361995.664 582.6 5.0
TL 1790361995.763 281.6 4.2
TL 1790361995.864 247.3 3.5
TL 1790361995.963 115.3 0.8
TL 1790361996.064 167.8 1.6
TL 1790361996.164 54.2 1.6
TL 1790361996.264 57.1 2.0
TL 1790361996.364 351.1 2.0
TL 1790361996.464 254.7 1.7
TL 1790361996.567 379.7 3.4
TL 1790361996.667 433.4 4.6
TL 1790361996.767 72.7 2.2
TL 1790361996.867 251.7 4.4
TL 1790361996.968 359.2 2.8
TL 1790361997.068 279.4 6.6
TL 1790361997.168 188.1 1.4
TL 1790361997.268 65.3 1.5
TL 1790361997.369 327.3 2.5
TL 1790361997.469 442.4 2.7
TL 1790361997.570 457.7 3.9
TL 1790361997.670 363.6 3.9
TL 1790361997.770 407.3 3.7
TL 1790361997.870 274.5 3.4
TL 1790361997.971 308.0 2.4
TL 1790361998.071 286.7 3.5
TL 1790361998.171 111.7 1.6
TL 1790361998.271 75.4 2.4
TL 1790361998.371 66.5 3.0
TL 1790361998.476 5485.4 1.0
TL 1790361998.571 76.8 4.3
TL 1790361998.672 307.3 4.1
TL 1790361998.772 339.4 2.6
TL 1790361998.872 99.2 2.2
TL 1790361998.972 131.6 0.8
TL 1790361999.072 303.9 4.0
TL 1790361999.173 294.4 3.5
TL 1790361999.274 260.3 2.8
TL 1790361999.374 227.2 2.8
TL 1790361999.474 171.0 0.9
TL 1790361999.576 2065.5 4.1
TL 1790361999.674 304.4 3.5
TL 1790361999.774 257.9 3.9
TL 1790361999.874 166.6 2.2
TL 1790361999.974 72.9 0.6
TL 1790362000.075 388.9 4.9
TL 1790362000.176 548.0 3.7
TL 1790362000.275 394.7 3.8
TL 1790362000.375 137.0 2.2
TL 1790362000.475 40.8 1.0
TL 1790362000.576 132.1 1.8
TL 1790362000.680 4381.6 1.8
TL 1790362000.776 104.9 2.1
TL 1790362000.876 96.2 1.6
TL 1790362000.976 211.4 2.6
TL 1790362001.077 264.4 5.2
TL 1790362001.177 372.1 4.4
TL 1790362001.277 85.3 1.9
TL 1790362001.377 336.1 4.5
TL 1790362001.477 116.6 0.8
TL 1790362001.577 245.2 3.0
TL 1790362001.678 153.8 1.6
TL 1790362001.778 796.0 1.6
TL 1790362001.878 293.9 4.7
TL 1790362001.978 164.4 0.8
TL 1790362002.078 94.2 2.2
TL 1790362002.178 127.4 2.7
TL 1790362002.279 148.0 2.2
TL 1790362002.379 357.3 4.3
TL 1790362002.479 234.8 2.4
TL 1790362002.579 60.8 1.1
TL 1790362002.680 213.6 3.0
TL 1790362002.780 105.3 3.0
TL 1790362002.882 2152.3 1.6
TL 1790362002.980 67.2 1.8
TL 1790362003.080 92.8 3.0
TL 1790362003.180 69.6 1.6
TL 1790362003.281 401.5 4.2
TL 1790362003.381 269.3 4.1
TL 1790362003.481 241.3 2.0
TL 1790362003.581 346.5 4.5
TL 1790362003.681 147.2 2.0
TL 1790362003.781 75.3 1.8
TL 1790362003.881 69.7 2.0
TL 1790362003.983 1795.6 1.1
TL 1790362004.081 97.2 1.9
TL 1790362004.182 284.6 3.5
TL 1790362004.282 139.1 2.2
TL 1790362004.382 324.7 4.4
TL 1790362004.482 174.1 1.4
TL 1790362004.582 84.0 1.8
TL 1790362004.682 73.7 1.8
TL 1790362004.783 303.4 2.6
TL 1790362004.882 61.7 1.6
TL 1790362004.983 366.2 1.1
TL 1790362005.083 376.5 4.2
TL 1790362005.183 361.9 4.1
TL 1790362005.283 119.5 2.3
TL 1790362005.383 107.0 3.7
TL 1790362005.483 77.9 0.7
TL 1790362005.584 337.1 2.1
TL 1790362005.684 109.8 1.8
TL 1790362005.784 163.4 1.9
TL 1790362005.884 171.7 1.6
TL 1790362005.984 53.3 1.0
TL 1790362006.089 4759.0 1.4
TL 1790362006.185 446.9 4.5
TL 1790362006.285 254.2 1.8
TL 1790362006.385 440.4 3.9
TL 1790362006.485 257.4 2.3
TL 1790362006.586 367.4 3.9
TL 1790362006.686 298.6 4.1
TL 1790362006.786 135.8 1.9
TL 1790362006.886 184.2 1.2
TL 1790362006.986 116.7 1.9
TL 1790362007.090 4097.2 1.9
TL 1790362007.186 419.4 3.7
TL 1790362007.286 344.8 3.9
TL 1790362007.387 324.6 4.7
TL 1790362007.486 145.7 0.6
TL 1790362007.587 203.1 3.0
TL 1790362007.687 129.1 2.3
TL 1790362007.787 109.9 1.7
TL 1790362007.887 49.3 1.7
TL 1790362007.987 155.2 0.9
TL 1790362008.088 843.9 1.9
TL 1790362008.187 206.4 3.7
TL 1790362008.288 390.2 3.6
TL 1790362008.388 262.8 3.1
TL 1790362008.488 166.9 1.1
TL 1790362008.588 631.3 4.2
TL 1790362008.689 504.2 4.1
TL 1790362008.789 261.4 2.7
TL 1790362008.889 453.6 3.6
TL 1790362008.989 127.4 0.8
TL 1790362009.089 147.4 1.8
TL 1790362009.189 366.2 3.7
TL 1790362009.290 496.6 3.6
TL 1790362009.390 455.5 3.7
TL 1790362009.490 236.6 2.7
TL 1790362009.590 408.6 4.3
TL 1790362009.690 108.2 2.1
TL 1790362009.790 62.0 2.1
TL 1790362009.891 100.6 1.4
TL 1790362009.993 2163.9 1.0
TL 1790362010.092 1205.2 2.6
TL 1790362010.191 285.8 3.0
TL 1790362010.291 343.9 3.4
TL 1790362010.391 266.0 4.1
TL 1790362010.492 363.9 4.0
TL 1790362010.592 83.6 0.9
TL 1790362010.692 201.0 3.2
TL 1790362010.792 279.5 3.0
TL 1790362010.893 205.7 3.5
TL 1790362010.993 81.4 2.0
TL 1790362011.094 1537.1 2.4
TL 1790362011.193 249.1 3.7
TL 1790362011.294 546.4 3.6
TL 1790362011.394 501.6 3.6
TL 1790362011.494 504.4 3.1
TL 1790362011.594 234.8 4.1
TL 1790362011.694 212.7 3.6
TL 1790362011.794 158.3 2.6
TL 1790362011.894 105.7 1.3
TL 1790362011.994 119.9 1.9
TL 1790362012.099 4307.6 2.1
TL 1790362012.194 129.7 1.7
TL 1790362012.295 191.4 2.4
TL 1790362012.395 258.8 3.5
TL 1790362012.495 321.1 3.7
TL 1790362012.595 265.2 3.4
TL 1790362012.695 171.5 2.9
TL 1790362012.796 592.5 4.8
TL 1790362012.896 370.3 2.8
TL 1790362012.996 58.2 1.6
TL 1790362013.096 79.1 1.7
TL 1790362013.196 73.8 1.9
TL 1790362013.298 1988.6 2.3
TL 1790362013.397 355.9 4.1
TL 1790362013.497 684.0 1.7
TL 1790362013.597 401.2 4.1
TL 1790362013.697 101.6 2.1
TL 1790362013.797 283.9 3.7
TL 1790362013.898 299.3 4.0
TL 1790362013.998 95.2 1.5
TL 1790362014.098 57.8 1.7
TL 1790362014.201 2901.5 1.8
TL 1790362014.298 92.8 2.8
TL 1790362014.398 229.1 1.8
TL 1790362014.498 127.5 1.8
TL 1790362014.599 363.6 3.0
TL 1790362014.699 311.0 5.9
TL 1790362014.799 155.5 2.9
TL 1790362014.899 426.6 2.9
TL 1790362015.000 200.5 0.9
TL 1790362015.100 217.2 1.7
TL 1790362015.200 159.6 1.7
TL 1790362015.300 311.4 1.7
TL 1790362015.401 609.5 4.1
TL 1790362015.501 257.0 1.4
TL 1790362015.601 385.6 4.3
TL 1790362015.701 94.9 2.1
TL 1790362015.801 68.7 2.0
TL 1790362015.901 271.9 3.3
TL 1790362016.002 331.6 2.2
TL 1790362016.102 108.1 2.3
TL 1790362016.202 71.9 1.6
TL 1790362016.302 430.7 5.1
TL 1790362016.402 377.3 5.5
TL 1790362016.502 152.8 2.0
TL 1790362016.603 422.6 1.7
TL 1790362016.702 59.2 1.7
TL 1790362016.803 156.6 2.9
TL 1790362016.903 353.9 3.8
TL 1790362017.003 161.5 1.0
TL 1790362017.103 95.7 1.4
TL 1790362017.203 59.7 1.8
TL 1790362017.303 153.1 1.9
TL 1790362017.404 1192.4 1.8
TL 1790362017.504 368.3 2.0
TL 1790362017.605 1089.8 3.5
TL 1790362017.705 464.6 4.6
TL 1790362017.804 249.7 4.0
TL 1790362017.905 375.2 3.9
TL 1790362018.006 624.5 2.5
TL 1790362018.105 83.1 1.5
TL 1790362018.205 66.3 1.4
TL 1790362018.306 52.9 1.7
TL 1790362018.408 878.3 2.1
TL 1790362018.507 189.4 1.7
TL 1790362018.608 375.9 3.5
TL 1790362018.708 368.9 4.0
TL 1790362018.808 102.5 2.6
TL 1790362018.908 160.2 1.9
TL 1790362019.008 53.2 0.5
TL 1790362019.108 141.2 1.8
TL 1790362019.208 96.5 1.5
TL 1790362019.309 90.8 9.8
TL 1790362019.413 4169.2 3.0
TL 1790362019.509 160.8 1.1
TL 1790362019.609 358.9 3.3
TL 1790362019.709 249.2 4.1
TL 1790362019.809 233.1 4.0
TL 1790362019.910 426.3 4.3
TL 1790362020.010 113.2 0.6
TL 1790362020.110 84.9 1.6
TL 1790362020.210 66.5 1.7
TL 1790362020.313 3185.8 2.8
TL 1790362020.411 436.6 4.2
TL 1790362020.511 330.9 1.8
TL 1790362020.611 436.0 4.4
TL 1790362020.711 87.4 1.6
TL 1790362020.811 285.0 4.0
TL 1790362020.912 354.1 3.1
TL 1790362021.012 293.9 2.0
TL 1790362021.112 105.6 1.9
TL 1790362021.212 81.6 2.9
TL 1790362021.314 1952.3 2.3
TL 1790362021.413 369.0 4.1
TL 1790362021.513 216.2 1.8
TL 1790362021.613 113.6 2.1
TL 1790362021.713 398.2 3.2
TL 1790362021.813 399.7 4.4
TL 1790362021.913 188.3 3.0
TL 1790362022.014 276.4 2.1
TL 1790362022.114 110.9 1.3
TL 1790362022.214 227.3 3.7
TL 1790362022.314 66.7 2.4
TL 1790362022.416 2171.8 2.1
TL 1790362022.514 274.6 1.5
TL 1790362022.614 391.9 3.6
TL 1790362022.714 142.9 3.5
TL 1790362022.815 238.4 3.9
TL 1790362022.915 128.3 2.6
TL 1790362023.015 117.3 0.9
TL 1790362023.115 66.0 1.2
TL 1790362023.215 413.6 3.4
TL 1790362023.315 168.2 3.7
TL 1790362023.415 141.8 2.0
TL 1790362023.516 96.5 2.6
TL 1790362023.616 351.1 3.6
TL 1790362023.716 333.4 3.9
TL 1790362023.817 339.8 4.0
TL 1790362023.917 393.0 4.8
TL 1790362024.017 77.2 0.6
TL 1790362024.117 345.2 3.9
TL 1790362024.217 161.9 2.2
TL 1790362024.317 282.5 3.0
TL 1790362024.417 162.9 1.7
TL 1790362024.518 557.1 0.7
TL 1790362024.618 463.0 1.9
TL 1790362024.720 287.1 3.9
TL 1790362024.820 254.5 2.9
TL 1790362024.920 315.6 3.1
TL 1790362025.020 126.5 0.8
TL 1790362025.121 340.2 2.1
TL 1790362025.221 496.9 4.5
TL 1790362025.321 318.6 2.5
TL 1790362025.421 283.7 38.4
TL 1790362025.521 149.7 0.6
TL 1790362025.623 1915.3 7.0
TL 1790362025.722 134.4 0.9
TL 1790362025.822 315.3 3.4
TL 1790362025.922 145.2 2.7
TL 1790362026.022 88.9 0.6
TL 1790362026.122 327.0 3.6
TL 1790362026.223 398.1 4.3
TL 1790362026.323 332.2 3.7
TL 1790362026.423 560.2 3.5
TL 1790362026.523 100.2 0.6
TL 1790362026.624 652.5 4.7
TL 1790362026.723 54.7 2.0
TL 1790362026.824 155.9 2.5
TL 1790362026.924 86.5 3.1
TL 1790362027.024 457.3 1.7
TL 1790362027.125 352.7 3.6
TL 1790362027.225 383.0 3.7
TL 1790362027.325 293.8 3.5
TL 1790362027.425 301.6 4.7
TL 1790362027.526 470.1 1.6
TL 1790362027.626 97.9 1.6
TL 1790362027.726 258.7 2.2
TL 1790362027.827 988.3 1.6
TL 1790362027.926 143.6 3.3
TL 1790362028.026 99.5 1.5
TL 1790362028.126 258.2 3.6
TL 1790362028.227 365.3 6.0
TL 1790362028.327 332.7 3.6
TL 1790362028.427 269.0 3.1
TL 1790362028.527 82.9 0.7
TL 1790362028.627 112.2 1.5
TL 1790362028.727 60.5 1.5
TL 1790362028.828 397.3 2.2
TL 1790362028.928 371.0 4.0
TL 1790362029.028 268.9 2.8
TL 1790362029.128 318.9 4.3
TL 1790362029.228 201.0 2.7
TL 1790362029.329 116.9 1.8
TL 1790362029.429 66.1 1.2
TL 1790362029.529 179.8 2.3
TL 1790362029.629 148.0 2.1
TL 1790362029.732 2711.0 2.1
TL 1790362029.831 351.9 4.8
TL 1790362029.931 465.4 7.0
TL 1790362030.031 174.2 0.9
TL 1790362030.131 328.0 1.9
TL 1790362030.231 232.1 2.5
TL 1790362030.331 101.6 1.8
TL 1790362030.432 215.0 7.8
TL 1790362030.532 69.4 0.8
TL 1790362030.632 186.2 2.2
TL 1790362030.732 128.5 1.6
TL 1790362030.833 575.4 2.2
TL 1790362030.933 184.5 2.4
TL 1790362031.033 122.8 0.9
TL 1790362031.133 155.4 1.8
TL 1790362031.233 566.7 4.1
TL 1790362031.334 369.5 4.3
TL 1790362031.435 290.4 3.2
TL 1790362031.535 362.6 2.8
TL 1790362031.635 303.2 3.4
TL 1790362031.736 374.2 3.4
TL 1790362031.835 78.2 1.4
TL 1790362031.935 56.0 1.5
TL 1790362032.038 2845.4 1.1
TL 1790362032.136 568.5 3.3
TL 1790362032.237 636.1 5.6
TL 1790362032.336 211.5 3.0
TL 1790362032.437 416.7 1.7
TL 1790362032.537 60.9 0.7
TL 1790362032.637 64.2 1.8
TL 1790362032.737 603.9 1.4
TL 1790362032.837 261.6 3.0
TL 1790362032.937 72.6 3.5
TL 1790362033.037 403.8 0.7
TL 1790362033.138 349.4 3.3
TL 1790362033.238 409.1 4.3
TL 1790362033.338 65.1 2.1
TL 1790362033.438 165.6 2.0
TL 1790362033.538 134.1 0.6
TL 1790362033.638 82.7 1.6
TL 1790362033.738 266.9 2.8
TL 1790362033.839 241.4 3.2
TL 1790362033.939 133.2 2.6
TL 1790362034.039 107.8 1.0
TL 1790362034.140 1419.1 1.9
TL 1790362034.240 549.3 5.8
TL 1790362034.339 69.3 1.5
TL 1790362034.440 397.3 4.4
TL 1790362034.540 365.2 2.7
TL 1790362034.640 128.7 1.8
TL 1790362034.740 104.0 2.2
TL 1790362034.840 254.9 1.4
TL 1790362034.940 136.2 1.6
TL 1790362035.040 69.1 1.3
TL 1790362035.141 443.6 1.7
TL 1790362035.241 204.8 2.1
TL 1790362035.341 134.9 1.9
TL 1790362035.441 268.1 4.5
TL 1790362035.542 189.7 1.6
TL 1790362035.643 1300.6 4.1
TL 1790362035.743 433.2 2.2
TL 1790362035.843 74.1 2.2
TL 1790362035.943 125.8 1.9
TL 1790362036.044 188.4 1.0
TL 1790362036.144 130.6 2.1
TL 1790362036.245 291.9 1.5
TL 1790362036.345 262.1 3.6
TL 1790362036.445 212.6 1.9
TL 1790362036.545 81.4 0.7
TL 1790362036.645 398.6 3.4
TL 1790362036.745 338.9 3.8
TL 1790362036.845 110.3 1.9
TL 1790362036.945 111.8 1.4
TL 1790362037.046 209.4 2.3
TL 1790362037.146 60.1 1.8
TL 1790362037.246 59.0 2.1
TL 1790362037.346 534.8 1.9
TL 1790362037.446 80.6 1.8
TL 1790362037.546 241.9 3.2
TL 1790362037.648 1464.3 3.5
TL 1790362037.747 365.4 5.6
TL 1790362037.847 295.4 4.3
TL 1790362037.947 102.7 1.5
TL 1790362038.047 54.5 1.6
TL 1790362038.147 127.0 1.6
TL 1790362038.247 100.9 2.0
TL 1790362038.351 3980.6 1.3
TL 1790362038.448 326.8 4.3
TL 1790362038.548 261.8 2.5
TL 1790362038.648 532.7 3.3
TL 1790362038.748 468.6 6.1
TL 1790362038.848 332.1 3.7
TL 1790362038.949 442.7 19.9
TL 1790362039.048 160.6 1.0
TL 1790362039.148 90.5 3.1
TL 1790362039.249 67.9 1.5
TL 1790362039.351 2782.3 1.6
TL 1790362039.449 114.9 2.8
TL 1790362039.549 126.4 1.7
TL 1790362039.649 118.2 2.4
TL 1790362039.750 398.6 4.2
TL 1790362039.850 302.6 5.1
TL 1790362039.951 889.7 4.5
TL 1790362040.050 102.4 0.9
TL 1790362040.150 68.5 1.5
TL 1790362040.250 54.7 2.3
TL 1790362040.352 1074.9 1.9
TL 1790362040.451 372.9 4.0
TL 1790362040.552 626.0 1.5
TL 1790362040.652 516.8 2.3
TL 1790362040.752 1129.6 4.4
TL 1790362040.852 364.6 147.7
TL 1790362040.952 119.5 0.9
TL 1790362041.052 367.8 2.3
TL 1790362041.152 290.6 4.1
TL 1790362041.252 174.4 1.8
TL 1790362041.353 177.7 1.4
TL 1790362041.454 1487.4 3.5
TL 1790362041.554 606.2 2.2
TL 1790362041.653 51.3 1.8
TL 1790362041.753 121.0 1.9
TL 1790362041.853 182.2 1.2
TL 1790362041.954 349.0 4.5
TL 1790362042.054 352.5 3.0
TL 1790362042.154 201.8 2.6
TL 1790362042.254 72.7 1.8
TL 1790362042.354 45.5 1.9
TL 1790362042.457 3280.2 1.8
TL 1790362042.555 339.0 2.0
TL 1790362042.655 323.4 3.4
TL 1790362042.755 428.3 4.3
TL 1790362042.855 301.7 3.4
TL 1790362042.956 373.3 3.8
TL 1790362043.056 397.0 3.9
TL 1790362043.156 272.3 2.9
TL 1790362043.256 87.5 1.2
TL 1790362043.356 130.5 2.4
TL 1790362043.460 4363.5 1.9
TL 1790362043.557 308.7 1.1
TL 1790362043.657 348.3 4.1
TL 1790362043.757 318.4 3.8
TL 1790362043.857 101.6 1.6
TL 1790362043.957 100.9 3.0
TL 1790362044.057 39.8 0.9
TL 1790362044.158 331.7 3.9
TL 1790362044.258 130.9 2.0
TL 1790362044.358 533.9 1.2
TL 1790362044.458 62.5 1.7
TL 1790362044.558 512.5 2.2
TL 1790362044.658 355.1 4.0
TL 1790362044.759 356.1 4.9
TL 1790362044.859 325.7 6.4
TL 1790362044.959 245.2 2.3
TL 1790362045.059 82.8 1.3
TL 1790362045.159 203.7 1.9
TL 1790362045.260 344.6 43.9
TL 1790362045.360 121.4 1.8
TL 1790362045.460 104.7 1.7
TL 1790362045.562 2291.1 0.6
TL 1790362045.660 195.7 2.6
TL 1790362045.761 376.9 6.1
TL 1790362045.861 360.1 4.2
TL 1790362045.961 70.6 2.0
TL 1790362046.061 308.2 4.1
TL 1790362046.161 81.3 1.7
TL 1790362046.261 116.8 1.8
TL 1790362046.361 56.9 2.2
TL 1790362046.461 106.9 2.9
TL 1790362046.562 78.3 1.0
TL 1790362046.662 227.7 1.4
TL 1790362046.763 640.3 2.6
TL 1790362046.863 300.5 3.7
TL 1790362046.964 297.2 4.0
TL 1790362047.064 447.0 2.3
TL 1790362047.164 407.0 3.5
TL 1790362047.264 79.0 1.8
TL 1790362047.364 269.6 3.2
TL 1790362047.465 489.9 2.9
TL 1790362047.565 364.6 2.5
TL 1790362047.665 136.4 1.9
TL 1790362047.765 247.7 2.9
TL 1790362047.865 379.5 3.7
TL 1790362047.966 578.3 3.0
TL 1790362048.065 105.9 0.7
TL 1790362048.166 290.9 3.5
TL 1790362048.266 176.7 2.7
TL 1790362048.366 94.0 1.9
TL 1790362048.466 49.3 1.5
TL 1790362048.567 980.8 1.5
TL 1790362048.666 172.7 2.6
TL 1790362048.766 225.0 1.9
TL 1790362048.866 102.9 1.1
TL 1790362048.966 90.3 1.5
TL 1790362049.066 166.4 1.0
TL 1790362049.167 119.2 2.2
TL 1790362049.267 119.4 2.1
TL 1790362049.367 113.2 2.3
TL 1790362049.467 379.7 2.6
TL 1790362049.568 317.7 2.3
TL 1790362049.668 322.3 3.5
TL 1790362049.769 68.2 1.6
TL 1790362049.872 3068.8 1.7
TL 1790362049.969 266.9 3.5
TL 1790362050.069 289.3 1.7
TL 1790362050.170 520.8 1.8
TL 1790362050.270 396.1 3.7
TL 1790362050.370 671.8 4.7
TL 1790362050.470 360.0 3.2
TL 1790362050.570 339.4 2.3
TL 1790362050.670 106.1 2.7
TL 1790362050.770 80.9 2.1
TL 1790362050.870 79.8 2.4
TL 1790362050.970 63.1 1.9
TL 1790362051.071 957.7 2.7
TL 1790362051.171 393.4 5.0
TL 1790362051.271 244.8 4.6
TL 1790362051.372 466.4 3.5
TL 1790362051.472 111.8 2.8
TL 1790362051.573 763.1 2.4
TL 1790362051.673 242.9 3.3
TL 1790362051.773 124.8 1.5
TL 1790362051.873 270.7 3.1
TL 1790362051.973 222.7 2.8
TL 1790362052.074 826.6 0.7
TL 1790362052.174 407.1 4.8
TL 1790362052.273 115.1 2.5
TL 1790362052.376 2385.6 3.5
TL 1790362052.474 211.5 3.2
TL 1790362052.574 225.2 2.2
TL 1790362052.674 333.9 3.4
TL 1790362052.774 319.0 3.2
TL 1790362052.874 109.1 2.3
TL 1790362052.976 2097.2 1.8
TL 1790362053.080 5334.7 0.8
TL 1790362053.175 108.0 3.2
TL 1790362053.275 356.2 5.1
TL 1790362053.376 334.3 3.5
TL 1790362053.476 325.4 2.7
TL 1790362053.576 77.8 1.0
TL 1790362053.676 329.4 4.4
TL 1790362053.777 474.0 2.9
TL 1790362053.877 49.7 1.0
TL 1790362053.977 82.1 1.7
TL 1790362054.082 5714.7 0.7
TL 1790362054.177 162.8 1.9
TL 1790362054.277 431.4 4.2
TL 1790362054.378 350.4 3.7
TL 1790362054.478 186.0 2.2
TL 1790362054.578 115.4 1.0
TL 1790362054.678 161.7 3.3
TL 1790362054.778 227.3 3.2
TL 1790362054.879 167.5 1.9
TL 1790362054.979 108.6 1.9
TL 1790362055.081 2810.2 0.9
TL 1790362055.179 248.7 3.6
TL 1790362055.279 69.0 3.4
TL 1790362055.379 93.6 2.7
TL 1790362055.479 203.4 1.5
TL 1790362055.580 470.7 0.8
TL 1790362055.680 302.0 3.4
TL 1790362055.780 293.4 3.3
TL 1790362055.880 158.0 1.2
TL 1790362055.980 131.8 1.7
TL 1790362056.080 104.1 1.2
TL 1790362056.181 326.6 4.5
TL 1790362056.281 309.7 3.8
TL 1790362056.381 143.8 1.9
TL 1790362056.481 126.5 2.8
TL 1790362056.582 212.6 2.4
TL 1790362056.682 357.6 4.1
TL 1790362056.782 298.7 4.2
TL 1790362056.882 240.8 3.5
TL 1790362056.983 271.0 3.1
TL 1790362057.083 232.0 1.1
TL 1790362057.185 1959.9 11.6
TL 1790362057.284 306.6 3.9
TL 1790362057.384 260.3 4.3
TL 1790362057.486 2621.4 4.4
TL 1790362057.584 197.6 2.1
TL 1790362057.684 84.6 2.9
TL 1790362057.784 148.5 2.6
TL 1790362057.885 219.5 3.2
TL 1790362057.985 699.3 1.6
TL 1790362058.086 1097.8 0.8
TL 1790362058.185 354.1 4.5
TL 1790362058.285 200.1 3.6
TL 1790362058.385 103.1 1.9
TL 1790362058.486 356.3 4.1
TL 1790362058.586 639.9 2.0
TL 1790362058.686 332.0 4.6
TL 1790362058.786 292.6 3.7
TL 1790362058.886 223.6 4.0
TL 1790362058.986 83.7 1.7
TL 1790362059.087 121.5 1.1
TL 1790362059.190 110.2 1.6
TL 1790362059.290 116.3 2.3
TL 1790362059.390 197.7 2.4
TL 1790362059.490 360.4 3.4
TL 1790362059.590 343.8 2.4
TL 1790362059.690 73.2 1.6
TL 1790362059.790 54.5 1.7
TL 1790362059.891 95.4 2.9
TL 1790362059.991 146.3 2.3
TL 1790362060.091 66.0 0.8
TL 1790362060.191 160.8 2.2
TL 1790362060.292 460.2 5.1
TL 1790362060.392 406.7 3.6
TL 1790362060.492 471.5 2.7
TL 1790362060.592 418.5 54.6
TL 1790362060.693 751.1 4.4
TL 1790362060.793 520.2 4.0
TL 1790362060.893 230.9 3.3
TL 1790362060.993 97.0 1.5
TL 1790362061.093 187.7 1.3
TL 1790362061.193 367.4 2.7
TL 1790362061.293 66.7 2.2
TL 1790362061.393 61.1 1.7
TL 1790362061.493 63.1 1.9
TL 1790362061.593 109.5 1.4
TL 1790362061.694 428.0 4.1
TL 1790362061.794 349.8 4.3
TL 1790362061.895 502.1 4.2
TL 1790362061.995 284.6 3.9
TL 1790362062.095 72.3 0.9
TL 1790362062.195 85.4 2.5
TL 1790362062.295 90.2 2.0
TL 1790362062.395 87.2 1.6
TL 1790362062.496 361.8 1.7
TL 1790362062.596 131.7 1.0
TL 1790362062.696 118.5 2.0
TL 1790362062.796 334.8 3.6
TL 1790362062.896 151.1 2.2
TL 1790362062.996 91.4 2.4
TL 1790362063.097 458.0 2.6
TL 1790362063.198 460.9 4.6
TL 1790362063.298 548.3 6.9
TL 1790362063.398 105.1 2.2
TL 1790362063.498 331.8 4.6
TL 1790362063.599 456.4 3.3
TL 1790362063.699 201.5 2.8
TL 1790362063.799 46.5 1.8
TL 1790362063.900 892.9 2.2
TL 1790362063.999 142.4 1.7
TL 1790362064.099 80.5 0.7
TL 1790362064.200 442.8 5.1
TL 1790362064.301 587.6 3.2
TL 1790362064.400 150.9 1.9
TL 1790362064.500 66.6 3.9
TL 1790362064.600 90.6 1.6
TL 1790362064.701 183.9 2.2
TL 1790362064.801 102.9 1.8
TL 1790362064.901 672.1 2.2
TL 1790362065.001 238.7 4.9
TL 1790362065.102 402.4 1.8
TL 1790362065.202 354.5 4.0
TL 1790362065.302 311.4 3.6
TL 1790362065.402 362.3 4.0
TL 1790362065.502 56.3 2.1
TL 1790362065.602 226.4 2.2
TL 1790362065.702 235.8 3.0
TL 1790362065.804 1542.2 1.7
TL 1790362065.903 334.2 4.7
TL 1790362066.003 352.4 6.0
TL 1790362066.103 327.0 2.0
TL 1790362066.203 75.9 2.1
TL 1790362066.304 265.3 2.8
TL 1790362066.404 438.0 2.8
TL 1790362066.504 217.9 4.2
TL 1790362066.604 116.1 1.7
TL 1790362066.704 151.8 2.3
TL 1790362066.804 214.4 2.6
TL 1790362066.905 377.4 2.0
TL 1790362067.004 113.2 3.1
TL 1790362067.105 158.4 1.1
TL 1790362067.205 491.4 3.7
TL 1790362067.306 278.5 2.8
TL 1790362067.406 381.6 4.1
TL 1790362067.506 326.2 3.5
TL 1790362067.606 231.5 3.1
TL 1790362067.706 171.5 3.3
TL 1790362067.806 67.9 3.1
TL 1790362067.908 1197.1 5.3
TL 1790362068.007 278.1 2.7
TL 1790362068.107 289.0 1.7
TL 1790362068.207 350.2 5.2
TL 1790362068.307 295.2 4.4
TL 1790362068.407 64.5 1.9
TL 1790362068.508 280.8 1.2
TL 1790362068.608 63.2 1.1
TL 1790362068.708 168.4 3.1
TL 1790362068.815 7457.2 3.0
TL 1790362068.908 391.6 3.6
TL 1790362069.008 62.1 1.7
TL 1790362069.108 80.1 1.7
TL 1790362069.209 223.1 3.2
TL 1790362069.309 323.7 2.8
TL 1790362069.409 87.4 1.7
TL 1790362069.509 56.8 2.3
TL 1790362069.609 263.5 2.3
TL 1790362069.709 184.7 4.1
TL 1790362069.809 67.9 1.5
TL 1790362069.910 205.2 55.2
TL 1790362070.010 259.7 2.8
TL 1790362070.110 315.8 2.0
TL 1790362070.210 370.9 3.6
TL 1790362070.312 400.1 3.4
TL 1790362070.413 957.6 4.7
TL 1790362070.512 322.4 3.9
TL 1790362070.613 247.7 2.5
TL 1790362070.713 88.2 1.6
TL 1790362070.813 72.8 2.6
TL 1790362070.915 1915.1 9.9
TL 1790362071.013 75.9 1.9
TL 1790362071.114 546.6 1.5
TL 1790362071.214 375.7 4.6
TL 1790362071.314 51.9 2.1
TL 1790362071.414 95.0 2.5
TL 1790362071.514 109.1 3.2
TL 1790362071.614 267.4 1.2
TL 1790362071.714 121.3 4.1
TL 1790362071.814 117.8 1.7
TL 1790362071.915 257.3 3.1
TL 1790362072.015 138.5 1.6
TL 1790362072.115 516.0 1.5
TL 1790362072.215 495.3 3.4
TL 1790362072.315 354.9 4.4
TL 1790362072.415 317.8 5.2
TL 1790362072.515 152.3 2.5
TL 1790362072.616 124.6 1.6
TL 1790362072.716 79.6 1.4
TL 1790362072.816 354.0 4.7
TL 1790362072.916 91.5 2.3
TL 1790362073.016 91.3 1.8
TL 1790362073.116 320.8 0.8
TL 1790362073.217 518.8 4.1
TL 1790362073.317 362.6 3.6
TL 1790362073.417 488.4 4.5
TL 1790362073.517 239.5 3.8
TL 1790362073.617 72.6 2.9
TL 1790362073.717 85.8 3.5
TL 1790362073.817 71.4 1.7
TL 1790362073.918 200.2 3.2
TL 1790362074.018 272.2 3.0
TL 1790362074.118 148.8 1.2
TL 1790362074.218 90.6 1.7
TL 1790362074.318 197.8 3.2
TL 1790362074.419 346.0 4.4
TL 1790362074.519 141.4 1.7
TL 1790362074.619 240.4 1.6
TL 1790362074.719 323.9 4.1
TL 1790362074.819 232.3 3.9
TL 1790362074.920 287.3 3.5
TL 1790362075.020 138.2 2.8
TL 1790362075.120 438.4 1.8
TL 1790362075.220 203.4 3.9
TL 1790362075.320 109.1 2.2
TL 1790362075.421 274.8 2.9
TL 1790362075.521 357.6 4.0
TL 1790362075.621 379.0 3.1
TL 1790362075.722 674.0 4.3
TL 1790362075.821 279.2 3.7
TL 1790362075.921 78.3 1.9
TL 1790362076.021 71.6 2.9
TL 1790362076.121 56.4 1.5
TL 1790362076.222 83.6 1.6
TL 1790362076.322 92.1 1.5
TL 1790362076.422 347.1 4.0
TL 1790362076.522 68.6 1.5
TL 1790362076.622 474.0 1.5
TL 1790362076.724 257.3 3.3
TL 1790362076.824 82.5 2.1
TL 1790362076.924 242.5 3.6
TL 1790362077.024 120.3 2.2
TL 1790362077.125 686.3 2.4
TL 1790362077.225 357.2 4.3
TL 1790362077.325 314.3 4.2
TL 1790362077.425 390.4 4.5
TL 1790362077.525 348.9 3.3
TL 1790362077.626 916.6 3.0
TL 1790362077.725 279.9 3.5
TL 1790362077.825 107.4 1.8
TL 1790362077.925 63.3 1.7
TL 1790362078.026 634.8 2.1
TL 1790362078.126 52.9 0.8
TL 1790362078.226 74.1 3.0
TL 1790362078.326 95.3 3.0
TL 1790362078.426 148.1 3.3
TL 1790362078.526 84.4 2.0
TL 1790362078.628 361.2 3.1
TL 1790362078.728 279.4 136.7
TL 1790362078.828 234.8 3.7
TL 1790362078.928 345.2 4.2
TL 1790362079.028 210.5 1.9
TL 1790362079.128 76.9 1.8
TL 1790362079.230 1965.7 4.2
TL 1790362079.329 506.0 4.3
TL 1790362079.429 258.2 2.8
TL 1790362079.530 273.8 4.1
TL 1790362079.630 227.6 1.3
TL 1790362079.730 331.6 4.6
TL 1790362079.830 295.3 3.0
TL 1790362079.930 210.9 2.9
TL 1790362080.031 115.4 1.7
TL 1790362080.131 60.4 1.0
TL 1790362080.231 785.9 3.1
TL 1790362080.331 72.4 1.9
TL 1790362080.431 271.8 3.9
TL 1790362080.531 72.2 2.0
TL 1790362080.631 294.9 1.4
TL 1790362080.732 281.6 4.6
TL 1790362080.832 159.1 2.7
TL 1790362080.932 307.3 3.2
TL 1790362081.032 105.5 1.8
TL 1790362081.132 101.0 1.2
TL 1790362081.233 439.8 2.1
TL 1790362081.333 332.7 3.3
TL 1790362081.433 71.4 1.6
TL 1790362081.533 428.3 3.4
TL 1790362081.635 2248.2 2.3
TL 1790362081.733 405.4 4.7
TL 1790362081.834 368.7 4.4
TL 1790362081.934 302.8 3.0
TL 1790362082.034 394.6 3.9
TL 1790362082.135 483.5 2.6
TL 1790362082.234 88.5 3.4
TL 1790362082.335 115.3 2.6
TL 1790362082.439 4106.7 1.6
TL 1790362082.535 323.2 4.0
TL 1790362082.635 466.2 1.8
TL 1790362082.735 62.3 2.7
TL 1790362082.835 74.5 2.2
TL 1790362082.935 168.0 2.3
TL 1790362083.036 244.2 2.9
TL 1790362083.136 190.4 2.0
TL 1790362083.236 371.0 3.3
TL 1790362083.336 63.3 1.6
TL 1790362083.438 1764.5 2.0
TL 1790362083.536 122.4 2.4
TL 1790362083.636 252.7 2.4
TL 1790362083.737 357.4 4.5
TL 1790362083.837 267.4 4.2
TL 1790362083.938 358.0 3.3
TL 1790362084.038 143.4 1.8
TL 1790362084.138 186.3 1.9
TL 1790362084.238 107.6 2.1
TL 1790362084.338 58.5 1.8
TL 1790362084.439 462.1 2.1
TL 1790362084.539 327.1 4.1
TL 1790362084.639 312.9 2.7
TL 1790362084.739 334.0 3.1
TL 1790362084.840 353.2 4.5
TL 1790362084.939 55.7 1.5
TL 1790362085.040 108.3 1.6
TL 1790362085.140 72.1 1.9
TL 1790362085.240 82.5 1.5
TL 1790362085.340 91.2 2.0
TL 1790362085.443 2703.2 1.8
TL 1790362085.541 450.2 3.7
TL 1790362085.640 73.6 1.6
TL 1790362085.741 242.1 1.6
TL 1790362085.841 349.7 3.2
TL 1790362085.941 367.2 4.2
TL 1790362086.042 451.3 4.5
TL 1790362086.142 280.5 3.4
TL 1790362086.242 259.5 3.1
TL 1790362086.342 127.8 2.4
TL 1790362086.442 72.1 1.8
TL 1790362086.546 3645.8 1.7
TL 1790362086.643 143.4 2.0
TL 1790362086.743 371.1 5.8
TL 1790362086.843 313.5 4.2
TL 1790362086.944 1030.0 3.5
TL 1790362087.044 167.1 2.6
TL 1790362087.144 316.2 2.1
TL 1790362087.244 90.8 3.4
TL 1790362087.345 132.3 1.9
TL 1790362087.445 82.7 2.6
TL 1790362087.545 91.0 1.6
TL 1790362087.646 1262.6 1.5
TL 1790362087.745 390.4 4.2
TL 1790362087.845 369.4 2.9
TL 1790362087.946 419.7 4.0
TL 1790362088.046 137.5 2.3
TL 1790362088.146 256.5 2.9
TL 1790362088.246 330.4 3.6
TL 1790362088.346 152.7 1.4
TL 1790362088.446 110.3 1.9
TL 1790362088.546 51.9 1.6
TL 1790362088.650 3561.7 1.5
TL 1790362088.747 441.9 3.4
TL 1790362088.847 397.5 4.6
TL 1790362088.947 366.6 3.9
TL 1790362089.048 413.7 4.8
TL 1790362089.148 237.6 2.3
TL 1790362089.248 407.5 4.1
TL 1790362089.348 139.5 1.8
TL 1790362089.448 75.2 1.9
TL 1790362089.548 150.8 2.6
TL 1790362089.648 247.2 1.8
TL 1790362089.748 103.5 2.1
TL 1790362089.849 362.5 4.0
TL 1790362089.949 207.4 2.7
TL 1790362090.049 121.8 2.6
TL 1790362090.149 377.5 2.9
TL 1790362090.249 331.5 4.0
TL 1790362090.349 319.8 3.5
TL 1790362090.450 440.5 2.7
TL 1790362090.550 134.5 2.1
TL 1790362090.650 213.1 1.9
TL 1790362090.752 2115.8 1.7
TL 1790362090.852 2120.8 2.0
TL 1790362090.950 120.1 1.9
TL 1790362091.050 163.5 3.3
TL 1790362091.150 249.6 1.9
TL 1790362091.251 379.3 7.2
TL 1790362091.351 409.4 3.9
TL 1790362091.452 777.5 2.3
TL 1790362091.551 85.3 1.6
TL 1790362091.652 191.7 1.5
TL 1790362091.752 67.2 1.5
TL 1790362091.852 185.2 1.7
TL 1790362091.952 179.7 2.1
TL 1790362092.052 161.7 3.3
TL 1790362092.152 152.5 1.5
TL 1790362092.252 113.2 2.4
TL 1790362092.353 269.9 3.0
TL 1790362092.453 294.0 4.2
TL 1790362092.553 153.4 2.8
TL 1790362092.653 178.8 2.2
TL 1790362092.753 363.5 3.6
TL 1790362092.853 68.9 1.4
TL 1790362092.953 95.7 1.9
TL 1790362093.054 435.9 1.9
TL 1790362093.154 314.9 2.7
TL 1790362093.254 406.6 4.0
TL 1790362093.354 368.3 5.7
TL 1790362093.455 281.9 3.7
TL 1790362093.555 232.7 3.9
TL 1790362093.655 234.5 2.6
TL 1790362093.755 320.2 4.8
TL 1790362093.855 96.6 1.7
TL 1790362093.955 99.8 3.1
TL 1790362094.056 549.0 1.9
TL 1790362094.155 131.7 1.6
TL 1790362094.255 106.2 2.0
TL 1790362094.356 377.0 2.0
TL 1790362094.456 329.6 3.7
TL 1790362094.556 526.8 4.2
TL 1790362094.656 262.9 2.9
TL 1790362094.756 157.8 3.2
TL 1790362094.856 211.7 3.8
TL 1790362094.956 76.0 1.6
TL 1790362095.057 109.6 2.9
TL 1790362095.157 173.1 1.4
TL 1790362095.257 332.5 4.2
TL 1790362095.357 270.7 2.8
TL 1790362095.457 257.0 3.3
TL 1790362095.558 450.9 2.8
TL 1790362095.658 234.1 3.1
TL 1790362095.758 283.9 4.6
TL 1790362095.858 74.8 1.4
TL 1790362095.958 372.2 2.2
TL 1790362096.058 65.1 1.2
TL 1790362096.158 359.2 1.7
TL 1790362096.258 107.4 3.2
TL 1790362096.358 83.6 1.9
TL 1790362096.459 136.6 2.7
TL 1790362096.559 73.1 1.5
TL 1790362096.659 122.5 1.4
TL 1790362096.759 178.3 1.9
TL 1790362096.859 246.7 4.4
TL 1790362096.960 200.5 2.8
TL 1790362097.060 363.1 3.5
TL 1790362097.160 135.8 1.3
TL 1790362097.260 541.9 1.4
TL 1790362097.360 214.0 1.8
TL 1790362097.460 327.4 2.8
TL 1790362097.561 291.0 2.8
TL 1790362097.661 313.6 3.2
TL 1790362097.761 296.5 3.5
TL 1790362097.861 233.2 3.7
TL 1790362097.961 440.3 4.6
TL 1790362098.061 257.3 2.8
TL 1790362098.161 227.2 2.9
TL 1790362098.262 192.3 1.6
TL 1790362098.361 64.3 1.5
TL 1790362098.462 348.6 2.5
TL 1790362098.562 101.7 2.9
TL 1790362098.662 57.4 1.4
TL 1790362098.762 152.9 1.6
TL 1790362098.862 217.5 1.8
TL 1790362098.963 410.4 3.2
TL 1790362099.063 104.8 1.0
TL 1790362099.163 226.0 2.7
TL 1790362099.263 315.2 3.3
TL 1790362099.363 73.0 1.2
TL 1790362099.464 682.1 4.5
TL 1790362099.564 434.9 3.0
TL 1790362099.664 403.6 2.2
TL 1790362099.764 402.1 3.4
TL 1790362099.864 244.4 3.2
TL 1790362099.965 397.1 3.0
TL 1790362100.064 108.6 1.7
TL 1790362100.165 91.4 0.8
TL 1790362100.265 521.9 1.8
TL 1790362100.365 225.3 2.6
TL 1790362100.465 155.1 2.0
TL 1790362100.566 566.5 3.5
TL 1790362100.666 387.4 2.8
TL 1790362100.766 264.8 2.2
TL 1790362100.865 96.4 1.8
TL 1790362100.966 69.6 2.9
TL 1790362101.066 70.1 2.3
TL 1790362101.166 172.9 1.8
TL 1790362101.266 352.9 4.4
TL 1790362101.366 173.8 2.2
TL 1790362101.467 329.9 3.1
TL 1790362101.567 373.4 3.3
TL 1790362101.667 82.9 0.7
TL 1790362101.767 357.4 2.8
TL 1790362101.867 275.0 3.2
TL 1790362101.967 315.0 2.4
TL 1790362102.068 381.0 3.8
TL 1790362102.168 164.3 2.9
TL 1790362102.268 229.5 2.1
TL 1790362102.368 93.0 1.3
TL 1790362102.469 688.5 2.0
TL 1790362102.571 1961.5 1.5
TL 1790362102.669 200.2 1.5
TL 1790362102.769 208.0 2.0
TL 1790362102.870 102.7 1.8
TL 1790362102.970 312.0 3.9
TL 1790362103.070 128.9 2.0
TL 1790362103.170 102.6 2.2
TL 1790362103.270 87.8 2.2
TL 1790362103.370 73.7 2.1
TL 1790362103.471 380.2 4.4
TL 1790362103.571 303.4 3.8
TL 1790362103.671 348.7 2.9
TL 1790362103.771 269.2 4.1
TL 1790362103.872 356.5 3.9
TL 1790362103.972 215.8 3.3
TL 1790362104.072 165.1 2.7
TL 1790362104.172 293.6 2.8
TL 1790362104.272 121.4 1.7
TL 1790362104.372 83.5 1.1
TL 1790362104.472 66.0 2.1
TL 1790362104.573 387.7 2.1
TL 1790362104.672 70.6 1.3
TL 1790362104.773 355.2 2.9
TL 1790362104.874 552.6 3.2
TL 1790362104.974 339.7 4.7
TL 1790362105.074 300.7 4.7
TL 1790362105.174 497.3 4.0
TL 1790362105.274 115.0 1.8
TL 1790362105.374 109.4 6.1
TL 1790362105.474 124.5 1.8
TL 1790362105.574 119.4 2.4
TL 1790362105.675 262.7 3.6
TL 1790362105.775 241.3 3.6
TL 1790362105.875 176.5 1.7
TL 1790362105.975 204.2 2.3
TL 1790362106.075 267.7 3.1
TL 1790362106.175 100.9 1.4
TL 1790362106.275 121.9 3.7
TL 1790362106.376 55.1 2.2
TL 1790362106.476 192.1 1.7
TL 1790362106.576 105.3 4.0
TL 1790362106.680 4135.6 2.3
TL 1790362106.776 56.1 3.4
TL 1790362106.876 133.3 1.8
TL 1790362106.976 83.0 3.0
TL 1790362107.077 81.7 2.9
TL 1790362107.177 92.9 1.2
TL 1790362107.277 148.2 1.7
TL 1790362107.377 106.0 1.9
TL 1790362107.477 199.4 2.8
TL 1790362107.577 111.7 2.0
TL 1790362107.677 105.8 2.3
TL 1790362107.777 91.8 3.3
TL 1790362107.877 43.0 2.0
TL 1790362107.977 47.1 1.7
TL 1790362108.078 113.1 2.4
TL 1790362108.178 264.7 1.2
TL 1790362108.278 162.2 2.3
TL 1790362108.378 71.9 2.8
TL 1790362108.478 139.9 2.1
TL 1790362108.579 146.6 1.7
TL 1790362108.679 167.3 1.1
TL 1790362108.779 95.5 3.6
TL 1790362108.879 96.9 2.4
TL 1790362108.979 71.0 3.0
TL 1790362109.079 140.3 2.2
TL 1790362109.179 137.7 2.7
TL 1790362109.280 112.3 2.1
TL 1790362109.380 77.5 2.4
TL 1790362109.480 82.2 3.8
TL 1790362109.580 162.7 1.3
TL 1790362109.680 46.5 1.7
TL 1790362109.780 154.6 1.3
TL 1790362109.880 174.6 3.0
TL 1790362109.981 73.3 2.6
TL 1790362110.081 103.8 1.9
TL 1790362110.181 53.5 2.3
TL 1790362110.281 58.8 2.4
TL 1790362110.381 75.3 1.9
TL 1790362110.481 192.6 2.0
TL 1790362110.583 1541.0 4.2
TL 1790362110.681 120.5 2.4
TL 1790362110.782 111.3 1.9
TL 1790362110.882 112.6 2.7
TL 1790362110.982 72.7 1.4
TL 1790362111.083 141.0 2.0
TL 1790362111.183 160.1 1.2
TL 1790362111.283 110.1 3.0
TL 1790362111.384 536.1 2.3
TL 1790362111.484 310.4 4.5
TL 1790362111.583 154.7 1.0
TL 1790362111.684 263.0 1.5
TL 1790362111.784 379.8 3.3
TL 1790362111.884 93.4 2.9
TL 1790362111.984 131.8 1.9
TL 1790362112.084 213.5 4.6
TL 1790362112.184 218.4 2.4
TL 1790362112.285 264.6 3.3
TL 1790362112.385 280.8 3.6
TL 1790362112.485 128.9 2.7
TL 1790362112.585 225.1 3.5
TL 1790362112.685 265.3 2.7
TL 1790362112.785 327.5 3.4
TL 1790362112.885 205.5 2.4
TL 1790362112.986 96.5 2.1
TL 1790362113.086 284.8 4.2
TL 1790362113.186 382.2 3.2
TL 1790362113.286 186.8 1.6
TL 1790362113.386 269.4 2.6
TL 1790362113.487 245.5 2.6
TL 1790362113.587 350.4 2.7
TL 1790362113.687 126.9 1.1
TL 1790362113.787 210.7 2.7
TL 1790362113.888 558.5 1.2
TL 1790362113.988 82.8 1.5
TL 1790362114.090 1698.4 2.1
TL 1790362114.188 320.4 3.1
TL 1790362114.289 375.7 4.1
TL 1790362114.389 292.9 3.9
TL 1790362114.489 183.8 2.0
TL 1790362114.589 238.5 3.7
TL 1790362114.689 271.9 3.1
TL 1790362114.789 203.4 4.2
TL 1790362114.889 78.6 1.2
TL 1790362114.990 196.6 3.0
TL 1790362115.090 297.4 3.7
TL 1790362115.190 285.8 2.4
TL 1790362115.290 334.9 5.1
TL 1790362115.390 203.5 2.5
TL 1790362115.491 300.5 3.2
TL 1790362115.591 344.4 3.3
TL 1790362115.691 327.7 3.3
TL 1790362115.791 53.8 1.0
TL 1790362115.892 120.9 1.7
TL 1790362115.992 88.1 1.2
TL 1790362116.092 534.7 2.3
TL 1790362116.192 326.7 1.8
TL 1790362116.292 235.5 2.5
TL 1790362116.393 410.6 3.0
TL 1790362116.493 325.0 4.0
TL 1790362116.593 341.4 3.6
TL 1790362116.693 209.5 2.0
TL 1790362116.793 82.8 1.1
TL 1790362116.894 333.2 5.5
TL 1790362116.994 290.2 3.8
TL 1790362117.094 224.8 2.7
TL 1790362117.195 348.3 3.0
TL 1790362117.295 542.6 2.4
TL 1790362117.395 96.6 2.4
TL 1790362117.495 235.6 3.3
TL 1790362117.595 183.2 1.8
TL 1790362117.695 122.7 1.0
TL 1790362117.796 254.1 3.1
TL 1790362117.896 134.8 2.1
TL 1790362117.996 204.9 3.7
TL 1790362118.096 316.4 3.2
TL 1790362118.197 364.7 2.2
TL 1790362118.297 383.6 3.6
TL 1790362118.397 367.2 3.2
TL 1790362118.497 258.9 2.9
TL 1790362118.597 245.4 3.1
TL 1790362118.697 115.3 0.8
TL 1790362118.797 67.1 1.1
TL 1790362118.897 249.2 2.1
TL 1790362118.997 123.3 1.7
TL 1790362119.098 429.6 4.0
TL 1790362119.198 274.5 2.6
TL 1790362119.298 344.4 3.6
TL 1790362119.398 333.3 3.0
TL 1790362119.498 125.0 1.2
TL 1790362119.599 193.9 2.8
TL 1790362119.699 105.4 1.5
TL 1790362119.799 269.6 2.1
TL 1790362119.900 429.8 2.2
TL 1790362119.999 110.6 0.9
TL 1790362120.100 276.3 2.4
TL 1790362120.200 221.9 2.1
TL 1790362120.300 204.4 3.0
TL 1790362120.400 272.1 2.9
TL 1790362120.500 92.8 2.1
TL 1790362120.600 81.0 1.6
TL 1790362120.701 431.6 3.0
TL 1790362120.801 300.2 2.8
TL 1790362120.901 320.3 2.7
TL 1790362121.001 88.9 2.7
TL 1790362121.101 174.9 2.6
TL 1790362121.202 360.6 2.4
TL 1790362121.302 381.4 3.3
TL 1790362121.402 225.7 3.1
TL 1790362121.502 100.5 1.5
TL 1790362121.602 111.3 1.9
TL 1790362121.703 361.8 1.5
TL 1790362121.803 271.7 2.3
TL 1790362121.903 278.6 2.2
TL 1790362122.003 309.7 3.3
TL 1790362122.103 91.7 1.6
TL 1790362122.203 180.9 1.7
TL 1790362122.303 78.6 1.3
TL 1790362122.404 644.4 2.1
TL 1790362122.504 337.4 2.7
TL 1790362122.605 362.0 2.1
TL 1790362122.705 365.7 2.8
TL 1790362122.805 198.5 4.5
TL 1790362122.905 328.1 3.3
TL 1790362123.006 263.9 2.0
TL 1790362123.106 164.9 3.2
TL 1790362123.206 85.6 1.3
TL 1790362123.307 235.9 3.2
TL 1790362123.407 226.4 2.8
TL 1790362123.507 453.4 3.7
TL 1790362123.607 216.2 3.4
TL 1790362123.707 126.6 1.5
TL 1790362123.808 254.6 3.1
TL 1790362123.908 338.0 3.4
TL 1790362124.008 123.7 0.9
TL 1790362124.108 306.0 2.3
TL 1790362124.208 67.4 1.3
TL 1790362124.309 410.6 3.2
TL 1790362124.409 348.2 4.3
TL 1790362124.509 211.3 3.1
TL 1790362124.609 206.1 3.1
TL 1790362124.710 284.1 1.5
TL 1790362124.810 199.8 3.5
TL 1790362124.910 208.1 3.8
TL 1790362125.010 99.1 1.3
TL 1790362125.110 78.6 1.8
TL 1790362125.210 262.4 2.9
TL 1790362125.311 334.9 7.6
TL 1790362125.411 213.9 3.2
TL 1790362125.511 332.3 4.9
TL 1790362125.611 324.0 6.3
TL 1790362125.712 322.3 2.1
TL 1790362125.812 223.2 4.1
TL 1790362125.912 93.6 1.4
TL 1790362126.012 147.3 1.9
TL 1790362126.112 68.9 1.9
TL 1790362126.213 286.1 2.1
TL 1790362126.313 52.6 2.6
TL 1790362126.413 291.6 2.9
TL 1790362126.513 269.3 3.9
TL 1790362126.613 324.3 5.6
TL 1790362126.714 238.0 4.3
TL 1790362126.814 303.1 3.4
TL 1790362126.914 124.2 2.9
TL 1790362127.014 301.9 5.3
TL 1790362127.114 303.8 6.1
TL 1790362127.215 319.8 3.4
TL 1790362127.315 211.5 3.7
TL 1790362127.415 302.0 5.2
TL 1790362127.515 124.2 1.7
TL 1790362127.615 108.0 1.3
TL 1790362127.715 97.0 1.2
TL 1790362127.816 209.6 2.1
TL 1790362127.916 276.6 4.0
TL 1790362128.016 262.8 4.0
TL 1790362128.116 172.0 4.2
TL 1790362128.217 276.7 2.6
TL 1790362128.317 255.6 4.4
TL 1790362128.417 60.2 1.7
TL 1790362128.517 295.4 3.2
TL 1790362128.617 82.3 1.0
TL 1790362128.718 118.9 1.0
TL 1790362128.818 242.8 3.1
TL 1790362128.918 265.7 2.7
TL 1790362129.019 400.7 3.2
TL 1790362129.118 89.4 2.0
TL 1790362129.219 292.6 3.1
TL 1790362129.319 321.5 3.6
TL 1790362129.419 99.3 1.0
TL 1790362129.519 83.8 1.8
TL 1790362129.619 76.5 1.2
TL 1790362129.719 296.9 2.8
TL 1790362129.820 289.7 1.1
TL 1790362129.920 337.1 3.7
TL 1790362130.021 388.3 2.7
TL 1790362130.121 282.9 3.1
TL 1790362130.221 244.6 3.0
TL 1790362130.321 254.2 3.4
TL 1790362130.421 164.6 1.5
TL 1790362130.521 94.5 1.5
TL 1790362130.622 167.0 2.1
TL 1790362130.722 282.7 2.2
TL 1790362130.822 263.4 3.4
TL 1790362130.922 149.1 1.6
TL 1790362131.023 230.1 2.5
TL 1790362131.123 327.6 4.8
TL 1790362131.223 290.1 3.0
TL 1790362131.323 114.5 2.1
TL 1790362131.423 83.2 1.0
TL 1790362131.524 559.8 2.5
TL 1790362131.624 156.7 3.5
TL 1790362131.724 347.4 3.1
TL 1790362131.825 351.6 2.8
TL 1790362131.925 325.4 3.0
TL 1790362132.025 93.7 1.2
TL 1790362132.125 72.4 1.1
TL 1790362132.225 243.0 2.2
TL 1790362132.326 358.1 4.9
TL 1790362132.426 340.3 4.5
TL 1790362132.526 196.6 3.0
TL 1790362132.626 315.4 3.2
TL 1790362132.726 211.8 3.2
TL 1790362132.826 109.9 1.3
TL 1790362132.926 67.3 1.9
TL 1790362133.027 820.0 5.1
TL 1790362133.127 307.6 2.6
TL 1790362133.227 326.0 3.3
TL 1790362133.327 221.7 3.4
TL 1790362133.428 325.4 3.9
TL 1790362133.528 320.2 3.2
TL 1790362133.628 300.3 3.2
TL 1790362133.728 153.7 1.2
TL 1790362133.828 128.9 3.0
TL 1790362133.929 593.6 3.5
TL 1790362134.030 874.1 3.1
TL 1790362134.129 285.6 3.0
TL 1790362134.229 54.7 0.7
TL 1790362134.329 430.9 2.8
TL 1790362134.430 381.3 3.5
TL 1790362134.530 207.8 2.6
TL 1790362134.630 180.3 2.5
TL 1790362134.730 109.0 1.5
TL 1790362134.831 317.8 1.6
TL 1790362134.931 268.6 2.2
TL 1790362135.032 853.7 2.0
TL 1790362135.133 361.1 3.8
TL 1790362135.233 127.8 1.8
TL 1790362135.333 322.2 4.7
TL 1790362135.433 119.1 2.9
TL 1790362135.533 182.3 2.4
TL 1790362135.633 78.5 2.2
TL 1790362135.733 256.8 2.3
TL 1790362135.833 127.3 2.9
TL 1790362135.934 112.2 2.1
TL 1790362136.034 477.6 3.4
TL 1790362136.134 353.8 3.1
TL 1790362136.235 344.2 3.5
TL 1790362136.335 77.1 1.2
TL 1790362136.435 123.2 2.0
TL 1790362136.535 91.6 1.3
TL 1790362136.636 506.4 2.9
TL 1790362136.736 236.3 2.1
TL 1790362136.836 225.2 3.6
TL 1790362136.936 220.3 3.9
TL 1790362137.036 343.5 4.2
TL 1790362137.136 112.8 1.6
TL 1790362137.236 111.6 1.4
TL 1790362137.336 243.6 3.1
TL 1790362137.437 341.5 5.3
TL 1790362137.537 325.1 3.4
TL 1790362137.637 322.1 2.7
TL 1790362137.737 189.0 1.3
TL 1790362137.838 345.2 4.6
TL 1790362137.937 109.9 1.4
TL 1790362138.038 239.6 3.9
TL 1790362138.138 114.7 1.5
TL 1790362138.238 105.2 1.7
TL 1790362138.338 229.6 2.2
TL 1790362138.438 176.7 29.6
TL 1790362138.539 512.7 4.0
TL 1790362138.639 344.2 5.9
TL 1790362138.740 283.8 1.0
TL 1790362138.840 325.2 3.1
TL 1790362138.940 379.8 2.3
TL 1790362139.040 114.8 1.5
TL 1790362139.140 101.1 2.4
TL 1790362139.241 257.2 2.1
TL 1790362139.341 326.9 2.6
TL 1790362139.441 299.3 3.1
TL 1790362139.541 309.9 3.7
TL 1790362139.641 492.2 3.1
TL 1790362139.741 232.6 3.8
TL 1790362139.841 202.6 2.7
TL 1790362139.942 200.3 2.6
TL 1790362140.042 68.2 1.7
TL 1790362140.142 301.1 4.5
TL 1790362140.242 263.4 2.0
TL 1790362140.342 254.0 1.9
TL 1790362140.442 307.0 1.9
TL 1790362140.542 128.9 1.5
TL 1790362140.643 213.9 4.2
TL 1790362140.743 356.3 3.1
TL 1790362140.844 319.4 1.4
TL 1790362140.944 184.6 2.4
TL 1790362141.044 400.2 2.3
TL 1790362141.144 85.1 1.8
TL 1790362141.245 503.9 2.9
TL 1790362141.345 291.5 2.9
TL 1790362141.445 303.4 2.9
TL 1790362141.545 291.4 4.2
TL 1790362141.645 185.5 3.1
TL 1790362141.745 220.3 3.1
TL 1790362141.845 193.3 3.4
TL 1790362141.945 94.1 2.1
TL 1790362142.046 151.4 1.9
TL 1790362142.146 97.0 1.3
TL 1790362142.247 594.9 2.0
TL 1790362142.347 275.7 3.2
TL 1790362142.447 232.3 2.9
TL 1790362142.547 310.8 3.1
TL 1790362142.647 134.3 1.8
TL 1790362142.747 72.7 1.6
TL 1790362142.847 347.7 4.2
TL 1790362142.948 296.7 3.3
TL 1790362143.048 361.8 2.9
TL 1790362143.148 334.4 3.0
TL 1790362143.248 405.9 3.5
TL 1790362143.348 306.0 2.9
TL 1790362143.449 330.8 3.6
TL 1790362143.549 239.9 1.9
TL 1790362143.649 107.0 1.8
TL 1790362143.749 112.9 1.6
TL 1790362143.849 331.5 2.2
TL 1790362143.949 396.0 1.9
TL 1790362144.049 244.4 2.8
TL 1790362144.150 188.0 3.6
TL 1790362144.250 70.2 1.7
TL 1790362144.350 358.2 4.6
TL 1790362144.450 135.4 1.8
TL 1790362144.550 317.8 3.6
TL 1790362144.650 89.8 1.9
TL 1790362144.751 234.1 2.3
TL 1790362144.851 111.6 1.5
TL 1790362144.951 118.1 1.9
TL 1790362145.051 116.3 1.8
TL 1790362145.151 280.5 1.5
TL 1790362145.251 195.1 1.1
TL 1790362145.352 130.5 3.4
TL 1790362145.452 263.8 1.6
TL 1790362145.552 95.2 1.0
TL 1790362145.652 82.5 1.6
TL 1790362145.752 85.8 1.1
TL 1790362145.852 111.9 2.8
TL 1790362145.952 58.1 2.0
TL 1790362146.052 70.8 1.9
TL 1790362146.152 79.3 3.5
TL 1790362146.253 75.6 1.6
TL 1790362146.353 62.7 2.2
TL 1790362146.453 166.5 1.5
TL 1790362146.553 84.0 2.3
TL 1790362146.653 72.7 1.3
TL 1790362146.754 315.5 1.7
TL 1790362146.854 350.4 2.6
TL 1790362146.954 302.0 4.2
TL 1790362147.054 210.1 3.6
TL 1790362147.154 148.4 2.8
TL 1790362147.254 64.7 0.9
TL 1790362147.354 267.6 2.3
TL 1790362147.454 83.2 1.8
TL 1790362147.555 276.0 2.7
TL 1790362147.655 333.6 4.4
TL 1790362147.755 87.3 1.8
TL 1790362147.855 70.4 1.3
TL 1790362147.955 167.7 3.1
TL 1790362148.055 67.2 2.0
TL 1790362148.155 56.9 1.8
TL 1790362148.255 52.6 1.6
TL 1790362148.355 60.8 2.5
TL 1790362148.455 186.7 3.3
TL 1790362148.556 139.4 2.4
TL 1790362148.656 121.7 1.1
