1790150456.784009298  609478 1003205
1790150459.340804974       0       0
1790150461.695616379  103455 1003752
1790150463.998072211   99256 1004826
1790150466.284774450   92684 1003214
1790150468.603285439  101202 1003190
1790150470.907748876       0       0
1790150473.230110437       0       0
1790150475.516025905       0       0
1790150477.825856633       0       0
1790150480.128842414       0       0
1790150482.437091527       0       0
1790150484.790355329       0       0
1790150487.113173661  119921 1003393
1790150489.442556056   95091 1003555
1790150491.777122253  106956 1003421
1790150494.258978606  128587 1003826
1790150496.558996470  138849 1003824
1790150498.856685375  124116 1003251
1790150501.198331624  138061 1003504
1790150503.507598967  131501 1003704
1790150505.835567925  133487 1003400
1790150508.182251622  138279 1003377
1790150510.514862871  137221 1003811
1790150512.861495318  138275 1003663
1790150515.171920421  135086 1003747
1790150517.475905524  130210 1004191
1790150519.775573961  137118 1003707
1790150522.085349585  131083 1003594
1790150524.414669845  137359 1004456
1790150526.760559479  132467 1003466
1790150529.202408697  130853 1003680
1790150531.497246613  135641 1003408
1790150533.789650518  131143 1004202
1790150536.081780309  133218 1003982
1790150538.485891610  132169 1003673
1790150540.767650984  133295 1003669
1790150543.052732494  127247 1003767
1790150545.363898639  125880 1003907
1790150547.670865617  130709 1003550
1790150549.957020772  123463 1003466
1790150552.250570251  131903 1003545
1790150554.543520562  129726 1003857
1790150556.873620614  133092 1003887
1790150559.200854779  133789 1003967
1790150561.505166706  128621 1004058
1790150563.981740455  125163 1003961
1790150566.269762172  132501 1003844
1790150568.570503890  131999 1003938
1790150570.874385192  134816 1003498
1790150573.187528055  139646 1003841
1790150575.521112638  126635 1003607
1790150577.830904356  132800 1003581
1790150580.177776282  134661 1003892
1790150582.502234458  126822 1003974
1790150584.832152009  138052 1004560
1790150587.180578258  130816 1003913
1790150589.545639664  130048 1003733
1790150591.883910288  125809 1003719
1790150594.272442214  129650 1003352
1790150596.633883098  126605 1003448
1790150599.153305962  125886 1004068
1790150601.593297159  119823 1003316
1790150604.008012106  141186 1003697
1790150606.387285282  125267 1003694
1790150608.751644031  123345 1003668
1790150611.099425176  122740 1003919
1790150613.467009654  130865 1003984
1790150615.842501841  136001 1004343
1790150618.203182830  126872 1003817
1790150620.603725537  131356 1003506
1790150622.966231630  131974 1003877
1790150625.345097150  129028 1003928
1790150627.732694284  129054 1003820
1790150630.081345638  124391 1003669
1790150632.351235689       0       0
1790150634.706356521       0       0
1790150637.000353708       0       0
1790150639.280526676       0       0
1790150641.720812404  115123 1003307
1790150644.129220424       0       0
