TL 1790324140.819 77.0 0.9
TL 1790324140.921 168.0 2.2
TL 1790324141.021 314.6 4.3
TL 1790324141.121 488.3 3.7
TL 1790324141.221 503.7 4.6
TL 1790324141.322 593.1 3.4
TL 1790324141.422 364.4 3.9
TL 1790324141.522 562.7 4.9
TL 1790324141.622 614.8 3.8
TL 1790324141.723 478.1 3.7
TL 1790324141.823 654.4 3.3
TL 1790324141.923 274.3 3.7
TL 1790324142.023 280.8 3.7
TL 1790324142.123 282.2 3.4
TL 1790324142.224 720.3 3.7
TL 1790324142.323 250.7 4.0
TL 1790324142.424 392.3 4.4
TL 1790324142.524 707.1 2.8
TL 1790324142.624 382.6 3.6
TL 1790324142.724 727.4 2.9
TL 1790324142.824 376.5 3.6
TL 1790324142.924 308.4 3.2
TL 1790324143.024 294.2 4.4
TL 1790324143.125 270.1 3.2
TL 1790324143.225 296.5 3.9
TL 1790324143.325 471.0 2.8
TL 1790324143.425 282.1 3.7
TL 1790324143.525 380.6 3.6
TL 1790324143.627 353.0 4.1
TL 1790324143.727 447.3 2.8
TL 1790324143.828 708.2 2.7
TL 1790324143.927 251.5 2.9
TL 1790324144.027 143.6 1.9
TL 1790324144.127 135.8 1.9
TL 1790324144.228 193.4 2.2
TL 1790324144.328 322.8 2.0
TL 1790324144.428 329.1 4.4
TL 1790324144.528 322.4 3.9
TL 1790324144.629 715.4 2.8
TL 1790324144.729 304.2 3.1
TL 1790324144.829 467.8 3.1
TL 1790324144.929 347.8 3.6
TL 1790324145.030 968.0 3.6
TL 1790324145.129 395.1 3.8
TL 1790324145.230 733.5 37.6
TL 1790324145.330 613.7 3.0
TL 1790324145.431 448.1 3.9
TL 1790324145.531 785.7 3.1
TL 1790324145.631 292.0 4.0
TL 1790324145.732 708.9 3.2
TL 1790324145.832 650.6 3.2
TL 1790324145.932 256.1 3.3
TL 1790324146.032 293.7 3.9
TL 1790324146.132 330.3 3.7
TL 1790324146.232 298.0 4.0
TL 1790324146.333 464.0 3.4
TL 1790324146.433 303.4 4.5
TL 1790324146.534 868.5 3.2
TL 1790324146.633 404.1 4.0
TL 1790324146.734 851.1 3.7
TL 1790324146.834 377.1 3.3
TL 1790324146.934 301.0 3.8
TL 1790324147.034 457.5 3.6
TL 1790324147.134 440.4 4.1
TL 1790324147.235 589.3 7.7
TL 1790324147.335 658.0 4.3
TL 1790324147.435 375.3 3.3
TL 1790324147.535 828.4 2.8
TL 1790324147.635 623.7 3.3
TL 1790324147.736 889.9 3.1
TL 1790324147.836 590.2 2.7
TL 1790324147.936 519.7 3.3
TL 1790324148.037 1218.8 3.0
TL 1790324148.137 521.0 3.5
TL 1790324148.237 221.5 1.7
TL 1790324148.337 111.5 1.7
TL 1790324148.437 187.3 1.8
TL 1790324148.537 158.5 2.4
TL 1790324148.638 952.3 3.2
TL 1790324148.739 745.4 3.9
TL 1790324148.839 790.5 3.1
TL 1790324148.939 665.2 2.8
TL 1790324149.039 293.7 3.2
TL 1790324149.139 635.1 2.9
TL 1790324149.239 391.7 3.6
TL 1790324149.341 1408.6 3.0
TL 1790324149.440 268.9 3.6
TL 1790324149.541 283.5 3.5
TL 1790324149.643 1217.4 4.1
TL 1790324149.742 423.1 3.7
TL 1790324149.842 454.4 3.6
TL 1790324149.942 301.8 3.9
TL 1790324150.043 286.9 3.6
TL 1790324150.144 642.0 3.7
TL 1790324150.244 516.0 4.1
TL 1790324150.344 1147.6 3.7
TL 1790324150.444 390.3 3.4
TL 1790324150.545 463.1 277.4
TL 1790324150.645 740.1 2.9
TL 1790324150.746 872.3 3.2
TL 1790324150.845 366.9 3.5
TL 1790324150.946 665.8 2.8
TL 1790324151.046 291.6 3.5
TL 1790324151.146 704.6 3.2
TL 1790324151.246 326.9 3.9
TL 1790324151.346 666.8 3.6
TL 1790324151.446 274.2 3.5
TL 1790324151.547 697.8 3.1
TL 1790324151.647 556.2 3.7
TL 1790324151.748 855.7 2.9
TL 1790324151.847 657.3 3.8
TL 1790324151.947 248.2 3.5
TL 1790324152.048 594.1 3.1
TL 1790324152.148 313.8 3.6
TL 1790324152.248 440.7 4.5
TL 1790324152.348 323.4 3.8
TL 1790324152.449 764.6 3.8
TL 1790324152.549 170.8 2.4
TL 1790324152.649 151.4 2.4
TL 1790324152.749 156.0 2.2
TL 1790324152.849 144.3 2.1
TL 1790324152.950 828.1 3.6
TL 1790324153.050 872.6 3.4
TL 1790324153.150 403.3 3.6
TL 1790324153.250 801.0 3.5
TL 1790324153.350 621.4 3.3
TL 1790324153.450 308.8 3.8
TL 1790324153.551 813.9 4.2
TL 1790324153.651 733.2 2.9
TL 1790324153.751 451.7 4.6
TL 1790324153.851 701.8 3.5
TL 1790324153.951 312.4 3.5
TL 1790324154.051 806.9 3.4
TL 1790324154.151 214.1 2.6
TL 1790324154.252 888.6 3.1
TL 1790324154.352 987.1 3.1
TL 1790324154.452 365.5 3.6
TL 1790324154.552 913.2 3.5
TL 1790324154.653 1031.4 4.3
TL 1790324154.753 881.5 3.5
TL 1790324154.852 397.2 3.5
TL 1790324154.952 422.8 3.5
TL 1790324155.053 784.4 3.2
TL 1790324155.153 836.9 3.2
TL 1790324155.253 774.2 2.9
TL 1790324155.353 678.5 2.6
TL 1790324155.453 326.6 3.5
TL 1790324155.554 805.1 3.7
TL 1790324155.654 804.1 3.0
TL 1790324155.754 757.4 2.9
TL 1790324155.854 683.8 2.9
TL 1790324155.954 313.3 3.5
TL 1790324156.055 762.3 3.3
TL 1790324156.155 672.7 2.8
TL 1790324156.255 763.4 3.7
TL 1790324156.355 643.1 2.9
TL 1790324156.455 407.0 4.0
TL 1790324156.556 952.3 3.4
TL 1790324156.656 615.5 3.9
TL 1790324156.756 516.7 3.4
TL 1790324156.855 149.4 2.0
TL 1790324156.956 193.6 2.2
TL 1790324157.056 176.3 2.3
TL 1790324157.156 238.5 2.2
TL 1790324157.256 327.6 4.4
TL 1790324157.360 3322.6 208.2
TL 1790324157.457 487.1 4.1
TL 1790324157.557 284.3 3.6
TL 1790324157.658 406.4 3.6
TL 1790324157.758 775.7 2.7
TL 1790324157.859 1101.2 3.4
TL 1790324157.959 527.0 2.9
TL 1790324158.059 775.2 4.0
TL 1790324158.160 459.0 2.8
TL 1790324158.260 674.4 2.6
TL 1790324158.361 599.6 3.3
TL 1790324158.461 311.6 3.4
TL 1790324158.562 915.7 3.7
TL 1790324158.662 810.2 3.1
TL 1790324158.762 278.9 3.4
TL 1790324158.862 268.7 3.3
TL 1790324158.963 740.4 3.4
TL 1790324159.063 378.2 3.7
TL 1790324159.163 1015.8 3.1
TL 1790324159.263 158.1 3.0
TL 1790324159.363 378.8 3.4
TL 1790324159.464 861.8 3.3
TL 1790324159.564 322.7 3.5
TL 1790324159.665 850.3 3.5
TL 1790324159.764 210.2 2.6
TL 1790324159.865 521.5 3.0
TL 1790324159.965 349.7 3.4
TL 1790324160.065 319.8 4.3
TL 1790324160.166 455.1 2.8
TL 1790324160.266 694.3 32.4
TL 1790324160.366 244.4 2.9
TL 1790324160.466 594.9 3.5
TL 1790324160.566 214.9 2.7
TL 1790324160.666 375.7 4.2
TL 1790324160.767 324.4 4.4
TL 1790324160.867 345.0 3.5
TL 1790324160.967 271.7 3.1
TL 1790324161.068 709.2 3.5
TL 1790324161.167 178.1 2.2
TL 1790324161.267 180.7 2.2
TL 1790324161.367 117.2 1.5
TL 1790324161.468 256.2 3.3
TL 1790324161.568 641.6 3.2
TL 1790324161.668 647.1 3.9
TL 1790324161.768 362.7 4.0
TL 1790324161.869 246.7 3.3
TL 1790324161.969 387.2 3.3
TL 1790324162.069 729.4 3.9
TL 1790324162.169 191.8 2.5
TL 1790324162.270 965.4 4.1
TL 1790324162.370 334.0 3.5
TL 1790324162.470 191.1 2.9
TL 1790324162.570 300.2 3.9
TL 1790324162.670 319.5 3.9
TL 1790324162.771 357.5 4.1
TL 1790324162.871 691.2 3.4
TL 1790324162.971 354.6 3.1
TL 1790324163.071 336.8 4.1
TL 1790324163.172 719.3 3.8
TL 1790324163.272 678.9 3.5
TL 1790324163.372 516.7 3.3
TL 1790324163.472 425.8 3.7
TL 1790324163.572 849.5 2.7
TL 1790324163.672 488.0 3.6
TL 1790324163.773 843.0 3.0
TL 1790324163.873 836.3 3.0
TL 1790324163.973 412.7 2.1
TL 1790324164.073 614.8 4.0
TL 1790324164.173 796.5 3.5
TL 1790324164.273 204.7 2.8
TL 1790324164.374 515.2 3.0
TL 1790324164.474 483.8 2.8
TL 1790324164.574 719.5 3.8
TL 1790324164.674 745.3 3.5
TL 1790324164.774 693.7 3.3
TL 1790324164.874 737.7 2.8
TL 1790324164.975 376.7 2.5
TL 1790324165.075 413.2 3.9
TL 1790324165.175 633.1 3.8
TL 1790324165.275 477.9 3.2
TL 1790324165.376 544.1 3.2
TL 1790324165.475 151.5 2.2
TL 1790324165.575 141.7 1.9
TL 1790324165.675 160.1 1.8
TL 1790324165.776 434.8 3.6
TL 1790324165.877 872.9 3.6
TL 1790324165.976 309.5 2.0
TL 1790324166.077 540.3 4.1
TL 1790324166.177 352.3 4.4
TL 1790324166.277 231.6 3.5
TL 1790324166.377 355.5 3.4
TL 1790324166.478 677.4 3.0
TL 1790324166.578 1008.2 3.4
TL 1790324166.680 2264.9 5.6
TL 1790324166.778 381.9 5.4
TL 1790324166.879 239.0 1.6
TL 1790324166.980 382.6 2.0
TL 1790324167.081 639.2 2.9
TL 1790324167.181 219.0 2.7
TL 1790324167.281 733.0 3.2
TL 1790324167.382 345.6 4.4
TL 1790324167.482 557.3 3.1
TL 1790324167.584 525.2 4.1
TL 1790324167.684 514.4 3.3
TL 1790324167.785 780.3 3.3
TL 1790324167.885 966.3 3.1
TL 1790324167.985 334.4 2.9
TL 1790324168.085 297.5 3.9
TL 1790324168.185 299.7 3.9
TL 1790324168.285 349.3 3.2
TL 1790324168.386 434.3 3.6
TL 1790324168.486 784.7 3.3
TL 1790324168.586 502.2 3.5
TL 1790324168.688 906.5 4.0
TL 1790324168.788 811.6 3.1
TL 1790324168.888 307.0 3.3
TL 1790324168.988 327.8 3.7
TL 1790324169.089 987.7 3.3
TL 1790324169.189 796.1 2.9
TL 1790324169.289 729.2 3.2
TL 1790324169.389 399.2 3.7
TL 1790324169.489 603.8 3.5
TL 1790324169.589 303.1 4.3
TL 1790324169.689 445.0 3.9
TL 1790324169.790 151.6 2.0
TL 1790324169.890 178.1 2.2
TL 1790324169.990 109.2 1.3
TL 1790324170.090 191.6 2.3
TL 1790324170.190 302.7 3.6
TL 1790324170.290 320.7 3.3
TL 1790324170.391 259.7 2.9
TL 1790324170.491 258.3 3.0
TL 1790324170.591 723.7 3.3
TL 1790324170.691 339.7 3.3
TL 1790324170.791 452.7 3.2
TL 1790324170.892 947.1 3.2
TL 1790324170.992 239.0 2.1
TL 1790324171.092 753.6 3.0
TL 1790324171.192 811.8 3.3
TL 1790324171.293 977.1 3.9
TL 1790324171.393 661.0 2.9
TL 1790324171.492 405.3 4.1
TL 1790324171.593 731.5 2.8
TL 1790324171.693 770.7 3.3
TL 1790324171.794 833.9 2.9
TL 1790324171.893 415.0 3.9
TL 1790324171.993 295.6 1.7
TL 1790324172.094 329.9 3.4
TL 1790324172.194 244.0 3.1
TL 1790324172.295 694.4 3.3
TL 1790324172.394 262.9 2.7
TL 1790324172.495 431.9 4.1
TL 1790324172.594 169.1 2.2
TL 1790324172.695 841.3 3.2
TL 1790324172.795 424.0 4.4
TL 1790324172.896 738.0 3.3
TL 1790324172.995 284.4 2.7
TL 1790324173.096 388.2 3.7
TL 1790324173.196 826.8 3.0
TL 1790324173.296 512.7 3.9
TL 1790324173.396 345.4 3.6
TL 1790324173.497 397.9 4.2
TL 1790324173.597 711.8 3.3
TL 1790324173.698 890.3 3.0
TL 1790324173.798 827.0 3.1
TL 1790324173.898 699.5 4.0
TL 1790324173.998 220.1 1.8
TL 1790324174.098 259.0 2.3
TL 1790324174.198 148.7 2.1
TL 1790324174.298 230.2 2.6
TL 1790324174.398 140.4 2.1
TL 1790324174.499 757.5 2.7
TL 1790324174.602 409.0 4.4
TL 1790324174.702 480.5 168.0
TL 1790324174.802 432.2 3.5
TL 1790324174.903 491.3 3.4
TL 1790324175.003 1064.8 2.2
TL 1790324175.104 241.5 3.0
TL 1790324175.204 732.4 4.3
TL 1790324175.304 707.8 3.7
TL 1790324175.404 240.5 3.8
TL 1790324175.505 304.9 3.4
TL 1790324175.605 899.3 3.4
TL 1790324175.705 324.3 3.6
TL 1790324175.806 768.4 2.8
TL 1790324175.906 361.6 4.9
TL 1790324176.006 329.7 3.1
TL 1790324176.107 995.1 3.7
TL 1790324176.207 301.7 5.4
TL 1790324176.307 323.2 3.6
TL 1790324176.407 279.3 3.5
TL 1790324176.508 613.6 3.4
TL 1790324176.608 1064.2 3.2
TL 1790324176.708 728.9 3.6
TL 1790324176.808 553.5 141.8
TL 1790324176.908 905.3 3.4
TL 1790324177.008 709.7 3.4
TL 1790324177.108 541.0 3.5
TL 1790324177.209 743.1 3.2
TL 1790324177.309 466.5 4.4
TL 1790324177.409 268.5 3.1
TL 1790324177.509 362.8 3.6
TL 1790324177.609 568.1 3.6
TL 1790324177.710 748.2 4.9
TL 1790324177.810 871.4 3.3
TL 1790324177.910 765.4 3.1
TL 1790324178.010 400.3 3.7
TL 1790324178.110 217.0 3.3
TL 1790324178.210 675.1 3.1
TL 1790324178.310 644.7 2.5
TL 1790324178.410 125.1 1.8
TL 1790324178.510 163.2 1.7
TL 1790324178.610 155.2 2.2
TL 1790324178.711 308.3 3.3
TL 1790324178.812 434.3 4.1
TL 1790324178.912 465.3 3.4
TL 1790324179.012 374.4 3.7
TL 1790324179.112 409.1 4.0
TL 1790324179.212 292.3 4.1
TL 1790324179.313 351.7 3.5
TL 1790324179.413 369.4 2.9
TL 1790324179.513 293.6 3.3
TL 1790324179.613 340.5 3.9
TL 1790324179.713 342.3 3.5
TL 1790324179.814 751.6 3.9
TL 1790324179.914 397.8 4.2
TL 1790324180.014 450.7 3.4
TL 1790324180.114 349.2 4.0
TL 1790324180.215 792.6 3.5
TL 1790324180.315 714.2 2.8
TL 1790324180.414 248.9 4.3
TL 1790324180.515 784.2 2.9
TL 1790324180.615 792.2 3.2
TL 1790324180.715 930.1 3.2
TL 1790324180.815 356.9 4.5
TL 1790324180.915 351.0 3.7
TL 1790324181.015 580.8 4.2
TL 1790324181.115 306.6 3.5
TL 1790324181.216 519.2 4.8
TL 1790324181.316 345.6 4.7
TL 1790324181.416 247.7 3.8
TL 1790324181.517 987.7 3.4
TL 1790324181.617 409.5 4.8
TL 1790324181.717 375.6 4.6
TL 1790324181.817 756.6 3.3
TL 1790324181.917 753.0 3.3
TL 1790324182.017 404.6 3.9
TL 1790324182.121 2123.3 3.2
TL 1790324182.219 741.8 2.9
TL 1790324182.319 664.3 3.3
TL 1790324182.420 536.8 3.8
TL 1790324182.520 419.6 3.5
TL 1790324182.620 927.8 3.2
TL 1790324182.720 194.0 2.0
TL 1790324182.820 160.7 2.4
TL 1790324182.920 138.1 2.0
TL 1790324183.021 1154.6 3.4
TL 1790324183.121 896.4 2.7
TL 1790324183.221 402.9 4.1
TL 1790324183.321 667.6 3.0
TL 1790324183.421 252.3 3.6
TL 1790324183.521 399.4 3.5
TL 1790324183.621 304.8 4.3
TL 1790324183.722 819.2 3.0
TL 1790324183.822 830.8 3.5
TL 1790324183.922 407.4 3.8
TL 1790324184.023 861.9 3.2
TL 1790324184.122 368.4 3.3
TL 1790324184.222 478.5 3.6
TL 1790324184.323 823.8 3.5
TL 1790324184.423 416.7 4.1
TL 1790324184.523 773.0 2.6
TL 1790324184.623 319.2 3.9
TL 1790324184.724 853.7 3.1
TL 1790324184.824 372.3 3.9
TL 1790324184.924 628.2 3.3
TL 1790324185.025 490.9 3.9
TL 1790324185.127 2305.7 3.1
TL 1790324185.225 460.4 3.4
TL 1790324185.325 308.9 3.6
TL 1790324185.425 268.4 3.2
TL 1790324185.526 1019.9 3.2
TL 1790324185.626 680.4 3.2
TL 1790324185.727 1534.6 3.6
TL 1790324185.826 276.8 3.8
TL 1790324185.926 487.2 3.5
TL 1790324186.027 1000.8 2.9
TL 1790324186.127 537.9 3.2
TL 1790324186.227 719.3 2.9
TL 1790324186.327 437.3 3.3
TL 1790324186.428 603.9 2.7
TL 1790324186.528 424.2 4.2
TL 1790324186.628 440.8 3.5
TL 1790324186.729 572.4 3.4
TL 1790324186.830 735.8 2.8
TL 1790324186.930 458.0 3.1
TL 1790324187.031 650.3 2.0
TL 1790324187.131 412.6 320.5
TL 1790324187.230 242.2 1.9
TL 1790324187.332 1113.5 3.2
TL 1790324187.432 260.8 3.4
TL 1790324187.533 457.2 4.1
TL 1790324187.634 1009.3 3.0
TL 1790324187.734 469.0 3.4
TL 1790324187.834 821.4 2.7
TL 1790324187.935 607.2 4.4
TL 1790324188.035 657.7 3.0
TL 1790324188.135 306.0 3.7
TL 1790324188.236 863.3 2.9
TL 1790324188.336 823.8 3.6
TL 1790324188.436 655.3 3.2
TL 1790324188.536 824.2 4.5
TL 1790324188.636 186.9 11.8
TL 1790324188.737 783.8 2.9
TL 1790324188.837 744.2 3.3
TL 1790324188.936 313.9 4.2
TL 1790324189.037 1085.2 3.5
TL 1790324189.137 353.1 3.3
TL 1790324189.237 291.8 4.3
TL 1790324189.337 161.8 2.5
TL 1790324189.437 274.3 3.8
TL 1790324189.537 186.5 3.2
TL 1790324189.637 168.8 2.8
TL 1790324189.738 333.4 3.2
TL 1790324189.838 304.3 3.9
TL 1790324189.939 717.4 3.3
TL 1790324190.038 365.9 4.4
TL 1790324190.139 357.9 3.8
TL 1790324190.239 308.4 4.1
TL 1790324190.339 673.7 3.1
TL 1790324190.439 319.1 3.6
TL 1790324190.539 291.2 3.6
TL 1790324190.640 324.7 4.9
TL 1790324190.740 796.9 3.6
TL 1790324190.840 807.2 3.2
TL 1790324190.940 411.0 3.4
TL 1790324191.040 631.1 3.2
TL 1790324191.141 731.1 2.8
TL 1790324191.241 513.9 4.2
TL 1790324191.341 172.3 2.1
TL 1790324191.441 230.7 2.3
TL 1790324191.541 231.5 2.3
TL 1790324191.641 345.3 4.1
TL 1790324191.742 724.4 2.9
TL 1790324191.842 424.3 3.9
TL 1790324191.942 365.5 3.3
TL 1790324192.043 634.6 3.3
TL 1790324192.143 404.6 3.3
TL 1790324192.243 310.4 3.5
TL 1790324192.344 579.4 3.2
TL 1790324192.444 364.1 4.8
TL 1790324192.544 903.3 2.8
TL 1790324192.644 574.3 3.4
TL 1790324192.744 294.8 4.2
TL 1790324192.845 452.9 3.6
TL 1790324192.945 698.6 3.9
TL 1790324193.045 371.0 3.5
TL 1790324193.145 380.1 4.0
TL 1790324193.245 395.4 5.6
TL 1790324193.346 426.5 3.4
TL 1790324193.446 191.8 3.4
TL 1790324193.546 304.3 3.7
TL 1790324193.646 449.3 4.1
TL 1790324193.747 1065.4 3.3
TL 1790324193.847 723.2 3.8
TL 1790324193.947 812.8 3.0
TL 1790324194.047 402.9 3.3
TL 1790324194.147 298.7 3.4
TL 1790324194.248 483.8 3.4
TL 1790324194.348 390.7 3.6
TL 1790324194.449 871.8 4.0
TL 1790324194.549 835.9 3.3
TL 1790324194.649 342.3 3.5
TL 1790324194.749 653.3 3.3
TL 1790324194.850 805.4 3.5
TL 1790324194.951 1239.8 3.4
TL 1790324195.050 232.2 3.0
TL 1790324195.151 501.8 3.5
TL 1790324195.251 1073.8 3.1
TL 1790324195.351 455.3 3.6
TL 1790324195.454 2158.0 3.3
TL 1790324195.553 840.9 2.9
TL 1790324195.652 151.9 2.5
TL 1790324195.752 143.9 2.0
TL 1790324195.852 135.1 2.3
TL 1790324195.953 431.0 3.6
TL 1790324196.053 788.2 2.9
TL 1790324196.153 703.3 2.4
TL 1790324196.253 361.9 3.9
TL 1790324196.354 618.8 3.0
TL 1790324196.454 776.7 3.0
TL 1790324196.554 397.8 3.6
TL 1790324196.654 386.6 3.5
TL 1790324196.754 372.5 3.6
TL 1790324196.855 892.4 3.1
TL 1790324196.955 412.7 3.6
TL 1790324197.055 249.9 3.4
TL 1790324197.155 237.3 3.0
TL 1790324197.255 162.3 2.1
TL 1790324197.356 113.6 2.1
TL 1790324197.456 283.6 3.4
TL 1790324197.556 605.7 3.5
TL 1790324197.657 1326.0 3.4
TL 1790324197.756 356.3 3.2
TL 1790324197.857 918.4 3.6
TL 1790324197.958 219.4 2.7
TL 1790324198.058 175.2 1.5
TL 1790324198.158 329.7 2.5
TL 1790324198.259 616.1 3.5
TL 1790324198.359 668.2 2.3
TL 1790324198.459 216.0 2.9
TL 1790324198.559 368.4 3.1
TL 1790324198.660 538.8 3.4
TL 1790324198.759 275.0 3.6
TL 1790324198.860 912.7 3.5
TL 1790324198.960 287.1 4.2
TL 1790324199.060 673.5 3.0
TL 1790324199.160 249.5 2.5
TL 1790324199.260 309.3 3.3
TL 1790324199.361 442.5 3.3
TL 1790324199.461 447.5 3.7
TL 1790324199.561 315.8 4.0
TL 1790324199.662 718.4 3.4
TL 1790324199.762 1201.0 3.4
TL 1790324199.862 672.0 3.1
TL 1790324199.962 151.5 2.1
TL 1790324200.062 126.7 2.0
TL 1790324200.162 106.9 1.1
TL 1790324200.263 832.9 3.7
TL 1790324200.362 456.1 3.3
TL 1790324200.463 814.3 3.0
TL 1790324200.563 747.4 3.9
TL 1790324200.663 701.5 3.5
TL 1790324200.763 724.9 3.4
TL 1790324200.863 410.8 5.4
TL 1790324200.963 329.5 3.9
TL 1790324201.063 386.1 3.5
TL 1790324201.163 372.0 1.9
TL 1790324201.264 340.4 1.6
TL 1790324201.363 102.1 1.6
TL 1790324201.464 177.1 2.3
TL 1790324201.564 151.7 1.4
TL 1790324201.664 380.7 2.6
TL 1790324201.789 25234.2 2.7
TL 1790324201.864 71.2 1.6
TL 1790324201.964 147.5 1.8
TL 1790324202.078 13557.1 2.8
TL 1790324202.164 201.5 1.7
TL 1790324202.264 94.7 1.9
TL 1790324202.366 1804.9 1.7
TL 1790324202.465 56.8 2.1
TL 1790324202.565 76.1 1.5
TL 1790324202.666 1035.8 1.5
TL 1790324202.765 72.5 1.9
TL 1790324202.865 91.3 1.3
TL 1790324202.965 184.2 1.9
TL 1790324203.066 54.9 1.4
TL 1790324203.166 699.3 1.4
TL 1790324203.266 84.5 3.5
TL 1790324203.368 1908.9 2.2
TL 1790324203.466 51.2 2.0
TL 1790324203.567 1047.9 1.6
TL 1790324203.667 197.1 1.1
TL 1790324203.769 2051.0 1.9
TL 1790324203.867 206.0 1.9
TL 1790324203.967 77.5 1.7
TL 1790324204.067 247.1 1.6
TL 1790324204.169 2258.8 1.7
TL 1790324204.267 382.5 1.6
TL 1790324204.368 810.4 1.6
TL 1790324204.468 153.4 1.7
TL 1790324204.569 1088.4 1.7
TL 1790324204.668 50.3 1.5
TL 1790324204.768 757.4 2.0
TL 1790324204.868 51.4 1.6
TL 1790324204.968 568.8 1.9
TL 1790324205.068 48.7 1.5
TL 1790324205.168 60.6 1.4
TL 1790324205.269 1127.7 1.8
TL 1790324205.370 1562.4 2.7
TL 1790324205.469 587.6 1.8
TL 1790324205.569 125.0 2.1
TL 1790324205.672 1391.8 2.4
TL 1790324205.771 137.1 2.1
TL 1790324205.871 509.7 2.3
TL 1790324205.971 457.4 2.4
TL 1790324206.071 153.6 2.7
TL 1790324206.173 1660.3 1.6
TL 1790324206.272 345.7 1.2
TL 1790324206.372 859.8 2.0
TL 1790324206.471 99.2 1.9
TL 1790324206.572 55.4 2.0
TL 1790324206.672 276.5 1.9
TL 1790324206.773 1078.0 1.7
TL 1790324206.878 6369.7 1.5
TL 1790324206.975 2231.0 2.0
TL 1790324207.075 2737.8 1.6
TL 1790324207.318 145217.7 1.1
TL 1790324207.318 522.9 0.7
TL 1790324207.430 11730.8 1.4
TL 1790324207.522 4275.3 2.8
TL 1790324207.620 2049.8 1.8
TL 1790324207.719 277.8 1.1
TL 1790324207.822 3859.5 2.4
TL 1790324207.928 9468.6 1.8
TL 1790324208.274 255514.6 2.3
TL 1790324208.274 199.2 0.8
TL 1790324208.381 6169.5 1.1
TL 1790324208.638 162974.6 2.1
TL 1790324208.638 445.8 0.9
TL 1790324208.739 905.2 3.0
TL 1790324208.879 41134.3 1.9
TL 1790324208.946 8432.7 1.9
TL 1790324209.061 23351.0 2.6
TL 1790324209.145 6571.1 1.6
TL 1790324209.270 31572.9 2.1
TL 1790324209.344 5100.4 1.4
TL 1790324209.441 2216.8 2.7
TL 1790324209.545 5796.9 2.0
TL 1790324209.642 2894.8 2.0
TL 1790324209.745 5847.4 2.4
TL 1790324209.840 134.9 2.0
TL 1790324209.961 21903.8 2.8
TL 1790324210.046 5989.0 1.9
TL 1790324210.140 84.1 3.4
TL 1790324210.242 1773.5 2.0
TL 1790324210.342 1233.5 2.0
TL 1790324210.466 25391.3 2.7
TL 1790324210.546 4922.3 2.7
TL 1790324210.657 15927.4 2.0
TL 1790324210.759 17687.7 1.9
TL 1790324210.842 685.6 1.5
TL 1790324211.229 287943.5 4.6
TL 1790324211.230 1037.0 0.9
TL 1790324211.331 1685.4 2.1
TL 1790324211.430 272.4 1.6
TL 1790324211.566 36008.6 2.1
TL 1790324211.633 2781.3 2.0
TL 1790324211.765 34177.3 1.5
TL 1790324211.832 803.0 36.2
TL 1790324211.931 351.3 1.7
TL 1790324212.032 1020.6 1.9
TL 1790324212.135 3651.9 2.9
TL 1790324212.232 71.8 1.9
TL 1790324212.334 1797.4 2.0
TL 1790324212.434 1288.2 1.6
TL 1790324212.544 11677.4 2.9
TL 1790324212.636 2869.7 1.7
TL 1790324212.736 2817.0 2.0
TL 1790324212.834 783.0 1.5
TL 1790324212.938 4103.9 1.3
TL 1790324213.035 1356.5 2.0
TL 1790324213.135 831.1 1.7
TL 1790324213.235 1307.3 1.5
TL 1790324213.339 4753.8 1.3
TL 1790324213.435 72.0 2.1
TL 1790324213.539 3123.9 1.9
TL 1790324213.649 13342.5 2.6
TL 1790324213.748 12571.0 2.1
TL 1790324213.848 12518.7 2.7
TL 1790324213.982 46013.0 1.1
TL 1790324214.048 11791.7 32.8
TL 1790324214.137 455.8 1.4
TL 1790324214.245 8539.5 1.9
TL 1790324214.349 13207.6 2.1
TL 1790324214.438 1320.3 1.8
TL 1790324214.582 45848.8 2.4
TL 1790324214.651 14151.4 2.3
TL 1790324214.747 10205.4 2.1
TL 1790324214.848 11524.9 2.0
TL 1790324214.963 26215.0 1.8
TL 1790324215.089 52454.6 1.6
TL 1790324215.247 110336.7 2.0
TL 1790324215.248 455.4 0.9
TL 1790324215.366 18580.5 1.2
TL 1790324215.450 2719.9 1.2
TL 1790324215.553 5657.1 2.1
TL 1790324215.784 135899.8 1.5
TL 1790324215.785 1043.3 1.3
TL 1790324215.910 25519.9 0.9
TL 1790324216.033 49238.8 1.9
TL 1790324216.090 5702.1 1.8
TL 1790324216.507 322766.7 1.5
TL 1790324216.750 242521.2 1.4
TL 1790324216.750 345.1 0.5
TL 1790324216.861 11014.5 3.2
TL 1790324216.951 273.2 2.0
TL 1790324217.054 2450.6 1.9
TL 1790324217.152 461.3 1.7
TL 1790324217.253 1302.5 1.8
TL 1790324217.352 679.2 1.8
TL 1790324217.452 282.6 1.9
TL 1790324217.552 87.2 2.7
TL 1790324217.751 99556.0 2.2
TL 1790324217.752 81.0 0.4
TL 1790324217.867 15261.9 1.9
TL 1790324217.958 5858.5 1.9
TL 1790324218.415 362686.7 3.3
TL 1790324218.415 214.4 1.5
TL 1790324218.520 5236.7 1.6
TL 1790324218.652 36287.0 3.2
TL 1790324218.717 1232.5 2.2
TL 1790324218.817 1235.6 3.1
TL 1790324218.967 51705.4 3.5
TL 1790324219.018 2212.4 2.4
TL 1790324219.119 2738.3 2.3
TL 1790324219.441 222497.7 2.4
TL 1790324219.441 133.1 0.5
TL 1790324219.686 144456.9 2.2
TL 1790324219.686 365.9 0.8
TL 1790324219.815 29682.1 2.0
TL 1790324219.943 56940.1 2.0
TL 1790324220.000 14127.2 2.3
TL 1790324220.119 32840.4 1.7
TL 1790324220.251 64678.5 2.0
TL 1790324220.326 40049.1 3.2
TL 1790324220.544 157299.0 1.2
TL 1790324220.547 3245.2 1.0
TL 1790324220.685 40982.2 2.2
TL 1790324220.801 56802.7 2.0
TL 1790324221.032 187560.9 1.5
TL 1790324221.152 120274.0 2.1
TL 1790324221.153 1301.2 1.1
TL 1790324221.286 33516.1 3.9
TL 1790324221.359 6444.4 2.5
TL 1790324221.454 1849.4 1.4
TL 1790324221.561 8488.9 1.7
TL 1790324221.659 5833.3 1.8
TL 1790324221.757 3207.0 1.7
TL 1790324221.858 4332.9 1.4
TL 1790324221.957 2165.1 2.1
TL 1790324222.057 1949.5 1.6
TL 1790324222.157 1636.0 1.1
TL 1790324222.377 121895.8 3.4
TL 1790324222.377 262.1 0.9
TL 1790324222.478 126.9 1.4
TL 1790324222.580 1847.7 1.8
TL 1790324222.679 1506.8 1.9
TL 1790324222.783 4786.2 1.6
TL 1790324222.885 6772.6 1.7
TL 1790324222.986 7309.0 1.6
TL 1790324223.078 46.4 1.8
TL 1790324223.210 31519.4 0.9
TL 1790324223.355 76768.9 0.5
TL 1790324223.389 10538.5 1.0
TL 1790324223.482 2904.3 1.9
TL 1790324223.590 11584.6 2.0
TL 1790324223.690 10670.6 2.0
TL 1790324223.795 16003.9 2.3
TL 1790324223.910 31258.1 2.8
TL 1790324224.024 44679.4 1.5
TL 1790324224.099 19212.9 1.6
TL 1790324224.190 10300.6 2.9
TL 1790324224.284 4156.1 1.7
TL 1790324224.394 14207.6 1.8
TL 1790324224.518 38049.6 2.0
TL 1790324224.590 9331.9 2.3
TL 1790324224.680 41.5 1.9
TL 1790324224.789 8510.5 2.0
TL 1790324224.882 1069.6 2.2
TL 1790324224.983 2003.9 2.2
TL 1790324225.082 1042.7 1.7
TL 1790324225.188 6977.8 2.8
TL 1790324225.285 4172.8 1.9
TL 1790324225.384 2547.8 2.0
TL 1790324225.496 14892.6 1.9
TL 1790324225.605 23218.8 1.5
TL 1790324225.688 6280.3 1.9
TL 1790324225.787 5216.0 1.7
TL 1790324225.889 7516.6 1.5
TL 1790324225.991 9344.6 2.4
TL 1790324226.086 3983.9 2.3
TL 1790324226.191 7786.1 1.5
TL 1790324226.285 1197.9 2.6
TL 1790324226.391 6915.7 3.2
TL 1790324226.485 1386.4 2.3
TL 1790324226.588 3928.9 1.9
TL 1790324226.694 9508.6 2.3
TL 1790324226.813 28829.3 2.1
TL 1790324226.928 43642.6 1.3
TL 1790324226.988 3780.6 2.4
TL 1790324227.104 19552.2 2.1
TL 1790324227.205 20793.3 2.5
TL 1790324227.293 7956.7 3.3
TL 1790324227.388 3283.2 3.3
TL 1790324227.485 47.9 1.7
TL 1790324227.605 19439.7 2.5
TL 1790324227.687 1383.2 0.6
TL 1790324227.791 5461.1 2.0
TL 1790324227.896 10605.1 2.6
TL 1790324227.994 8599.6 2.8
TL 1790324228.096 10251.6 1.9
TL 1790324228.194 7905.7 2.3
TL 1790324228.294 7856.2 2.8
TL 1790324228.388 2530.5 2.2
TL 1790324228.487 160.0 2.4
TL 1790324228.595 8740.3 1.8
TL 1790324228.689 2256.7 2.0
TL 1790324228.787 273.0 1.7
TL 1790324228.894 7188.5 2.4
TL 1790324228.998 10729.6 2.1
TL 1790324229.088 1177.2 1.8
TL 1790324229.196 9210.7 1.8
TL 1790324229.288 422.6 1.7
TL 1790324229.389 1499.8 2.6
TL 1790324229.488 498.9 2.0
TL 1790324229.589 1908.6 3.0
TL 1790324229.689 1849.2 2.8
TL 1790324229.788 378.8 1.5
TL 1790324229.893 4755.2 1.4
TL 1790324229.988 141.6 1.6
TL 1790324230.089 889.4 1.9
TL 1790324230.190 1604.4 1.8
TL 1790324230.295 6660.0 1.6
TL 1790324230.391 2410.8 2.7
TL 1790324230.493 5021.6 2.0
TL 1790324230.591 1159.7 1.8
TL 1790324230.690 67.7 2.2
TL 1790324230.793 3899.5 1.6
TL 1790324230.892 557.5 1.6
TL 1790324230.997 4496.9 7.9
TL 1790324231.134 41845.8 2.9
TL 1790324231.192 149.1 1.7
TL 1790324231.297 4198.4 2.3
TL 1790324231.399 6264.2 2.8
TL 1790324231.495 2855.3 1.7
TL 1790324231.600 7362.3 3.2
TL 1790324231.694 314.8 2.1
TL 1790324231.801 7123.6 2.6
TL 1790324231.894 174.8 1.6
TL 1790324231.997 3617.3 1.9
TL 1790324232.094 190.7 1.8
TL 1790324232.216 21929.9 2.2
TL 1790324232.298 3379.6 2.7
TL 1790324232.442 47065.3 1.9
TL 1790324232.498 3091.9 2.3
TL 1790324232.617 22364.3 1.7
TL 1790324232.698 2636.3 2.5
TL 1790324232.796 436.9 1.2
TL 1790324232.898 2968.3 1.8
TL 1790324232.997 1826.5 1.6
TL 1790324233.096 161.0 1.6
TL 1790324233.196 244.2 1.4
TL 1790324233.296 148.7 2.7
TL 1790324233.396 92.1 1.5
TL 1790324233.496 169.7 1.5
TL 1790324233.599 2513.3 1.9
TL 1790324233.697 196.5 1.7
TL 1790324233.797 93.4 2.2
TL 1790324233.898 1331.2 1.6
TL 1790324234.007 9527.7 1.9
TL 1790324234.117 19910.2 2.4
TL 1790324234.197 138.0 1.7
TL 1790324234.298 283.0 3.0
TL 1790324234.397 59.8 1.9
TL 1790324234.509 11019.1 2.2
TL 1790324234.599 916.0 2.5
TL 1790324234.698 128.8 3.0
TL 1790324234.805 6809.3 3.6
TL 1790324234.899 672.8 2.2
TL 1790324234.998 218.7 2.8
TL 1790324235.099 510.2 1.4
TL 1790324235.198 139.9 1.4
TL 1790324235.299 114.5 1.5
TL 1790324235.399 358.7 1.8
TL 1790324235.499 179.2 2.3
TL 1790324235.599 201.7 1.7
TL 1790324235.699 347.2 2.3
TL 1790324235.800 665.5 4.0
TL 1790324235.902 2314.8 1.8
TL 1790324236.000 122.8 1.7
TL 1790324236.100 171.7 2.1
TL 1790324236.200 92.5 1.6
TL 1790324236.300 489.0 2.9
TL 1790324236.400 168.4 1.9
TL 1790324236.500 282.9 2.1
TL 1790324236.601 361.3 3.2
TL 1790324236.701 295.5 2.9
TL 1790324236.801 236.9 2.5
TL 1790324236.901 346.4 2.4
TL 1790324237.001 190.5 1.4
TL 1790324237.101 436.6 3.3
TL 1790324237.204 2498.6 0.7
TL 1790324237.303 1539.8 1.4
TL 1790324237.401 78.1 1.4
TL 1790324237.504 1739.6 1.6
TL 1790324237.603 777.7 1.1
TL 1790324237.702 193.3 1.7
TL 1790324237.811 8171.5 1.8
TL 1790324237.903 116.8 3.0
TL 1790324238.003 67.4 2.3
TL 1790324238.104 1285.5 1.9
TL 1790324238.204 1648.5 1.8
TL 1790324238.303 184.7 2.9
TL 1790324238.411 7619.6 2.7
TL 1790324238.550 46957.6 2.4
TL 1790324238.615 11450.2 1.9
TL 1790324238.755 51939.1 2.7
TL 1790324238.829 25131.6 1.6
TL 1790324238.918 14013.2 2.9
TL 1790324239.112 108744.9 2.1
TL 1790324239.222 109383.3 2.3
TL 1790324239.228 6455.9 2.2
TL 1790324239.353 30845.1 3.6
TL 1790324239.653 231244.5 2.4
TL 1790324239.688 34952.2 0.9
TL 1790324239.781 27320.1 1.5
TL 1790324239.980 126703.0 1.7
TL 1790324240.190 209492.9 1.6
TL 1790324240.245 55392.6 1.9
TL 1790324240.290 401.3 1.4
TL 1790324240.440 49723.9 2.2
TL 1790324240.690 198913.6 1.4
TL 1790324240.690 261.8 0.5
TL 1790324240.867 76765.2 1.2
TL 1790324240.928 38435.8 1.9
TL 1790324240.999 9097.7 2.1
TL 1790324241.116 25867.2 1.7
TL 1790324241.272 82009.9 2.4
TL 1790324241.302 11401.9 1.6
TL 1790324241.473 82418.6 1.8
TL 1790324241.503 12309.4 3.2
TL 1790324241.596 5461.7 1.9
TL 1790324241.708 17559.5 2.9
TL 1790324242.017 226055.7 3.3
TL 1790324242.018 1219.2 1.1
TL 1790324242.123 6410.3 1.6
TL 1790324242.218 976.3 1.8
TL 1790324242.336 18824.3 3.2
TL 1790324242.596 178925.4 2.5
TL 1790324242.596 96.1 0.5
TL 1790324242.750 53849.2 2.1
TL 1790324242.862 65490.9 2.7
TL 1790324243.014 117416.6 2.1
TL 1790324243.014 179.5 0.5
TL 1790324243.116 1406.7 2.1
TL 1790324243.257 42957.4 1.8
TL 1790324243.464 149609.6 1.9
TL 1790324243.465 962.3 0.4
TL 1790324243.764 200244.4 1.4
TL 1790324243.766 994.7 0.7
TL 1790324244.023 158126.7 2.2
TL 1790324244.243 220488.1 2.1
TL 1790324244.244 917.8 1.1
TL 1790324244.507 163160.9 0.9
TL 1790324244.763 256617.8 1.2
TL 1790324244.892 128433.3 2.4
TL 1790324245.338 446156.8 3.6
TL 1790324245.338 76.9 0.3
TL 1790324245.445 6575.2 2.9
TL 1790324245.587 49131.2 2.1
TL 1790324245.641 1409.7 2.1
TL 1790324245.882 142405.7 1.7
TL 1790324245.882 273.6 0.4
TL 1790324245.983 753.5 1.7
TL 1790324246.242 159765.9 2.0
TL 1790324246.242 55.2 0.4
TL 1790324246.343 510.2 1.6
TL 1790324246.461 18893.6 3.7
TL 1790324246.824 282123.5 2.1
TL 1790324246.825 150.9 0.5
TL 1790324246.925 866.9 2.0
TL 1790324247.133 107337.6 1.3
TL 1790324247.144 10943.5 1.8
TL 1790324247.327 93480.8 1.6
TL 1790324247.339 5467.4 1.6
TL 1790324247.450 16202.4 2.3
TL 1790324247.537 3494.1 1.6
TL 1790324247.637 2572.8 0.8
TL 1790324247.737 2809.8 2.2
TL 1790324247.860 25417.0 1.7
TL 1790324247.945 10972.5 1.5
TL 1790324248.049 14628.3 2.9
TL 1790324248.149 14330.3 2.8
TL 1790324248.252 17899.5 2.7
TL 1790324248.335 174.1 1.6
TL 1790324248.436 914.8 1.6
TL 1790324248.536 321.9 1.9
TL 1790324248.636 145.4 1.9
TL 1790324248.736 86.8 1.6
TL 1790324248.836 313.1 1.6
TL 1790324248.936 530.7 1.8
TL 1790324249.037 546.3 1.7
TL 1790324249.136 67.1 1.5
TL 1790324249.237 507.9 1.2
TL 1790324249.336 144.9 1.4
TL 1790324249.437 336.7 1.4
TL 1790324249.539 2363.7 1.7
TL 1790324249.637 356.1 1.5
TL 1790324249.737 59.7 1.6
TL 1790324249.837 115.0 1.9
TL 1790324249.937 87.9 1.0
TL 1790324250.037 204.0 1.6
TL 1790324250.137 65.4 1.9
TL 1790324250.237 138.5 1.7
TL 1790324250.338 148.1 1.5
TL 1790324250.438 83.5 1.5
TL 1790324250.538 212.6 1.6
TL 1790324250.638 354.9 1.9
TL 1790324250.738 434.3 1.6
TL 1790324250.838 102.4 1.6
TL 1790324250.938 280.5 1.9
TL 1790324251.039 268.5 1.4
TL 1790324251.139 320.8 2.1
TL 1790324251.239 126.9 1.6
TL 1790324251.339 150.2 1.7
TL 1790324251.439 213.5 1.6
TL 1790324251.539 208.1 1.9
TL 1790324251.639 289.2 1.7
TL 1790324251.739 91.4 1.7
TL 1790324251.839 64.3 1.7
TL 1790324251.940 283.4 0.8
TL 1790324252.040 161.4 1.6
TL 1790324252.140 263.3 1.7
TL 1790324252.240 136.9 2.1
TL 1790324252.340 118.4 1.9
TL 1790324252.440 101.9 1.6
TL 1790324252.540 257.9 2.0
TL 1790324252.640 223.1 1.7
TL 1790324252.740 144.7 1.8
TL 1790324252.840 101.3 1.7
TL 1790324252.940 126.4 1.7
TL 1790324253.041 287.3 1.0
TL 1790324253.141 184.9 1.6
TL 1790324253.241 637.6 1.3
TL 1790324253.341 390.9 1.9
TL 1790324253.441 89.7 1.5
TL 1790324253.542 634.1 1.6
TL 1790324253.641 154.5 1.8
TL 1790324253.741 95.7 1.7
TL 1790324253.842 611.2 1.7
TL 1790324253.942 600.8 1.2
TL 1790324254.042 189.8 0.8
TL 1790324254.144 2710.7 1.8
TL 1790324254.245 2779.2 1.7
TL 1790324254.343 1306.6 2.0
TL 1790324254.446 3722.1 1.7
TL 1790324254.542 89.3 1.7
TL 1790324254.644 2024.1 1.8
TL 1790324254.743 686.5 1.8
TL 1790324254.843 359.9 1.6
TL 1790324254.943 218.6 1.9
TL 1790324255.044 975.6 1.5
TL 1790324255.143 617.9 1.6
TL 1790324255.245 1852.7 1.6
TL 1790324255.350 7375.6 1.8
TL 1790324255.444 500.2 2.1
TL 1790324255.551 7529.3 1.8
TL 1790324255.647 4199.8 1.6
TL 1790324255.747 3591.5 1.6
TL 1790324255.844 415.4 1.8
TL 1790324255.945 1038.4 1.1
TL 1790324256.045 1530.4 1.8
TL 1790324256.146 2164.9 1.2
TL 1790324256.247 3018.8 1.8
TL 1790324256.344 195.8 2.0
TL 1790324256.446 1623.4 2.6
TL 1790324256.546 1023.3 1.9
TL 1790324256.710 64990.8 2.0
TL 1790324256.745 129.3 1.6
TL 1790324256.845 620.4 1.7
TL 1790324256.945 397.8 2.1
TL 1790324257.046 532.8 1.6
TL 1790324257.146 778.2 0.7
TL 1790324257.252 6602.1 2.1
TL 1790324257.351 5218.7 2.2
TL 1790324257.446 1050.7 1.7
TL 1790324257.546 130.3 1.7
TL 1790324257.647 1529.1 1.8
TL 1790324257.748 2720.3 1.4
TL 1790324257.847 1440.8 2.0
TL 1790324257.947 496.9 1.3
TL 1790324258.046 264.7 1.6
TL 1790324258.148 2120.7 1.8
TL 1790324258.250 4033.2 1.6
TL 1790324258.347 92.2 1.5
TL 1790324258.447 404.9 1.6
TL 1790324258.552 5704.2 1.7
TL 1790324258.647 276.1 1.9
TL 1790324258.747 632.9 1.8
TL 1790324258.847 94.2 2.0
TL 1790324258.947 314.7 2.1
TL 1790324259.050 2851.4 1.7
TL 1790324259.148 639.4 1.7
TL 1790324259.249 1427.2 1.7
TL 1790324259.349 1953.9 1.8
TL 1790324259.448 414.5 1.4
TL 1790324259.549 970.1 1.8
TL 1790324259.649 1031.0 1.8
TL 1790324259.748 317.7 1.6
TL 1790324259.849 1283.0 1.5
TL 1790324259.948 80.6 1.1
TL 1790324260.048 169.0 1.6
TL 1790324260.149 270.1 1.9
TL 1790324260.249 830.0 1.6
TL 1790324260.349 370.8 2.2
TL 1790324260.449 326.6 1.4
TL 1790324260.549 134.0 1.6
TL 1790324260.657 8375.8 2.0
TL 1790324260.750 841.5 1.7
TL 1790324260.849 486.3 1.4
TL 1790324260.949 107.4 1.6
TL 1790324261.053 4164.3 1.9
TL 1790324261.168 19165.6 2.3
TL 1790324261.250 257.4 1.5
TL 1790324261.350 102.1 1.6
TL 1790324261.450 723.3 1.8
TL 1790324261.550 233.0 1.4
TL 1790324261.650 525.5 1.4
TL 1790324261.750 375.7 1.7
TL 1790324261.850 291.2 1.8
TL 1790324261.951 763.1 0.9
TL 1790324262.051 989.4 1.7
TL 1790324262.151 490.5 1.4
TL 1790324262.251 914.0 0.6
TL 1790324262.351 756.7 1.6
TL 1790324262.451 545.3 1.4
TL 1790324262.551 663.9 2.4
TL 1790324262.651 313.4 1.9
TL 1790324262.751 89.9 1.4
TL 1790324262.852 825.5 2.3
TL 1790324262.951 241.0 2.1
TL 1790324263.052 446.2 2.4
TL 1790324263.152 591.7 3.6
TL 1790324263.252 87.3 0.5
TL 1790324263.352 297.8 1.6
TL 1790324263.452 509.9 3.1
TL 1790324263.552 603.5 3.1
TL 1790324263.652 116.6 1.6
TL 1790324263.752 157.1 1.9
TL 1790324263.854 1956.6 3.5
TL 1790324263.953 205.1 1.3
TL 1790324264.053 322.0 1.7
TL 1790324264.153 224.9 1.9
TL 1790324264.253 81.6 0.6
TL 1790324264.353 108.3 1.6
TL 1790324264.453 211.9 1.7
TL 1790324264.554 570.8 4.4
TL 1790324264.654 373.1 36.5
TL 1790324264.754 208.5 2.1
TL 1790324264.854 305.3 3.7
TL 1790324264.954 468.9 2.4
TL 1790324265.055 874.7 3.4
TL 1790324265.155 458.1 3.2
TL 1790324265.255 372.3 1.4
TL 1790324265.356 1315.2 4.9
TL 1790324265.456 1009.9 4.2
TL 1790324265.555 139.1 1.7
TL 1790324265.655 166.0 1.7
TL 1790324265.755 80.3 1.7
TL 1790324265.856 763.9 4.7
TL 1790324265.956 848.0 1.3
TL 1790324266.058 2375.3 2.8
TL 1790324266.158 129.3 1.9
TL 1790324266.259 1010.6 4.1
TL 1790324266.359 559.6 2.6
TL 1790324266.459 1019.7 4.3
TL 1790324266.559 504.0 4.3
TL 1790324266.659 706.8 5.4
TL 1790324266.760 779.5 3.8
TL 1790324266.860 1140.8 4.1
TL 1790324266.960 399.1 2.9
TL 1790324267.060 852.6 2.8
TL 1790324267.160 116.1 0.9
TL 1790324267.260 394.4 2.7
TL 1790324267.362 980.6 2.9
TL 1790324267.462 644.4 3.2
TL 1790324267.562 516.5 3.9
TL 1790324267.662 382.9 3.1
TL 1790324267.763 801.7 3.1
TL 1790324267.863 857.4 4.1
TL 1790324267.963 468.5 2.7
TL 1790324268.063 264.3 1.5
TL 1790324268.163 834.1 1.6
TL 1790324268.263 149.2 1.8
TL 1790324268.363 313.9 1.9
TL 1790324268.463 465.1 2.0
TL 1790324268.563 418.2 4.0
TL 1790324268.664 676.2 2.5
TL 1790324268.764 786.6 3.7
TL 1790324268.864 621.4 4.2
TL 1790324268.964 400.6 3.7
TL 1790324269.065 590.2 3.3
TL 1790324269.164 97.6 1.6
TL 1790324269.265 124.1 1.8
TL 1790324269.365 213.9 2.2
TL 1790324269.465 762.2 3.0
TL 1790324269.566 952.9 5.7
TL 1790324269.666 754.7 3.6
TL 1790324269.766 585.7 4.5
TL 1790324269.866 945.0 4.4
TL 1790324269.966 457.2 2.8
TL 1790324270.066 598.4 3.6
TL 1790324270.166 270.5 2.3
TL 1790324270.267 489.0 4.1
TL 1790324270.369 2431.9 3.6
TL 1790324270.469 1542.3 3.5
TL 1790324270.568 775.7 27.2
TL 1790324270.669 981.5 3.9
TL 1790324270.769 596.3 3.4
TL 1790324270.869 929.9 3.9
TL 1790324270.970 1673.9 3.3
TL 1790324271.069 597.3 3.1
TL 1790324271.169 844.3 1.4
TL 1790324271.270 497.6 1.2
TL 1790324271.371 408.3 1.6
TL 1790324271.471 208.2 1.6
TL 1790324271.572 1428.0 1.7
TL 1790324271.672 856.2 3.1
TL 1790324271.772 441.9 1.8
TL 1790324271.872 411.6 1.5
TL 1790324271.972 659.6 1.2
TL 1790324272.072 640.1 3.6
TL 1790324272.172 516.3 1.5
TL 1790324272.272 430.9 4.2
TL 1790324272.374 1556.1 3.6
TL 1790324272.476 3709.8 2.2
TL 1790324272.572 128.8 2.0
TL 1790324272.673 445.4 3.1
TL 1790324272.773 265.4 1.8
TL 1790324272.873 631.8 2.4
TL 1790324272.974 810.5 4.2
TL 1790324273.074 841.6 4.1
TL 1790324273.174 876.9 3.1
TL 1790324273.274 395.9 2.8
TL 1790324273.374 585.0 2.7
TL 1790324273.478 961.9 4.1
TL 1790324273.578 512.4 4.4
TL 1790324273.679 825.2 2.5
TL 1790324273.779 1152.8 4.4
TL 1790324273.879 580.6 2.7
TL 1790324273.979 843.2 3.4
TL 1790324274.079 328.6 3.5
TL 1790324274.180 874.0 4.8
TL 1790324274.280 805.1 2.8
TL 1790324274.380 255.1 1.5
TL 1790324274.481 1309.5 4.1
TL 1790324274.580 216.0 1.6
TL 1790324274.681 847.1 3.1
TL 1790324274.781 539.3 1.6
TL 1790324274.881 491.9 3.0
TL 1790324274.982 1542.9 3.4
TL 1790324275.081 481.7 2.5
TL 1790324275.182 1027.7 2.4
TL 1790324275.281 298.2 1.8
TL 1790324275.382 448.9 3.2
TL 1790324275.482 492.2 2.8
TL 1790324275.582 800.9 1.7
TL 1790324275.682 772.8 2.4
TL 1790324275.782 414.2 2.7
TL 1790324275.882 435.2 2.2
TL 1790324275.985 1406.5 1.8
TL 1790324276.084 650.1 4.2
TL 1790324276.184 724.2 3.0
TL 1790324276.284 414.3 1.5
TL 1790324276.384 468.4 2.2
TL 1790324276.485 281.9 1.6
TL 1790324276.585 215.7 1.5
TL 1790324276.685 531.4 1.5
TL 1790324276.785 326.9 1.8
TL 1790324276.885 457.2 1.7
TL 1790324276.986 492.4 1.9
TL 1790324277.086 547.5 4.2
TL 1790324277.186 80.8 0.9
TL 1790324277.287 569.5 3.3
TL 1790324277.387 447.9 4.2
TL 1790324277.487 303.6 3.6
TL 1790324277.587 653.9 3.0
TL 1790324277.687 169.9 1.6
TL 1790324277.788 599.5 1.8
TL 1790324277.887 225.7 1.6
TL 1790324277.988 556.0 1.9
TL 1790324278.088 783.3 4.6
TL 1790324278.188 429.0 4.0
TL 1790324278.288 470.8 2.1
TL 1790324278.388 128.5 2.3
TL 1790324278.489 678.8 3.6
TL 1790324278.589 491.8 2.8
TL 1790324278.690 1026.6 3.9
TL 1790324278.789 362.6 2.4
TL 1790324278.890 442.7 4.1
TL 1790324278.990 515.8 3.7
TL 1790324279.090 325.5 2.3
TL 1790324279.191 424.8 3.4
TL 1790324279.291 720.0 2.0
TL 1790324279.391 134.4 1.8
TL 1790324279.491 350.9 3.7
TL 1790324279.592 738.2 3.9
TL 1790324279.692 549.3 4.0
TL 1790324279.792 311.7 1.5
TL 1790324279.892 563.3 3.6
TL 1790324279.992 663.8 2.2
TL 1790324280.092 452.3 4.2
TL 1790324280.193 303.7 0.9
TL 1790324280.293 517.2 4.4
TL 1790324280.393 541.5 2.1
TL 1790324280.493 206.2 1.4
TL 1790324280.593 468.2 1.9
TL 1790324280.693 504.0 1.6
TL 1790324280.793 146.9 1.7
TL 1790324280.895 1479.7 3.6
TL 1790324280.994 794.3 3.2
TL 1790324281.094 263.3 4.3
TL 1790324281.195 680.9 3.1
TL 1790324281.295 414.2 2.6
TL 1790324281.395 329.7 1.1
TL 1790324281.494 107.8 1.4
TL 1790324281.595 626.4 3.4
TL 1790324281.695 152.8 1.9
TL 1790324281.795 427.9 3.4
TL 1790324281.895 559.9 3.0
TL 1790324281.995 372.1 2.3
TL 1790324282.096 435.1 3.0
TL 1790324282.196 489.8 3.0
TL 1790324282.296 308.2 4.5
TL 1790324282.397 348.0 2.7
TL 1790324282.497 805.5 4.0
TL 1790324282.597 509.1 3.4
TL 1790324282.697 215.3 1.5
TL 1790324282.797 414.4 3.1
TL 1790324282.897 132.0 1.9
TL 1790324282.998 497.1 2.1
TL 1790324283.098 468.0 3.1
TL 1790324283.199 436.9 1.6
TL 1790324283.299 488.3 2.1
TL 1790324283.399 285.8 1.4
TL 1790324283.499 136.5 1.4
TL 1790324283.600 708.7 3.3
TL 1790324283.700 683.5 3.7
TL 1790324283.800 604.9 2.9
TL 1790324283.901 899.1 3.6
TL 1790324284.001 653.6 3.3
TL 1790324284.101 487.3 2.8
TL 1790324284.201 518.0 2.9
TL 1790324284.302 801.0 3.2
TL 1790324284.402 572.5 2.4
TL 1790324284.502 469.1 3.1
TL 1790324284.602 345.3 2.0
TL 1790324284.703 1688.9 28.3
TL 1790324284.802 674.9 3.9
TL 1790324284.903 767.4 3.1
TL 1790324285.003 815.7 4.3
TL 1790324285.103 595.1 2.8
TL 1790324285.203 366.6 2.1
TL 1790324285.304 509.3 3.4
TL 1790324285.404 460.9 2.8
TL 1790324285.504 485.5 3.4
TL 1790324285.604 486.0 3.4
TL 1790324285.705 579.4 2.9
TL 1790324285.805 964.5 3.5
TL 1790324285.905 765.3 2.9
TL 1790324286.006 687.8 3.9
TL 1790324286.106 424.5 4.1
TL 1790324286.206 562.2 4.1
TL 1790324286.306 740.4 4.1
TL 1790324286.406 621.0 3.5
TL 1790324286.506 573.3 5.0
TL 1790324286.606 434.3 3.1
TL 1790324286.707 1053.7 3.6
TL 1790324286.807 718.2 3.7
TL 1790324286.907 1011.0 3.5
TL 1790324287.008 897.6 4.4
TL 1790324287.108 483.9 4.5
TL 1790324287.208 360.1 1.7
TL 1790324287.308 265.4 2.3
TL 1790324287.408 379.4 2.5
TL 1790324287.508 562.3 4.5
TL 1790324287.609 550.3 3.8
TL 1790324287.708 92.7 2.7
TL 1790324287.809 820.0 3.7
TL 1790324287.910 1141.9 4.3
TL 1790324288.010 448.2 3.0
TL 1790324288.110 544.1 3.8
TL 1790324288.210 721.1 3.7
TL 1790324288.311 742.7 3.7
TL 1790324288.411 468.8 2.4
TL 1790324288.511 593.5 3.4
TL 1790324288.611 514.5 3.6
TL 1790324288.711 715.5 3.6
TL 1790324288.812 1053.6 2.6
TL 1790324288.912 782.7 5.2
TL 1790324289.012 482.4 4.0
TL 1790324289.112 634.8 4.8
TL 1790324289.213 693.2 4.0
TL 1790324289.313 560.4 2.9
TL 1790324289.413 106.1 1.2
TL 1790324289.513 475.2 3.6
TL 1790324289.614 729.8 4.5
TL 1790324289.714 617.1 2.9
TL 1790324289.815 1497.8 4.2
TL 1790324289.914 593.2 3.6
TL 1790324290.014 164.7 1.1
TL 1790324290.114 376.9 2.6
TL 1790324290.215 595.8 3.9
TL 1790324290.315 801.9 2.8
TL 1790324290.415 760.6 2.0
TL 1790324290.515 712.9 5.2
TL 1790324290.616 729.1 5.0
TL 1790324290.716 712.9 3.5
TL 1790324290.817 1180.7 3.2
TL 1790324290.917 753.1 4.1
TL 1790324291.017 369.9 3.2
TL 1790324291.117 546.2 3.6
TL 1790324291.217 704.9 4.2
TL 1790324291.318 852.1 2.8
TL 1790324291.418 424.6 2.3
TL 1790324291.518 543.5 4.7
TL 1790324291.618 524.6 3.7
TL 1790324291.719 762.2 3.0
TL 1790324291.819 636.3 2.6
TL 1790324291.919 507.3 3.9
TL 1790324292.019 720.0 2.8
TL 1790324292.120 611.1 3.3
TL 1790324292.220 829.9 4.6
TL 1790324292.321 831.6 3.6
TL 1790324292.420 308.0 1.8
TL 1790324292.521 433.0 3.5
TL 1790324292.621 232.4 1.8
TL 1790324292.721 175.6 2.0
TL 1790324292.821 541.8 3.3
TL 1790324292.921 309.6 1.8
TL 1790324293.022 553.3 2.9
TL 1790324293.121 284.9 2.9
TL 1790324293.222 227.9 1.6
TL 1790324293.322 565.4 3.4
TL 1790324293.422 172.3 0.9
TL 1790324293.523 920.8 3.2
TL 1790324293.622 434.9 3.1
TL 1790324293.722 308.0 2.3
TL 1790324293.823 549.7 2.0
TL 1790324293.922 105.5 2.5
TL 1790324294.023 516.7 3.6
TL 1790324294.123 540.3 2.9
TL 1790324294.224 1271.0 1.9
TL 1790324294.324 463.1 3.0
TL 1790324294.424 391.7 2.6
TL 1790324294.524 415.3 1.6
TL 1790324294.624 191.2 3.4
TL 1790324294.725 569.1 4.7
TL 1790324294.825 655.1 4.3
TL 1790324294.925 242.6 4.1
TL 1790324295.026 963.8 4.3
TL 1790324295.126 1028.6 4.8
TL 1790324295.225 134.4 2.2
TL 1790324295.325 200.3 1.6
TL 1790324295.425 138.9 2.1
TL 1790324295.526 439.7 1.3
TL 1790324295.626 139.8 2.0
TL 1790324295.726 193.5 1.8
TL 1790324295.827 874.8 1.9
TL 1790324295.926 239.3 1.8
TL 1790324296.026 368.0 1.0
TL 1790324296.126 162.0 1.6
TL 1790324296.227 629.4 5.6
TL 1790324296.327 802.3 3.4
TL 1790324296.428 1555.7 2.7
TL 1790324296.528 862.8 2.4
TL 1790324296.627 441.6 3.1
TL 1790324296.728 447.2 2.3
TL 1790324296.828 848.8 3.9
TL 1790324296.928 826.9 4.0
TL 1790324297.028 513.3 4.3
TL 1790324297.128 441.2 3.0
TL 1790324297.229 835.8 3.6
TL 1790324297.329 504.4 3.4
TL 1790324297.429 281.0 2.9
TL 1790324297.530 686.9 4.0
TL 1790324297.630 1066.5 3.5
TL 1790324297.730 518.3 3.8
TL 1790324297.831 1346.4 4.3
TL 1790324297.931 1124.8 4.3
TL 1790324298.030 161.6 1.8
TL 1790324298.130 222.2 2.2
TL 1790324298.230 103.7 2.0
TL 1790324298.331 860.1 4.0
TL 1790324298.431 908.3 4.4
TL 1790324298.531 822.3 3.9
TL 1790324298.632 770.8 4.2
TL 1790324298.732 436.3 2.1
TL 1790324298.832 469.4 2.0
TL 1790324298.932 170.4 2.0
TL 1790324299.032 645.0 3.8
TL 1790324299.132 453.6 3.1
TL 1790324299.233 501.3 1.9
TL 1790324299.333 755.6 4.2
TL 1790324299.433 545.3 3.7
TL 1790324299.533 357.4 2.3
TL 1790324299.633 512.7 4.0
TL 1790324299.734 622.4 2.7
TL 1790324299.834 690.2 3.7
TL 1790324299.934 757.5 3.1
TL 1790324300.034 333.8 2.6
TL 1790324300.134 564.5 3.2
TL 1790324300.235 607.0 4.3
TL 1790324300.335 449.3 2.3
TL 1790324300.436 1013.6 2.1
TL 1790324300.536 784.7 3.9
TL 1790324300.636 746.9 3.3
TL 1790324300.736 676.0 2.2
TL 1790324300.837 1049.3 4.4
TL 1790324300.937 926.9 4.2
TL 1790324301.037 989.5 4.0
TL 1790324301.138 1201.5 3.5
TL 1790324301.238 738.7 3.4
TL 1790324301.337 569.6 3.1
TL 1790324301.438 1124.2 4.5
TL 1790324301.538 953.7 3.6
TL 1790324301.639 943.3 3.1
TL 1790324301.739 502.9 3.1
TL 1790324301.839 887.6 4.1
TL 1790324301.939 489.9 2.5
TL 1790324302.039 406.4 3.5
TL 1790324302.139 478.1 3.6
TL 1790324302.240 746.1 3.8
TL 1790324302.340 670.2 3.4
TL 1790324302.441 421.9 3.2
TL 1790324302.541 684.6 3.2
TL 1790324302.641 256.6 3.5
TL 1790324302.741 474.3 3.3
TL 1790324302.841 601.5 4.0
TL 1790324302.943 1579.7 3.6
TL 1790324303.042 703.5 4.4
TL 1790324303.143 2118.9 3.3
TL 1790324303.243 1179.4 3.5
TL 1790324303.342 576.6 3.3
TL 1790324303.444 2177.0 2.7
TL 1790324303.542 494.9 1.9
TL 1790324303.642 78.4 1.7
TL 1790324303.743 802.3 4.8
TL 1790324303.843 460.7 2.2
TL 1790324303.944 1566.1 3.9
TL 1790324304.043 461.8 3.6
TL 1790324304.144 611.3 3.8
TL 1790324304.244 621.8 3.4
TL 1790324304.345 1052.2 3.6
TL 1790324304.445 1471.6 3.8
TL 1790324304.544 347.9 2.0
TL 1790324304.645 908.5 4.0
TL 1790324304.745 454.2 3.1
TL 1790324304.847 646.7 3.1
TL 1790324304.948 1241.5 4.2
TL 1790324305.047 219.8 3.0
TL 1790324305.147 98.1 1.7
TL 1790324305.247 485.4 1.7
TL 1790324305.348 702.6 3.2
TL 1790324305.448 952.2 4.1
TL 1790324305.549 1433.0 3.2
TL 1790324305.649 769.5 3.1
TL 1790324305.749 662.3 4.0
TL 1790324305.850 908.8 3.3
TL 1790324305.950 1134.4 4.1
TL 1790324306.050 628.3 3.9
TL 1790324306.150 533.2 3.9
TL 1790324306.251 731.4 4.6
TL 1790324306.351 623.2 2.5
TL 1790324306.451 855.9 2.8
TL 1790324306.551 385.5 2.2
TL 1790324306.651 363.6 2.6
TL 1790324306.752 671.9 3.5
TL 1790324306.852 512.3 1.4
TL 1790324306.952 582.7 2.1
TL 1790324307.052 251.5 1.9
TL 1790324307.153 1505.4 0.6
TL 1790324307.252 640.0 3.6
TL 1790324307.353 691.4 3.3
TL 1790324307.453 979.1 3.9
TL 1790324307.553 649.0 2.9
TL 1790324307.653 409.6 3.5
TL 1790324307.753 416.6 3.2
TL 1790324307.853 274.6 1.7
TL 1790324307.953 586.3 3.0
TL 1790324308.054 552.7 3.0
TL 1790324308.154 694.4 4.1
TL 1790324308.254 717.9 3.6
TL 1790324308.354 660.4 3.6
TL 1790324308.455 1369.2 4.1
TL 1790324308.555 515.0 2.6
TL 1790324308.655 687.0 2.6
TL 1790324308.755 494.5 3.2
TL 1790324308.855 489.9 1.3
TL 1790324308.955 213.7 1.9
TL 1790324309.056 1164.9 4.3
TL 1790324309.156 491.9 2.8
TL 1790324309.256 969.9 4.1
TL 1790324309.356 602.2 2.1
TL 1790324309.457 901.4 3.9
TL 1790324309.557 599.8 3.0
TL 1790324309.657 562.3 2.7
TL 1790324309.757 592.8 3.1
TL 1790324309.857 99.3 1.6
TL 1790324309.957 268.6 2.2
TL 1790324310.057 360.3 1.5
TL 1790324310.158 1182.1 4.0
TL 1790324310.257 320.9 2.1
TL 1790324310.358 491.6 2.2
TL 1790324310.459 1244.7 3.1
TL 1790324310.558 419.8 2.8
TL 1790324310.658 477.6 4.1
TL 1790324310.760 360.5 2.9
TL 1790324310.861 498.2 1.8
TL 1790324310.961 757.9 4.4
TL 1790324311.063 2070.4 4.9
TL 1790324311.161 557.4 4.5
TL 1790324311.261 297.1 1.5
TL 1790324311.362 755.2 3.7
TL 1790324311.461 54.4 1.9
TL 1790324311.561 151.2 1.1
TL 1790324311.661 129.3 2.0
TL 1790324311.762 466.1 3.5
TL 1790324311.864 603.9 4.2
TL 1790324311.964 914.9 3.9
TL 1790324312.064 422.3 2.8
TL 1790324312.164 998.3 4.9
TL 1790324312.264 583.5 5.0
TL 1790324312.365 1044.2 4.4
TL 1790324312.465 525.0 2.2
TL 1790324312.565 398.6 2.0
TL 1790324312.666 677.3 4.3
TL 1790324312.765 499.5 4.3
TL 1790324312.867 965.0 4.6
TL 1790324312.967 865.8 3.4
TL 1790324313.067 974.3 4.1
TL 1790324313.166 234.4 2.4
TL 1790324313.267 364.2 4.1
TL 1790324313.368 947.0 2.8
TL 1790324313.468 649.5 3.7
TL 1790324313.568 372.1 2.3
TL 1790324313.668 667.7 3.5
TL 1790324313.768 474.6 3.9
TL 1790324313.869 960.8 4.3
TL 1790324313.968 401.8 3.4
TL 1790324314.068 337.0 2.5
TL 1790324314.169 143.0 1.7
TL 1790324314.269 154.3 2.0
TL 1790324314.369 233.7 2.8
TL 1790324314.469 327.4 1.9
TL 1790324314.569 191.7 0.7
TL 1790324314.669 103.9 1.8
TL 1790324314.769 137.7 1.9
TL 1790324314.870 145.7 1.7
TL 1790324314.970 112.4 1.8
TL 1790324315.070 192.5 1.5
TL 1790324315.170 429.4 1.8
TL 1790324315.280 9944.6 4.1
TL 1790324315.370 101.8 2.3
TL 1790324315.473 472.3 2.1
TL 1790324315.572 88.2 0.9
TL 1790324315.673 232.2 1.7
TL 1790324315.773 344.1 1.7
TL 1790324315.873 61.8 1.7
TL 1790324315.973 671.8 1.9
TL 1790324316.073 70.3 1.5
TL 1790324316.174 1046.8 1.8
TL 1790324316.273 107.4 2.2
TL 1790324316.374 346.0 1.5
TL 1790324316.473 102.8 1.6
TL 1790324316.574 384.4 1.0
TL 1790324316.674 72.2 1.6
TL 1790324316.774 71.3 1.6
TL 1790324316.874 276.4 1.7
TL 1790324316.974 362.8 1.8
TL 1790324317.075 704.7 2.0
TL 1790324317.175 631.1 0.9
TL 1790324317.373 99251.0 2.5
TL 1790324317.378 4099.1 2.0
TL 1790324317.474 99.9 2.0
TL 1790324317.575 84.7 0.7
TL 1790324317.675 218.8 1.9
TL 1790324317.775 328.7 2.0
TL 1790324317.875 347.7 1.9
TL 1790324318.322 347199.9 1.2
TL 1790324318.323 295.5 0.4
TL 1790324318.476 53548.2 1.8
TL 1790324318.523 99.8 1.5
TL 1790324318.702 79521.9 1.9
TL 1790324318.849 126297.4 1.0
TL 1790324318.886 37405.5 3.0
TL 1790324318.966 17387.9 3.1
TL 1790324319.049 157.8 1.7
TL 1790324319.150 323.9 1.9
TL 1790324319.250 615.9 2.7
TL 1790324319.356 5890.7 2.2
TL 1790324319.481 31324.1 26.6
TL 1790324319.842 291726.9 1.7
TL 1790324319.843 1188.9 0.5
TL 1790324320.098 156077.5 3.9
TL 1790324320.100 1885.5 2.1
TL 1790324320.299 100559.9 0.8
TL 1790324320.300 980.5 0.6
TL 1790324320.632 233186.5 1.8
TL 1790324320.633 1121.2 0.4
TL 1790324320.844 111214.7 2.4
TL 1790324320.844 559.8 0.4
TL 1790324321.015 71273.6 2.0
TL 1790324321.044 503.3 1.5
TL 1790324321.145 822.6 2.0
TL 1790324321.398 153920.8 2.5
TL 1790324321.398 341.1 0.7
TL 1790324321.769 270798.9 1.6
TL 1790324321.769 381.9 0.4
TL 1790324321.869 175.3 1.4
TL 1790324321.969 265.5 1.4
TL 1790324322.070 275.2 1.9
TL 1790324322.170 773.3 1.6
TL 1790324322.270 143.5 1.4
TL 1790324322.370 590.6 1.7
TL 1790324322.471 1610.4 0.8
TL 1790324322.582 12083.9 1.6
TL 1790324322.670 177.2 2.0
TL 1790324322.770 290.7 1.8
TL 1790324322.872 1812.1 1.7
TL 1790324322.971 558.1 1.7
TL 1790324323.070 174.0 1.7
TL 1790324323.188 17733.6 1.9
TL 1790324323.275 4603.1 2.1
TL 1790324323.371 194.5 1.9
TL 1790324323.471 559.1 1.7
TL 1790324323.571 404.7 1.8
TL 1790324323.671 511.5 1.9
TL 1790324323.772 609.2 1.8
TL 1790324323.871 432.8 1.8
TL 1790324323.974 2738.0 3.3
TL 1790324324.072 329.6 1.8
TL 1790324324.174 3032.2 1.5
TL 1790324324.272 454.9 3.0
TL 1790324324.372 617.8 2.9
TL 1790324324.472 713.5 3.3
TL 1790324324.573 636.1 4.1
TL 1790324324.673 552.0 4.1
TL 1790324324.773 612.4 4.5
TL 1790324324.873 501.4 2.3
TL 1790324324.973 356.7 3.6
TL 1790324325.075 980.6 4.0
TL 1790324325.174 410.1 3.4
TL 1790324325.274 314.2 3.1
TL 1790324325.375 506.6 3.7
TL 1790324325.475 648.3 1.9
TL 1790324325.576 1293.7 4.0
TL 1790324325.676 958.9 4.4
TL 1790324325.775 112.1 2.9
TL 1790324325.876 616.0 2.7
TL 1790324325.976 1105.2 4.5
TL 1790324326.077 1334.6 4.2
TL 1790324326.177 804.4 4.1
TL 1790324326.277 537.0 4.5
TL 1790324326.377 891.4 3.3
TL 1790324326.477 561.6 3.8
TL 1790324326.578 805.9 3.3
TL 1790324326.678 719.0 4.9
TL 1790324326.778 157.7 2.2
TL 1790324326.878 520.9 3.5
TL 1790324326.979 1141.2 3.8
TL 1790324327.079 817.7 2.7
TL 1790324327.178 233.2 1.0
TL 1790324327.279 283.0 2.8
TL 1790324327.379 466.8 3.7
TL 1790324327.479 300.1 2.3
TL 1790324327.579 86.5 1.6
TL 1790324327.680 637.2 4.7
TL 1790324327.780 339.5 3.6
TL 1790324327.880 610.5 2.8
TL 1790324327.981 1598.2 4.2
TL 1790324328.080 360.8 2.0
TL 1790324328.219 38879.7 1.7
TL 1790324328.280 209.3 1.7
TL 1790324328.382 1173.4 6.0
TL 1790324328.482 862.7 3.1
TL 1790324328.581 547.4 3.3
TL 1790324328.682 675.3 4.4
TL 1790324328.782 314.3 2.1
TL 1790324328.882 517.6 2.7
TL 1790324328.982 725.0 4.1
TL 1790324329.083 1263.5 3.8
TL 1790324329.184 1290.2 5.1
TL 1790324329.283 162.9 2.3
TL 1790324329.383 578.3 3.0
TL 1790324329.484 774.3 2.3
TL 1790324329.584 1028.3 4.3
TL 1790324329.684 692.4 2.9
TL 1790324329.784 324.1 2.6
TL 1790324329.885 748.0 4.2
TL 1790324329.986 1405.7 4.3
TL 1790324330.085 680.4 2.4
TL 1790324330.185 524.3 2.7
TL 1790324330.286 981.6 3.9
TL 1790324330.386 387.2 2.9
TL 1790324330.487 952.2 3.6
TL 1790324330.587 872.4 3.9
TL 1790324330.687 656.5 3.6
TL 1790324330.787 464.4 2.6
TL 1790324330.887 701.4 3.6
TL 1790324330.987 472.0 3.4
TL 1790324331.089 1483.3 4.2
TL 1790324331.189 1596.3 3.2
TL 1790324331.288 979.6 3.1
TL 1790324331.388 491.6 2.2
TL 1790324331.494 5912.4 15.6
TL 1790324331.589 868.4 4.0
TL 1790324331.690 695.2 4.3
TL 1790324331.790 814.3 3.7
TL 1790324331.890 952.9 3.6
TL 1790324331.991 1364.8 4.4
TL 1790324332.090 450.0 2.4
TL 1790324332.191 961.6 2.7
TL 1790324332.292 1246.1 4.3
TL 1790324332.391 413.3 5.5
TL 1790324332.491 461.9 4.4
TL 1790324332.592 847.7 3.6
TL 1790324332.691 483.6 2.2
TL 1790324332.792 584.6 2.9
TL 1790324332.894 2301.5 3.0
TL 1790324332.992 552.6 1.9
TL 1790324333.092 186.5 1.7
TL 1790324333.192 556.5 1.9
TL 1790324333.293 851.6 3.0
TL 1790324333.392 488.1 2.6
TL 1790324333.493 1045.4 3.7
TL 1790324333.593 1002.0 3.5
TL 1790324333.693 1069.1 4.0
TL 1790324333.793 474.2 3.4
TL 1790324333.894 963.8 3.0
TL 1790324333.996 2885.7 4.6
TL 1790324334.095 1208.5 3.2
TL 1790324334.195 766.6 3.2
TL 1790324334.295 792.0 3.7
TL 1790324334.395 546.1 3.5
TL 1790324334.497 1234.5 4.8
TL 1790324334.599 2170.3 3.3
TL 1790324334.698 1155.7 2.9
TL 1790324334.797 450.1 3.5
TL 1790324334.898 653.9 3.7
TL 1790324334.999 1052.8 3.2
TL 1790324335.101 1056.3 3.1
TL 1790324335.200 506.7 3.8
TL 1790324335.301 1243.6 3.9
TL 1790324335.401 628.8 3.6
TL 1790324335.501 149.3 1.7
TL 1790324335.601 935.9 2.1
TL 1790324335.701 324.1 3.3
TL 1790324335.801 579.7 3.9
TL 1790324335.902 540.5 2.6
TL 1790324336.002 429.5 2.9
TL 1790324336.102 446.9 5.5
TL 1790324336.203 700.9 4.3
TL 1790324336.303 663.6 3.8
TL 1790324336.403 391.5 2.8
TL 1790324336.502 225.2 2.0
TL 1790324336.603 458.6 3.0
TL 1790324336.703 235.4 2.5
TL 1790324336.803 91.2 1.6
TL 1790324336.903 220.2 1.7
TL 1790324337.004 525.1 2.7
TL 1790324337.104 1045.6 3.5
TL 1790324337.204 188.6 2.2
TL 1790324337.304 668.5 3.2
TL 1790324337.404 523.3 3.3
TL 1790324337.505 508.5 3.0
TL 1790324337.605 961.2 4.5
TL 1790324337.705 436.1 3.1
TL 1790324337.806 1110.0 3.5
TL 1790324337.906 971.4 3.0
TL 1790324338.006 311.8 2.4
TL 1790324338.106 404.5 3.7
TL 1790324338.207 768.7 3.2
TL 1790324338.307 507.3 3.7
TL 1790324338.407 737.1 117.7
TL 1790324338.508 624.7 4.3
TL 1790324338.608 386.1 3.5
TL 1790324338.708 128.5 1.8
TL 1790324338.809 332.9 2.0
TL 1790324338.909 290.4 1.7
TL 1790324339.009 137.1 2.1
TL 1790324339.109 131.1 1.6
TL 1790324339.209 134.0 1.6
TL 1790324339.309 229.3 1.9
TL 1790324339.409 68.6 1.8
TL 1790324339.510 356.3 2.4
TL 1790324339.637 27469.2 1.9
TL 1790324339.710 250.9 2.0
TL 1790324339.820 10206.8 1.7
TL 1790324339.914 4401.5 1.9
TL 1790324340.011 1146.1 2.0
TL 1790324340.110 102.9 1.5
TL 1790324340.210 86.1 2.1
TL 1790324340.310 282.8 1.2
TL 1790324340.410 93.0 2.0
TL 1790324340.511 231.4 2.0
TL 1790324340.611 68.5 1.6
TL 1790324340.712 244.8 1.9
TL 1790324340.812 147.2 1.9
TL 1790324340.912 76.3 1.6
TL 1790324341.012 133.2 2.1
TL 1790324341.112 192.2 1.8
TL 1790324341.212 102.1 1.0
TL 1790324341.312 194.2 2.1
TL 1790324341.413 278.1 1.6
TL 1790324341.513 183.4 2.1
TL 1790324341.613 106.3 2.2
TL 1790324341.713 68.3 1.8
TL 1790324341.814 1008.2 1.5
TL 1790324341.913 252.3 1.8
TL 1790324342.013 178.5 1.9
TL 1790324342.113 200.5 1.6
TL 1790324342.214 617.2 1.9
TL 1790324342.314 842.7 3.4
TL 1790324342.414 563.7 3.4
TL 1790324342.515 811.9 3.8
TL 1790324342.615 563.9 3.1
TL 1790324342.715 192.3 2.2
TL 1790324342.815 254.3 1.8
TL 1790324342.915 334.9 1.2
TL 1790324343.015 426.9 1.6
TL 1790324343.115 116.0 1.5
TL 1790324343.215 80.9 1.1
TL 1790324343.315 187.4 1.7
TL 1790324343.454 38581.7 2.4
TL 1790324343.516 372.3 1.7
TL 1790324343.615 60.4 1.6
TL 1790324343.716 111.0 1.6
TL 1790324343.816 75.2 1.5
TL 1790324343.916 155.8 0.9
TL 1790324344.016 152.1 1.9
TL 1790324344.116 99.4 1.6
TL 1790324344.216 110.5 1.7
TL 1790324344.316 164.8 1.6
TL 1790324344.416 104.8 1.2
TL 1790324344.517 385.3 1.8
TL 1790324344.616 141.1 1.6
TL 1790324344.717 342.9 2.0
TL 1790324344.817 125.4 1.8
TL 1790324344.917 85.8 1.1
TL 1790324345.018 935.6 1.9
TL 1790324345.281 164678.1 4.0
TL 1790324345.285 2969.6 1.6
TL 1790324345.383 947.4 2.8
TL 1790324345.482 300.0 1.6
TL 1790324345.582 100.9 1.7
TL 1790324345.682 337.2 1.8
TL 1790324345.782 127.3 1.6
TL 1790324345.882 103.8 1.7
TL 1790324345.982 122.3 1.7
TL 1790324346.083 196.0 1.9
TL 1790324346.183 99.4 1.6
TL 1790324346.283 104.8 1.7
TL 1790324346.383 407.1 1.7
TL 1790324346.483 100.4 1.5
TL 1790324346.583 70.8 1.4
TL 1790324346.683 146.5 1.7
TL 1790324346.783 359.1 1.8
TL 1790324346.883 134.0 1.7
TL 1790324346.983 91.2 1.6
TL 1790324347.084 695.3 1.5
TL 1790324347.186 2737.5 1.4
TL 1790324347.284 122.6 1.1
TL 1790324347.384 181.7 1.5
TL 1790324347.484 189.5 1.8
TL 1790324347.584 252.3 2.4
TL 1790324347.685 791.1 2.8
TL 1790324347.785 299.6 1.8
TL 1790324347.885 73.2 1.5
TL 1790324348.030 45322.2 1.4
TL 1790324348.086 1043.5 1.5
TL 1790324348.185 181.9 2.0
TL 1790324348.285 524.0 4.2
TL 1790324348.385 430.4 2.0
TL 1790324348.485 254.4 3.2
TL 1790324348.586 460.2 4.9
TL 1790324348.686 688.8 3.7
TL 1790324348.787 1214.4 4.7
TL 1790324348.887 945.2 5.2
TL 1790324348.987 576.4 3.4
TL 1790324349.087 351.9 4.2
TL 1790324349.187 494.0 3.5
TL 1790324349.288 765.2 3.3
TL 1790324349.388 775.8 4.7
TL 1790324349.488 107.5 1.5
TL 1790324349.590 2142.3 1.7
TL 1790324349.709 20878.6 2.3
TL 1790324349.789 697.4 4.8
TL 1790324349.889 981.8 3.6
TL 1790324349.989 642.1 3.2
TL 1790324350.089 409.8 3.0
TL 1790324350.189 287.9 2.7
TL 1790324350.290 940.7 3.8
TL 1790324350.391 1427.7 4.6
TL 1790324350.491 1189.1 3.4
TL 1790324350.592 104.9 2.3
TL 1790324350.692 170.3 2.1
TL 1790324350.792 146.0 1.7
TL 1790324350.892 90.0 1.9
TL 1790324350.993 687.3 2.2
TL 1790324351.093 1026.5 3.4
TL 1790324351.194 840.9 3.0
TL 1790324351.295 1074.6 4.6
TL 1790324351.395 1363.1 3.1
TL 1790324351.495 986.8 3.2
TL 1790324351.598 2642.3 10.3
TL 1790324351.696 756.3 3.5
TL 1790324351.797 355.7 1.7
TL 1790324351.897 315.5 1.9
TL 1790324351.997 243.4 2.1
TL 1790324352.097 297.6 3.7
TL 1790324352.197 474.5 2.0
TL 1790324352.298 721.2 4.7
TL 1790324352.398 521.3 7.2
TL 1790324352.498 1092.1 4.2
TL 1790324352.598 427.9 3.7
TL 1790324352.698 683.7 5.0
TL 1790324352.799 514.3 3.7
TL 1790324352.898 155.1 1.8
TL 1790324352.998 122.0 1.9
TL 1790324353.099 307.2 2.0
TL 1790324353.199 192.1 0.7
TL 1790324353.299 378.0 3.3
TL 1790324353.399 293.7 1.8
TL 1790324353.499 106.0 2.1
TL 1790324353.599 459.6 3.9
TL 1790324353.699 202.7 3.1
TL 1790324353.800 445.7 2.1
TL 1790324353.901 987.2 3.7
TL 1790324354.001 500.4 2.7
TL 1790324354.101 178.7 1.9
TL 1790324354.201 359.8 1.9
TL 1790324354.301 486.7 1.9
TL 1790324354.405 4490.2 1.8
TL 1790324354.502 584.3 3.5
TL 1790324354.602 681.9 3.9
TL 1790324354.702 566.6 3.8
TL 1790324354.802 73.4 1.9
TL 1790324354.903 988.6 4.3
TL 1790324355.003 725.0 2.8
TL 1790324355.103 272.3 3.3
TL 1790324355.203 508.9 14.9
TL 1790324355.303 579.0 3.5
TL 1790324355.405 1527.0 3.6
TL 1790324355.504 827.3 3.3
TL 1790324355.605 393.1 3.1
TL 1790324355.705 480.3 4.0
TL 1790324355.806 680.1 3.8
TL 1790324355.907 1358.9 3.3
TL 1790324356.007 907.3 2.9
TL 1790324356.107 406.4 4.1
TL 1790324356.208 1142.2 3.8
TL 1790324356.308 661.0 3.1
TL 1790324356.409 1620.5 3.7
TL 1790324356.509 1510.3 3.6
TL 1790324356.608 467.6 3.3
TL 1790324356.709 639.7 4.0
TL 1790324356.808 318.2 2.2
TL 1790324356.909 971.6 3.3
TL 1790324357.009 813.5 3.0
TL 1790324357.109 228.9 2.9
TL 1790324357.209 118.8 1.5
TL 1790324357.310 1126.5 4.8
TL 1790324357.410 811.5 3.7
TL 1790324357.510 861.7 3.7
TL 1790324357.610 740.7 4.4
TL 1790324357.711 867.9 4.6
TL 1790324357.810 334.2 3.6
TL 1790324357.912 1544.5 3.9
TL 1790324358.012 819.1 3.1
TL 1790324358.112 464.0 2.1
TL 1790324358.212 379.9 2.3
TL 1790324358.312 140.3 1.7
TL 1790324358.412 82.0 1.9
TL 1790324358.513 334.8 2.9
TL 1790324358.613 556.7 4.2
TL 1790324358.713 805.8 3.4
TL 1790324358.813 253.6 1.8
TL 1790324358.913 208.7 1.7
TL 1790324359.014 704.2 3.3
TL 1790324359.113 366.9 2.7
TL 1790324359.214 374.8 1.9
TL 1790324359.313 217.6 2.3
TL 1790324359.415 1158.2 1.9
TL 1790324359.514 343.0 1.6
TL 1790324359.620 6649.9 1.8
TL 1790324359.715 1720.4 2.2
TL 1790324359.816 2113.3 2.1
TL 1790324359.914 145.4 1.8
TL 1790324360.015 428.8 1.0
TL 1790324360.114 125.4 2.9
TL 1790324360.215 954.5 2.1
TL 1790324360.314 79.5 1.7
TL 1790324360.416 1484.0 2.1
TL 1790324360.516 1093.0 1.8
TL 1790324360.615 347.6 1.4
TL 1790324360.715 453.6 1.9
TL 1790324360.815 401.3 1.6
TL 1790324360.915 410.6 2.0
TL 1790324361.016 994.0 0.6
TL 1790324361.115 185.4 1.8
TL 1790324361.215 204.7 1.9
TL 1790324361.316 517.3 1.8
TL 1790324361.416 320.8 1.9
TL 1790324361.516 495.1 1.6
TL 1790324361.616 567.7 2.1
TL 1790324361.716 325.1 1.5
TL 1790324361.818 2538.3 1.9
TL 1790324361.916 543.0 1.8
TL 1790324362.016 419.0 2.4
TL 1790324362.116 170.4 1.5
TL 1790324362.219 767.4 4.5
TL 1790324362.319 673.4 3.7
TL 1790324362.419 154.0 1.6
TL 1790324362.520 509.3 3.8
TL 1790324362.620 856.7 3.6
TL 1790324362.720 213.7 1.8
TL 1790324362.820 904.8 3.3
TL 1790324362.921 1354.6 4.7
TL 1790324363.021 733.8 3.4
TL 1790324363.121 506.9 2.6
TL 1790324363.221 556.9 1.9
TL 1790324363.322 718.6 3.4
TL 1790324363.423 982.0 4.5
TL 1790324363.523 310.4 3.1
TL 1790324363.625 2021.4 2.7
TL 1790324363.723 522.6 6.1
TL 1790324363.824 919.4 3.5
TL 1790324363.924 971.1 2.7
TL 1790324364.024 287.3 1.6
TL 1790324364.125 486.2 4.0
TL 1790324364.225 469.3 3.8
TL 1790324364.326 844.4 3.5
TL 1790324364.426 508.2 3.0
TL 1790324364.527 1354.2 3.8
TL 1790324364.626 634.8 3.4
TL 1790324364.728 1130.1 3.4
TL 1790324364.828 1175.3 35.7
TL 1790324364.928 1100.6 3.3
TL 1790324365.029 1027.1 3.4
TL 1790324365.129 529.3 4.4
TL 1790324365.228 312.5 2.7
TL 1790324365.329 257.3 3.0
TL 1790324365.429 393.9 2.1
TL 1790324365.529 502.8 2.0
TL 1790324365.631 2291.9 4.1
TL 1790324365.730 648.9 5.2
TL 1790324365.831 1527.5 3.0
TL 1790324365.930 868.2 4.3
TL 1790324366.031 831.0 3.5
TL 1790324366.131 509.4 2.9
TL 1790324366.232 1201.4 2.7
TL 1790324366.332 949.4 2.4
TL 1790324366.432 621.6 4.1
TL 1790324366.532 752.1 4.6
TL 1790324366.632 906.9 3.4
TL 1790324366.732 430.6 4.4
TL 1790324366.833 608.2 3.5
TL 1790324366.934 1967.1 3.4
TL 1790324367.033 943.3 4.0
TL 1790324367.133 377.4 3.1
TL 1790324367.235 275.8 1.7
TL 1790324367.335 521.1 4.8
TL 1790324367.435 180.9 2.4
TL 1790324367.535 228.3 1.7
TL 1790324367.636 501.9 4.2
TL 1790324367.736 501.4 3.8
TL 1790324367.837 639.1 3.2
TL 1790324367.937 412.7 3.4
TL 1790324368.038 1012.9 3.5
TL 1790324368.137 263.9 2.2
TL 1790324368.237 528.5 1.7
TL 1790324368.338 940.1 2.0
TL 1790324368.437 266.1 1.8
TL 1790324368.538 784.3 1.5
TL 1790324368.639 2316.6 1.8
TL 1790324368.738 1102.1 1.4
TL 1790324368.838 1015.4 1.8
TL 1790324368.939 1136.3 1.9
TL 1790324369.039 1082.7 2.1
TL 1790324369.139 1515.9 0.7
TL 1790324369.238 308.0 1.9
TL 1790324369.338 467.4 4.4
TL 1790324369.439 678.3 3.4
TL 1790324369.539 754.3 4.0
TL 1790324369.639 752.6 3.5
TL 1790324369.739 1017.6 5.1
TL 1790324369.839 620.5 4.2
TL 1790324369.939 140.8 2.7
TL 1790324370.040 717.9 4.1
TL 1790324370.140 454.3 2.4
TL 1790324370.240 669.9 4.2
TL 1790324370.340 494.0 3.9
TL 1790324370.444 1181.3 4.5
TL 1790324370.544 256.6 2.3
TL 1790324370.644 810.8 3.1
TL 1790324370.744 285.7 2.9
TL 1790324370.845 483.2 3.5
TL 1790324370.946 1342.5 4.2
TL 1790324371.045 704.1 3.3
TL 1790324371.145 647.2 2.9
TL 1790324371.245 674.2 2.2
TL 1790324371.345 477.9 3.7
TL 1790324371.446 1467.4 5.1
TL 1790324371.546 574.2 2.7
TL 1790324371.646 1041.6 2.8
TL 1790324371.746 928.9 3.7
TL 1790324371.846 694.9 3.5
TL 1790324371.946 558.2 4.5
TL 1790324372.047 426.9 4.5
TL 1790324372.147 239.7 2.4
TL 1790324372.248 1022.2 4.4
TL 1790324372.348 562.3 3.2
TL 1790324372.448 552.1 3.4
TL 1790324372.549 1199.0 4.1
TL 1790324372.648 491.9 4.1
TL 1790324372.748 103.2 1.7
TL 1790324372.849 758.7 2.9
TL 1790324372.950 1211.2 4.5
TL 1790324373.049 836.1 3.9
TL 1790324373.149 89.7 1.3
TL 1790324373.249 110.4 1.8
TL 1790324373.349 172.1 1.7
TL 1790324373.449 329.9 2.0
TL 1790324373.549 231.0 2.7
TL 1790324373.650 235.4 4.2
TL 1790324373.750 429.0 3.0
TL 1790324373.851 649.5 4.1
TL 1790324373.952 2010.8 4.3
TL 1790324374.051 609.0 2.0
TL 1790324374.152 812.3 2.8
TL 1790324374.252 937.1 2.6
TL 1790324374.352 548.2 3.8
TL 1790324374.453 1149.8 2.2
TL 1790324374.552 78.1 1.7
TL 1790324374.653 1358.1 1.9
TL 1790324374.752 233.9 1.8
TL 1790324374.853 584.5 11.2
TL 1790324374.954 1525.4 3.9
TL 1790324375.053 337.9 2.0
TL 1790324375.153 334.7 1.2
TL 1790324375.253 159.0 2.0
TL 1790324375.354 235.3 2.0
TL 1790324375.454 747.4 3.0
TL 1790324375.554 364.6 1.7
TL 1790324375.655 735.7 1.3
TL 1790324375.755 942.3 2.9
TL 1790324375.855 550.7 3.6
TL 1790324375.956 1950.8 4.7
TL 1790324376.055 548.2 3.7
TL 1790324376.155 165.3 1.0
TL 1790324376.256 830.9 3.4
TL 1790324376.356 993.5 4.7
TL 1790324376.456 214.3 3.3
TL 1790324376.556 254.5 1.7
TL 1790324376.662 5813.8 2.2
TL 1790324376.838 81862.1 2.0
TL 1790324376.857 443.5 1.5
TL 1790324376.957 621.0 4.0
TL 1790324377.057 422.7 2.4
TL 1790324377.160 1030.5 1.5
TL 1790324377.259 188.9 1.7
TL 1790324377.360 1015.6 4.6
TL 1790324377.460 533.6 2.4
TL 1790324377.561 544.8 3.4
TL 1790324377.661 303.8 4.9
TL 1790324377.762 832.5 3.3
TL 1790324377.862 692.9 3.5
TL 1790324377.963 1305.8 4.8
TL 1790324378.062 550.6 5.1
TL 1790324378.162 410.9 2.0
TL 1790324378.263 942.8 4.0
TL 1790324378.363 275.5 2.1
TL 1790324378.463 421.2 2.6
TL 1790324378.563 346.9 4.4
TL 1790324378.663 409.3 3.5
TL 1790324378.764 754.7 3.6
TL 1790324378.864 854.9 3.2
TL 1790324378.965 1204.3 3.6
TL 1790324379.064 501.1 5.2
TL 1790324379.165 590.8 1.5
TL 1790324379.265 713.7 4.7
TL 1790324379.365 877.2 3.0
TL 1790324379.465 607.6 3.4
TL 1790324379.566 516.9 3.6
TL 1790324379.666 439.1 3.1
TL 1790324379.766 842.1 3.3
TL 1790324379.866 829.7 3.8
TL 1790324379.967 731.6 4.0
TL 1790324380.066 214.6 4.0
TL 1790324380.168 1681.4 1.9
TL 1790324380.267 711.7 4.3
TL 1790324380.368 818.9 3.4
TL 1790324380.467 207.5 1.9
TL 1790324380.567 374.4 2.4
TL 1790324380.667 374.9 3.7
TL 1790324380.768 604.8 2.2
TL 1790324380.869 1158.3 3.7
TL 1790324380.968 802.4 3.8
TL 1790324381.068 732.1 3.3
TL 1790324381.168 439.6 3.4
TL 1790324381.269 1238.2 4.0
TL 1790324381.371 935.5 3.7
TL 1790324381.471 715.2 3.7
TL 1790324381.571 775.1 2.0
TL 1790324381.671 693.9 4.4
TL 1790324381.771 503.1 1.8
TL 1790324381.872 1168.7 3.6
TL 1790324381.971 570.0 3.2
TL 1790324382.072 1323.9 4.1
TL 1790324382.172 648.9 4.0
TL 1790324382.272 957.8 4.0
TL 1790324382.372 839.3 5.6
TL 1790324382.473 827.0 4.0
TL 1790324382.573 638.3 2.2
TL 1790324382.673 554.5 2.7
TL 1790324382.774 1540.7 4.3
TL 1790324382.874 1346.1 4.0
TL 1790324382.973 639.4 4.2
TL 1790324383.074 1391.6 3.2
TL 1790324383.192 18353.2 1.4
TL 1790324383.287 13611.5 2.3
TL 1790324383.374 221.3 1.5
TL 1790324383.474 131.5 1.7
TL 1790324383.604 30670.8 2.0
TL 1790324383.674 320.4 1.9
TL 1790324383.775 731.0 2.8
TL 1790324383.875 1132.2 4.4
TL 1790324383.975 671.6 5.5
TL 1790324384.077 1872.7 4.6
TL 1790324384.177 902.0 4.2
TL 1790324384.276 615.6 2.2
TL 1790324384.377 947.2 3.4
TL 1790324384.477 513.2 3.7
TL 1790324384.577 855.8 3.2
TL 1790324384.677 514.1 3.9
TL 1790324384.778 865.2 3.7
TL 1790324384.878 837.6 4.3
TL 1790324384.978 495.9 4.3
TL 1790324385.078 789.7 4.4
TL 1790324385.178 652.9 4.3
TL 1790324385.278 605.1 2.6
TL 1790324385.379 681.5 4.0
TL 1790324385.479 853.3 5.3
TL 1790324385.579 813.1 3.0
TL 1790324385.679 751.5 4.8
TL 1790324385.779 605.5 3.7
TL 1790324385.880 924.1 3.6
TL 1790324385.980 797.2 3.7
TL 1790324386.080 1410.7 4.6
TL 1790324386.180 551.0 3.3
TL 1790324386.280 688.7 2.9
TL 1790324386.382 2159.0 4.2
TL 1790324386.481 1146.1 4.3
TL 1790324386.582 1231.1 4.3
TL 1790324386.682 932.3 5.2
TL 1790324386.782 1531.4 3.4
TL 1790324386.882 686.0 4.0
TL 1790324386.983 1237.3 4.8
TL 1790324387.082 715.2 2.7
TL 1790324387.182 434.9 2.3
TL 1790324387.282 550.7 2.8
TL 1790324387.383 1310.5 4.6
TL 1790324387.484 763.6 3.7
TL 1790324387.584 640.5 3.1
TL 1790324387.684 460.8 3.3
TL 1790324387.785 994.4 3.8
TL 1790324387.887 2873.9 12.8
TL 1790324387.985 1027.3 3.4
TL 1790324388.085 410.6 2.1
TL 1790324388.185 296.3 1.9
TL 1790324388.285 742.6 3.1
TL 1790324388.386 796.5 4.6
TL 1790324388.486 1287.8 4.2
TL 1790324388.585 194.6 1.6
TL 1790324388.686 516.9 4.4
TL 1790324388.786 868.5 1.9
TL 1790324388.886 934.7 3.2
TL 1790324388.991 4244.3 14.7
TL 1790324389.088 795.2 4.5
TL 1790324389.188 480.0 2.5
TL 1790324389.288 379.0 2.9
TL 1790324389.389 1262.4 2.7
TL 1790324389.490 1275.8 3.6
TL 1790324389.590 961.9 3.0
TL 1790324389.690 527.0 5.5
TL 1790324389.790 851.1 3.5
TL 1790324389.891 1772.0 8.3
TL 1790324389.991 1313.8 5.4
TL 1790324390.091 1109.7 4.7
TL 1790324390.191 502.8 5.1
TL 1790324390.291 474.6 3.0
TL 1790324390.393 2213.4 4.3
TL 1790324390.493 1488.3 4.7
TL 1790324390.592 801.3 3.0
TL 1790324390.692 356.8 3.9
TL 1790324390.793 1286.2 3.7
TL 1790324390.893 951.2 3.4
TL 1790324390.995 1105.8 4.2
TL 1790324391.094 581.3 3.0
TL 1790324391.194 571.4 3.6
TL 1790324391.294 484.9 2.9
TL 1790324391.397 931.7 3.6
TL 1790324391.497 1392.4 3.9
TL 1790324391.599 755.9 3.3
TL 1790324391.700 478.1 3.5
TL 1790324391.800 1120.7 2.7
TL 1790324391.900 926.2 3.7
TL 1790324392.002 1445.4 4.1
TL 1790324392.101 621.7 3.3
TL 1790324392.202 1258.6 3.5
TL 1790324392.301 446.8 2.4
TL 1790324392.401 288.4 3.0
TL 1790324392.501 478.8 1.9
TL 1790324392.602 583.7 3.9
TL 1790324392.702 308.0 5.4
TL 1790324392.803 927.4 3.6
TL 1790324392.903 801.6 3.5
TL 1790324393.003 1000.2 3.3
TL 1790324393.103 673.8 4.6
TL 1790324393.203 576.3 4.1
TL 1790324393.303 373.8 2.4
TL 1790324393.404 484.5 3.6
TL 1790324393.504 800.1 3.4
TL 1790324393.604 500.2 3.8
TL 1790324393.705 794.2 4.1
TL 1790324393.806 1086.5 3.0
TL 1790324393.906 1308.3 3.2
TL 1790324394.007 1127.7 4.5
TL 1790324394.107 535.7 3.0
TL 1790324394.208 983.8 3.5
TL 1790324394.307 271.9 1.9
TL 1790324394.409 1427.5 3.4
TL 1790324394.508 583.1 3.2
TL 1790324394.608 561.0 36.9
TL 1790324394.709 673.8 3.7
TL 1790324394.809 707.9 3.5
TL 1790324394.909 861.1 2.9
TL 1790324395.010 1559.8 4.2
TL 1790324395.109 455.3 4.3
TL 1790324395.209 341.0 2.0
TL 1790324395.310 575.6 3.2
TL 1790324395.410 653.3 3.0
TL 1790324395.511 1284.8 4.1
TL 1790324395.611 691.2 2.7
TL 1790324395.711 696.2 3.6
TL 1790324395.811 625.8 2.9
TL 1790324395.911 575.4 3.6
TL 1790324396.013 1240.4 2.8
TL 1790324396.113 824.4 6.7
TL 1790324396.214 1843.9 6.3
TL 1790324396.313 708.9 4.1
TL 1790324396.414 1120.8 3.7
TL 1790324396.513 644.9 2.1
TL 1790324396.614 835.9 3.5
TL 1790324396.714 1115.2 4.6
TL 1790324396.815 1180.8 4.2
TL 1790324396.914 590.5 3.3
TL 1790324397.015 1330.1 3.6
TL 1790324397.114 490.7 3.2
TL 1790324397.214 145.9 1.2
TL 1790324397.315 643.1 3.3
TL 1790324397.415 551.9 4.1
TL 1790324397.517 1023.2 4.0
TL 1790324397.617 791.5 2.9
TL 1790324397.717 349.6 5.2
TL 1790324397.817 628.8 4.3
TL 1790324397.917 394.3 4.1
TL 1790324398.019 1099.5 3.6
TL 1790324398.119 473.2 5.4
TL 1790324398.219 738.0 3.5
TL 1790324398.319 463.0 3.1
TL 1790324398.419 679.1 3.2
TL 1790324398.519 518.9 2.8
TL 1790324398.619 338.2 3.7
TL 1790324398.720 955.5 4.8
TL 1790324398.820 725.6 4.1
TL 1790324398.921 1037.7 4.4
TL 1790324399.020 525.3 3.1
TL 1790324399.120 450.1 3.3
TL 1790324399.221 719.9 4.4
TL 1790324399.321 566.9 3.9
TL 1790324399.421 109.1 2.1
TL 1790324399.521 252.4 2.1
TL 1790324399.626 5458.6 2.1
TL 1790324399.898 176675.1 1.9
TL 1790324399.926 28848.5 1.7
TL 1790324399.998 207.3 2.0
TL 1790324400.099 972.1 1.7
TL 1790324400.198 262.9 2.7
TL 1790324400.299 900.6 4.9
TL 1790324400.399 265.9 5.8
TL 1790324400.500 1396.4 5.0
TL 1790324400.600 663.2 3.3
TL 1790324400.700 853.6 4.0
TL 1790324400.801 1041.7 4.4
TL 1790324400.903 2155.6 3.1
TL 1790324401.003 2540.8 3.3
TL 1790324401.101 346.3 3.9
TL 1790324401.201 477.1 1.8
TL 1790324401.302 794.8 3.0
TL 1790324401.402 847.0 2.7
TL 1790324401.502 318.3 2.3
TL 1790324401.602 883.5 4.2
TL 1790324401.703 544.0 3.3
TL 1790324401.804 1248.1 4.5
TL 1790324401.904 456.2 2.1
TL 1790324402.004 344.8 3.1
TL 1790324402.104 338.8 3.5
TL 1790324402.204 284.1 3.5
TL 1790324402.304 692.4 4.0
TL 1790324402.404 541.1 4.0
TL 1790324402.506 1717.6 13.9
TL 1790324402.605 776.0 3.2
TL 1790324402.705 588.8 4.2
TL 1790324402.806 710.3 3.8
TL 1790324402.906 673.3 3.2
TL 1790324403.007 1336.8 4.0
TL 1790324403.106 565.6 3.2
TL 1790324403.206 404.4 3.6
TL 1790324403.307 609.7 3.0
TL 1790324403.407 638.3 4.0
TL 1790324403.508 1032.6 3.6
TL 1790324403.608 1261.8 2.8
TL 1790324403.708 641.2 4.7
TL 1790324403.808 446.5 2.4
TL 1790324403.908 786.3 3.9
TL 1790324404.008 674.9 3.6
TL 1790324404.108 575.3 3.6
TL 1790324404.208 483.6 3.0
TL 1790324404.311 647.3 3.2
TL 1790324404.411 593.7 2.8
TL 1790324404.511 604.5 4.2
TL 1790324404.611 560.1 3.7
TL 1790324404.712 316.0 3.5
TL 1790324404.812 642.3 4.3
TL 1790324404.912 431.4 3.3
TL 1790324405.013 645.5 3.0
TL 1790324405.113 792.3 4.5
TL 1790324405.213 239.0 3.4
TL 1790324405.314 554.6 3.3
TL 1790324405.414 448.5 2.2
TL 1790324405.515 1019.8 2.1
TL 1790324405.614 477.7 3.1
TL 1790324405.715 393.1 3.2
TL 1790324405.815 476.0 3.3
TL 1790324405.916 1418.2 4.9
TL 1790324406.016 917.7 3.4
TL 1790324406.116 393.8 3.4
TL 1790324406.216 576.6 26.1
TL 1790324406.316 764.9 4.3
TL 1790324406.416 505.0 2.4
TL 1790324406.517 1014.1 4.8
TL 1790324406.617 577.2 3.9
TL 1790324406.717 573.4 3.3
TL 1790324406.817 560.3 3.2
TL 1790324406.917 478.8 4.1
TL 1790324407.018 741.0 2.2
TL 1790324407.118 447.0 3.3
TL 1790324407.218 268.7 1.3
TL 1790324407.318 517.6 2.8
TL 1790324407.418 236.7 3.8
TL 1790324407.519 624.2 3.0
TL 1790324407.619 800.2 3.6
TL 1790324407.719 645.1 4.1
TL 1790324407.819 542.4 3.5
TL 1790324407.920 1177.6 3.3
TL 1790324408.021 1518.9 3.8
TL 1790324408.121 1592.2 3.2
TL 1790324408.221 950.9 4.7
TL 1790324408.320 681.9 2.7
TL 1790324408.421 737.2 3.3
TL 1790324408.520 255.5 3.5
TL 1790324408.621 577.1 2.6
TL 1790324408.722 737.8 2.8
TL 1790324408.822 709.4 3.1
TL 1790324408.923 1697.1 1.8
TL 1790324409.021 236.9 1.5
TL 1790324409.144 23070.2 2.0
TL 1790324409.222 275.5 1.9
TL 1790324409.323 1556.7 1.9
TL 1790324409.422 277.1 1.1
TL 1790324409.522 477.4 3.0
TL 1790324409.624 2066.0 3.9
TL 1790324409.723 913.2 4.1
TL 1790324409.823 718.0 3.7
TL 1790324409.926 2786.9 3.1
TL 1790324410.024 769.3 3.2
TL 1790324410.124 420.4 3.2
TL 1790324410.224 334.8 1.3
TL 1790324410.325 747.1 2.9
TL 1790324410.426 1191.1 2.7
TL 1790324410.526 490.8 2.1
TL 1790324410.626 942.8 2.8
TL 1790324410.726 497.2 3.8
TL 1790324410.826 589.6 3.0
TL 1790324410.927 839.8 3.3
TL 1790324411.027 672.1 2.0
TL 1790324411.128 724.6 3.1
TL 1790324411.228 1286.1 2.7
TL 1790324411.328 892.8 3.3
TL 1790324411.428 621.5 1.5
TL 1790324411.528 901.8 3.3
TL 1790324411.629 855.9 3.0
TL 1790324411.729 1351.0 3.4
TL 1790324411.829 710.3 4.3
TL 1790324411.929 819.8 3.3
TL 1790324412.030 1671.9 3.7
TL 1790324412.130 1005.3 3.5
TL 1790324412.231 2269.4 4.6
TL 1790324412.330 452.1 3.6
TL 1790324412.430 895.3 2.7
TL 1790324412.530 540.6 2.7
TL 1790324412.632 1501.7 4.2
TL 1790324412.731 1129.2 3.9
TL 1790324412.832 902.9 15.5
TL 1790324412.933 1005.5 3.2
TL 1790324413.033 1127.4 3.5
TL 1790324413.134 1672.6 3.9
TL 1790324413.233 514.9 1.8
TL 1790324413.333 531.8 4.1
TL 1790324413.433 855.3 4.6
TL 1790324413.534 869.8 4.7
TL 1790324413.634 800.4 3.9
TL 1790324413.734 758.7 3.6
TL 1790324413.834 598.4 3.2
TL 1790324413.934 512.8 2.1
TL 1790324414.035 637.5 3.3
TL 1790324414.135 550.2 4.5
TL 1790324414.235 342.4 2.2
TL 1790324414.336 302.3 1.0
TL 1790324414.436 360.5 1.7
TL 1790324414.536 279.9 1.7
TL 1790324414.636 182.8 1.8
TL 1790324414.737 526.0 3.4
TL 1790324414.837 217.7 2.6
TL 1790324414.937 525.2 3.0
TL 1790324415.037 712.3 4.1
TL 1790324415.138 708.6 2.6
TL 1790324415.238 703.7 4.2
TL 1790324415.338 405.3 4.6
TL 1790324415.439 895.7 4.1
TL 1790324415.538 321.5 2.1
TL 1790324415.639 1092.8 3.5
TL 1790324415.739 644.7 3.4
TL 1790324415.838 115.1 2.7
TL 1790324415.939 913.4 3.7
TL 1790324416.039 510.7 3.4
TL 1790324416.139 727.5 3.8
TL 1790324416.240 843.5 4.3
TL 1790324416.340 490.2 2.3
TL 1790324416.441 1182.6 4.1
TL 1790324416.540 312.6 1.3
TL 1790324416.640 840.0 3.9
TL 1790324416.741 685.1 4.0
TL 1790324416.841 973.6 4.0
TL 1790324416.941 876.3 3.5
TL 1790324417.041 570.6 4.0
TL 1790324417.142 672.2 3.6
TL 1790324417.242 708.7 3.9
TL 1790324417.342 774.8 3.3
TL 1790324417.443 683.1 3.4
TL 1790324417.543 404.3 3.1
TL 1790324417.643 716.2 3.4
TL 1790324417.743 590.0 3.1
TL 1790324417.844 1046.4 3.1
TL 1790324417.944 1188.0 4.3
TL 1790324418.044 896.7 3.7
TL 1790324418.144 602.4 1.9
TL 1790324418.244 147.3 1.6
TL 1790324418.345 809.5 3.7
TL 1790324418.445 948.9 5.0
TL 1790324418.545 291.7 1.0
TL 1790324418.646 785.0 3.7
TL 1790324418.746 576.6 3.3
TL 1790324418.846 897.2 3.6
TL 1790324418.947 1146.7 3.9
TL 1790324419.046 297.6 3.3
TL 1790324419.147 451.0 3.2
TL 1790324419.247 431.5 1.9
TL 1790324419.350 998.1 4.3
TL 1790324419.450 413.8 1.9
TL 1790324419.550 270.0 2.0
TL 1790324419.650 794.0 3.0
TL 1790324419.751 954.6 3.3
TL 1790324419.851 847.5 3.6
TL 1790324419.951 619.5 3.4
TL 1790324420.051 278.5 3.3
TL 1790324420.152 877.8 2.9
TL 1790324420.252 743.6 4.2
TL 1790324420.352 719.7 3.4
TL 1790324420.452 525.1 3.2
TL 1790324420.552 430.9 3.0
TL 1790324420.652 718.8 4.0
TL 1790324420.752 485.4 4.1
TL 1790324420.853 586.2 3.1
TL 1790324420.953 500.8 4.2
TL 1790324421.053 620.5 3.1
TL 1790324421.154 684.6 3.7
TL 1790324421.254 533.6 3.4
TL 1790324421.354 561.6 2.9
TL 1790324421.454 569.6 3.5
TL 1790324421.554 421.0 2.9
TL 1790324421.655 719.8 3.2
TL 1790324421.754 454.5 3.3
TL 1790324421.856 644.9 2.9
TL 1790324421.957 833.8 3.4
TL 1790324422.057 872.3 3.4
TL 1790324422.157 899.3 4.4
TL 1790324422.258 1241.6 3.2
TL 1790324422.358 659.6 2.4
TL 1790324422.458 1032.6 4.1
TL 1790324422.558 456.8 2.4
TL 1790324422.658 741.6 2.7
TL 1790324422.758 666.1 3.1
TL 1790324422.858 596.2 3.0
TL 1790324422.959 944.5 3.9
TL 1790324423.059 941.1 4.2
TL 1790324423.159 799.9 2.5
TL 1790324423.260 919.9 1.9
TL 1790324423.359 530.2 3.3
TL 1790324423.460 788.6 3.2
TL 1790324423.560 455.5 2.4
TL 1790324423.660 784.3 3.6
TL 1790324423.761 754.4 3.1
TL 1790324423.861 788.8 3.7
TL 1790324423.961 481.0 1.8
TL 1790324424.062 1246.8 4.7
TL 1790324424.161 521.0 3.2
TL 1790324424.262 843.7 3.1
TL 1790324424.363 619.7 3.3
TL 1790324424.463 831.0 4.0
TL 1790324424.563 668.0 2.6
TL 1790324424.663 489.1 3.0
TL 1790324424.764 696.4 3.3
TL 1790324424.865 1742.7 2.3
TL 1790324424.964 921.3 4.0
TL 1790324425.065 1705.3 3.5
TL 1790324425.165 821.5 2.1
TL 1790324425.264 550.8 1.9
TL 1790324425.365 1133.5 3.8
TL 1790324425.465 575.9 3.7
TL 1790324425.565 391.4 3.4
TL 1790324425.665 246.9 3.0
TL 1790324425.766 947.7 4.7
TL 1790324425.865 409.4 1.5
TL 1790324425.966 509.3 4.5
TL 1790324426.067 990.2 4.2
TL 1790324426.167 730.7 4.4
TL 1790324426.267 848.9 3.6
TL 1790324426.367 1081.5 2.8
TL 1790324426.467 517.7 3.3
TL 1790324426.567 487.1 2.4
TL 1790324426.667 184.5 2.6
TL 1790324426.769 1261.2 3.2
TL 1790324426.868 730.9 2.7
TL 1790324426.968 572.7 3.7
TL 1790324427.069 1011.5 4.0
TL 1790324427.169 1006.6 3.1
TL 1790324427.269 672.9 2.6
TL 1790324427.369 827.1 3.6
TL 1790324427.469 413.1 3.9
TL 1790324427.569 508.8 2.3
TL 1790324427.670 669.4 2.6
TL 1790324427.770 901.3 3.6
TL 1790324427.870 689.0 3.4
TL 1790324427.970 703.2 3.0
TL 1790324428.071 1366.7 4.5
TL 1790324428.171 425.7 3.7
TL 1790324428.271 882.7 3.1
TL 1790324428.372 1202.2 3.7
TL 1790324428.472 562.2 3.5
TL 1790324428.572 532.2 2.7
TL 1790324428.672 948.3 3.0
TL 1790324428.772 894.8 3.0
TL 1790324428.873 1103.4 3.5
TL 1790324428.974 1104.6 4.5
TL 1790324429.074 1029.2 3.5
TL 1790324429.174 693.9 3.9
TL 1790324429.274 1135.6 3.2
TL 1790324429.374 258.7 3.1
TL 1790324429.475 1452.9 3.1
TL 1790324429.574 444.9 2.6
TL 1790324429.675 567.1 3.1
TL 1790324429.775 762.6 3.0
TL 1790324429.876 1199.7 3.1
TL 1790324429.976 1348.2 3.7
TL 1790324430.076 882.3 3.6
TL 1790324430.177 501.3 4.5
TL 1790324430.277 887.9 4.1
TL 1790324430.378 1087.1 3.9
TL 1790324430.478 992.6 3.4
TL 1790324430.577 343.9 2.0
TL 1790324430.678 359.2 3.1
TL 1790324430.778 589.7 3.2
TL 1790324430.879 1050.7 3.7
TL 1790324430.979 746.4 3.2
TL 1790324431.080 1417.6 4.1
TL 1790324431.179 361.4 2.0
TL 1790324431.280 1413.1 3.2
TL 1790324431.380 1151.2 4.1
TL 1790324431.480 962.6 3.7
TL 1790324431.580 171.1 0.6
TL 1790324431.680 741.0 2.6
TL 1790324431.781 819.6 3.4
TL 1790324431.882 1666.7 4.8
TL 1790324431.981 558.7 3.0
TL 1790324432.081 546.5 3.6
TL 1790324432.181 613.9 2.9
TL 1790324432.281 384.6 3.5
TL 1790324432.381 143.8 3.2
TL 1790324432.481 57.2 1.6
TL 1790324432.581 125.2 0.7
TL 1790324432.682 395.2 3.6
TL 1790324432.783 714.2 2.9
TL 1790324432.883 721.0 3.1
TL 1790324432.983 562.8 2.2
TL 1790324433.083 650.7 3.0
TL 1790324433.184 732.8 3.4
TL 1790324433.284 533.5 4.5
TL 1790324433.384 1262.3 4.8
TL 1790324433.485 1242.2 4.0
TL 1790324433.584 469.1 3.1
TL 1790324433.684 445.7 3.8
TL 1790324433.785 547.4 3.2
TL 1790324433.886 1099.9 3.0
TL 1790324433.986 649.0 3.3
TL 1790324434.086 526.4 1.9
TL 1790324434.186 501.4 3.4
TL 1790324434.287 841.4 3.9
TL 1790324434.386 534.5 2.6
TL 1790324434.488 1412.5 2.8
TL 1790324434.587 397.7 1.3
TL 1790324434.687 527.7 3.9
TL 1790324434.788 784.2 4.1
TL 1790324434.888 1321.1 2.7
TL 1790324434.988 927.1 4.2
TL 1790324435.088 689.2 4.2
TL 1790324435.189 1276.5 3.4
TL 1790324435.288 449.6 3.2
TL 1790324435.389 458.3 2.8
TL 1790324435.490 1277.2 4.4
TL 1790324435.589 316.3 1.9
TL 1790324435.689 225.4 2.5
TL 1790324435.790 442.2 3.4
TL 1790324435.890 673.8 3.3
TL 1790324435.991 1081.9 4.5
TL 1790324436.090 573.7 1.7
TL 1790324436.191 1013.7 3.1
TL 1790324436.291 328.6 1.5
TL 1790324436.391 429.9 1.6
TL 1790324436.491 321.9 1.7
TL 1790324436.591 245.2 1.7
TL 1790324436.691 505.2 3.2
TL 1790324436.792 519.2 3.4
TL 1790324436.892 783.2 3.1
TL 1790324436.992 908.1 3.3
TL 1790324437.093 976.4 4.2
TL 1790324437.192 429.9 1.8
TL 1790324437.292 464.5 3.1
TL 1790324437.393 687.4 2.3
TL 1790324437.493 772.3 3.0
TL 1790324437.593 306.2 2.3
TL 1790324437.694 603.9 2.9
TL 1790324437.794 584.3 3.6
TL 1790324437.894 529.5 3.6
TL 1790324437.995 1317.4 4.1
TL 1790324438.095 371.5 3.1
TL 1790324438.196 1434.5 3.9
TL 1790324438.295 506.5 4.4
TL 1790324438.396 582.0 3.2
TL 1790324438.497 1469.2 3.9
TL 1790324438.596 494.7 3.4
TL 1790324438.696 463.0 3.4
TL 1790324438.797 363.6 2.7
TL 1790324438.897 793.4 3.5
TL 1790324438.997 395.3 2.6
TL 1790324439.097 371.2 3.4
TL 1790324439.199 1549.0 3.6
TL 1790324439.298 459.5 3.2
TL 1790324439.398 639.7 2.7
TL 1790324439.500 2284.7 3.5
TL 1790324439.598 604.4 2.9
TL 1790324439.699 527.1 2.9
TL 1790324439.799 361.5 3.0
TL 1790324439.899 579.4 2.9
TL 1790324440.000 1019.4 4.1
TL 1790324440.100 1076.9 4.3
TL 1790324440.200 296.9 1.6
TL 1790324440.300 581.9 3.6
TL 1790324440.401 854.9 2.6
TL 1790324440.501 809.2 3.5
TL 1790324440.601 577.7 2.0
TL 1790324440.701 409.4 2.7
TL 1790324440.801 498.7 4.1
TL 1790324440.901 580.2 4.7
TL 1790324441.002 1189.9 5.7
TL 1790324441.102 544.4 4.6
TL 1790324441.202 885.5 3.2
TL 1790324441.303 1174.5 3.6
TL 1790324441.402 595.9 3.3
TL 1790324441.503 1376.3 4.9
TL 1790324441.603 974.6 3.1
