1790359848.557275015  112541 1004034
1790359850.969879128       0       0
1790359853.261700898   54521 1003450
1790359855.563591939   55536 1002786
1790359857.830950897       0       0
1790359860.106291833       0       0
1790359862.387264020       0       0
1790359864.639277821   74135 1003646
1790359866.896377039       0       0
1790359869.187594278       0       0
1790359871.439441933       0       0
1790359873.735584693       0       0
1790359876.000978338   52681 1003602
1790359878.275878441       0       0
1790359880.536626200   94069 1003382
1790359882.772953387   51702 1002735
1790359885.178868647   46273 1002827
1790359887.442391458   61462 1002770
1790359889.729297134   82965 1003375
1790359892.020731300   53599 1002564
1790359894.280905779   53599 1002564
1790359896.557513174   55419 1002617
1790359898.853984423   80722 1002965
1790359901.139424526   65598 1002518
1790359903.411726088   58569 1002830
1790359905.684902389   56932 1002631
1790359907.938027336   55697 1002810
1790359910.201751345   64596 1002794
1790359912.470298897   88814 1003311
1790359914.769836031   65013 1002668
1790359917.016525614   70450 1003049
1790359919.425569571   62181 1002925
1790359921.692288476   63872 1002725
1790359923.954301392   65383 1003167
1790359926.176822068   64828 1002884
1790359928.464835401   77016 1003468
1790359930.722190348   56158 1002508
1790359933.000045660   61294 1003372
1790359935.246049617   54909 1002560
1790359937.508590866   55752 1002858
1790359939.757710449       0       0
1790359942.020390969   51743 1002522
1790359944.327627114   81818 1003286
1790359946.597539717   55559 1002787
1790359948.858607476   63954 1003279
1790359951.140605288   61923 1002572
1790359953.557922891       0       0
1790359955.827364245   58465 1002763
1790359958.130722473   54623 1002734
1790359960.387072003   57562 1002699
1790359962.645991065   51412 1002747
1790359964.914587575       0       0
1790359967.184483615   53474 1002641
1790359969.465619031       0       0
1790359971.750083093   61579 1002684
1790359974.036411113   57234 1002493
1790359976.300102726   74681 1002664
1790359978.552239392   67101 1003284
1790359980.839256110   59788 1002938
1790359983.103615224   42844 1002617
1790359985.356215431       0       0
1790359987.787068191   58605 1002574
1790359990.050327044   56568 1002649
1790359992.309219595   54162 1002954
1790359994.584674594   74761 1003474
1790359996.854329854   58312 1003094
1790359999.115107093   58351 1003104
1790360001.394675842   50929 1002732
1790360003.691906101   53452 1003054
1790360005.953984434   55676 1002935
1790360008.211165787   84081 1002994
1790360010.499118286   66228 1002858
1790360012.762294067   61265 1002865
1790360015.018782035       0       0
1790360017.279852190       0       0
1790360019.531270939       0       0
1790360021.932920261       0       0
1790360024.211127500   60141 1002995
1790360026.465027343       0       0
1790360028.810544061       0       0
