TL 1790356087.913 92.6 1.2
TL 1790356088.016 132.2 2.7
TL 1790356088.116 106.3 1.8
TL 1790356088.217 153.3 2.3
TL 1790356088.318 207.3 2.7
TL 1790356088.418 348.5 2.3
TL 1790356088.518 425.9 3.2
TL 1790356088.618 172.7 3.0
TL 1790356088.719 434.4 4.0
TL 1790356088.819 349.3 3.9
TL 1790356088.919 609.0 3.5
TL 1790356089.019 344.6 3.4
TL 1790356089.119 132.9 2.2
TL 1790356089.220 264.0 3.0
TL 1790356089.320 285.7 5.3
TL 1790356089.420 452.3 3.7
TL 1790356089.520 487.1 3.9
TL 1790356089.620 199.8 2.7
TL 1790356089.721 608.0 3.1
TL 1790356089.821 368.9 3.3
TL 1790356089.921 282.8 3.1
TL 1790356090.021 335.9 2.9
TL 1790356090.121 353.1 4.4
TL 1790356090.221 212.7 3.0
TL 1790356090.322 592.2 4.1
TL 1790356090.422 369.5 4.5
TL 1790356090.522 410.1 4.3
TL 1790356090.622 540.8 3.8
TL 1790356090.723 303.7 2.8
TL 1790356090.823 408.8 3.2
TL 1790356090.923 253.4 4.5
TL 1790356091.024 468.5 4.2
TL 1790356091.124 297.9 4.2
TL 1790356091.224 547.7 4.2
TL 1790356091.324 323.3 3.9
TL 1790356091.425 401.9 3.9
TL 1790356091.525 484.0 3.9
TL 1790356091.625 356.9 5.6
TL 1790356091.725 244.5 4.5
TL 1790356091.826 849.5 4.6
TL 1790356091.926 536.7 4.5
TL 1790356092.027 274.9 3.9
TL 1790356092.127 372.0 4.4
TL 1790356092.227 462.9 4.5
TL 1790356092.327 566.1 3.9
TL 1790356092.429 1263.4 2.8
TL 1790356092.528 276.0 4.2
TL 1790356092.628 358.3 4.3
TL 1790356092.728 186.4 2.2
TL 1790356092.829 347.8 4.8
TL 1790356092.929 248.3 3.8
TL 1790356093.029 118.3 2.1
TL 1790356093.129 423.9 3.3
TL 1790356093.229 392.5 3.6
TL 1790356093.330 271.1 3.8
TL 1790356093.430 212.0 3.6
TL 1790356093.530 564.9 4.0
TL 1790356093.630 474.0 3.3
TL 1790356093.731 595.7 3.7
TL 1790356093.831 267.2 3.2
TL 1790356093.931 703.3 3.7
TL 1790356094.032 529.2 3.4
TL 1790356094.132 374.3 3.5
TL 1790356094.232 270.2 4.7
TL 1790356094.332 218.3 3.8
TL 1790356094.432 270.7 4.2
TL 1790356094.534 515.6 3.8
TL 1790356094.635 1478.7 3.7
TL 1790356094.734 285.4 3.3
TL 1790356094.835 1097.2 3.3
TL 1790356094.934 248.6 3.9
TL 1790356095.035 310.1 3.7
TL 1790356095.135 352.8 3.3
TL 1790356095.236 248.3 3.7
TL 1790356095.336 341.5 4.6
TL 1790356095.436 296.5 3.6
TL 1790356095.536 366.4 4.4
TL 1790356095.636 355.1 3.9
TL 1790356095.736 294.3 4.2
TL 1790356095.837 366.2 4.1
TL 1790356095.937 285.1 3.4
TL 1790356096.037 497.2 3.1
TL 1790356096.137 516.1 2.9
TL 1790356096.237 153.0 2.4
TL 1790356096.337 347.0 3.3
TL 1790356096.437 181.6 4.3
TL 1790356096.538 331.4 3.0
TL 1790356096.638 237.7 3.1
TL 1790356096.738 342.1 3.5
TL 1790356096.838 432.6 3.6
TL 1790356096.938 337.9 3.9
TL 1790356097.039 184.8 4.5
TL 1790356097.139 321.9 3.8
TL 1790356097.239 249.9 3.5
TL 1790356097.340 442.0 2.4
TL 1790356097.440 143.9 2.3
TL 1790356097.540 347.6 3.6
TL 1790356097.640 366.7 4.4
TL 1790356097.740 103.5 1.2
TL 1790356097.841 251.7 4.1
TL 1790356097.942 1075.1 3.3
TL 1790356098.042 339.2 4.2
TL 1790356098.142 581.8 4.6
TL 1790356098.243 715.6 3.8
TL 1790356098.343 282.2 3.5
TL 1790356098.443 557.4 3.4
TL 1790356098.543 346.8 3.0
TL 1790356098.643 429.5 4.3
TL 1790356098.743 260.6 3.5
TL 1790356098.843 326.0 5.9
TL 1790356098.943 255.3 2.4
TL 1790356099.044 469.1 3.4
TL 1790356099.144 255.6 3.4
TL 1790356099.244 439.2 3.4
TL 1790356099.344 289.3 3.5
TL 1790356099.444 283.8 3.3
TL 1790356099.545 270.0 4.2
TL 1790356099.645 438.0 3.7
TL 1790356099.745 224.8 3.7
TL 1790356099.845 442.2 3.6
TL 1790356099.945 261.6 4.5
TL 1790356100.046 669.9 3.4
TL 1790356100.146 282.2 3.7
TL 1790356100.246 318.2 3.7
TL 1790356100.347 745.8 3.7
TL 1790356100.447 541.0 3.7
TL 1790356100.548 510.4 3.9
TL 1790356100.649 395.6 3.3
TL 1790356100.749 309.0 3.7
TL 1790356100.849 377.1 4.0
TL 1790356100.949 261.9 3.4
TL 1790356101.050 503.1 3.6
TL 1790356101.150 285.6 3.7
TL 1790356101.250 269.4 3.1
TL 1790356101.350 254.5 3.3
TL 1790356101.450 133.0 1.8
TL 1790356101.550 271.8 4.5
TL 1790356101.650 267.1 4.2
TL 1790356101.751 244.5 2.7
TL 1790356101.851 311.1 4.1
TL 1790356101.951 304.5 3.2
TL 1790356102.051 86.7 2.2
TL 1790356102.151 361.7 4.3
TL 1790356102.252 495.4 4.7
TL 1790356102.353 491.0 3.3
TL 1790356102.452 306.1 3.2
TL 1790356102.553 475.2 5.0
TL 1790356102.653 257.9 4.3
TL 1790356102.753 295.6 3.9
TL 1790356102.853 328.3 4.6
TL 1790356102.954 175.4 2.9
TL 1790356103.055 298.7 3.9
TL 1790356103.156 320.7 4.1
TL 1790356103.256 381.5 3.6
TL 1790356103.356 121.5 2.6
TL 1790356103.456 519.4 3.7
TL 1790356103.557 468.1 4.0
TL 1790356103.657 251.0 4.5
TL 1790356103.757 399.8 4.3
TL 1790356103.857 545.8 4.8
TL 1790356103.957 405.5 4.5
TL 1790356104.057 501.0 3.6
TL 1790356104.157 322.8 3.8
TL 1790356104.257 225.2 3.2
TL 1790356104.358 477.0 4.0
TL 1790356104.458 282.4 2.8
TL 1790356104.558 379.1 3.4
TL 1790356104.658 178.1 2.7
TL 1790356104.759 250.6 3.0
TL 1790356104.859 362.3 4.0
TL 1790356104.959 217.2 2.0
TL 1790356105.059 236.9 3.6
TL 1790356105.159 311.3 3.9
TL 1790356105.260 547.9 2.8
TL 1790356105.360 364.6 3.9
TL 1790356105.460 344.8 4.2
TL 1790356105.560 472.4 4.0
TL 1790356105.661 383.9 4.1
TL 1790356105.761 259.9 4.6
TL 1790356105.862 413.0 3.1
TL 1790356105.962 660.1 3.7
TL 1790356106.063 381.5 2.8
TL 1790356106.163 357.6 3.2
TL 1790356106.263 378.1 5.5
TL 1790356106.363 413.8 3.5
TL 1790356106.463 233.3 3.4
TL 1790356106.564 412.9 4.1
TL 1790356106.664 591.0 4.8
TL 1790356106.765 568.2 4.4
TL 1790356106.864 269.9 3.7
TL 1790356106.965 685.3 4.4
TL 1790356107.065 227.3 5.1
TL 1790356107.165 282.1 3.5
TL 1790356107.265 370.4 3.3
TL 1790356107.365 273.6 4.5
TL 1790356107.466 306.6 3.6
TL 1790356107.566 853.8 4.1
TL 1790356107.666 236.8 3.9
TL 1790356107.766 612.5 10.0
TL 1790356107.866 305.5 5.4
TL 1790356107.966 169.9 1.9
TL 1790356108.067 384.3 4.4
TL 1790356108.167 403.9 3.3
TL 1790356108.268 630.4 4.0
TL 1790356108.368 221.6 3.9
TL 1790356108.468 176.9 3.3
TL 1790356108.568 415.8 4.9
TL 1790356108.669 396.5 4.0
TL 1790356108.769 374.8 3.4
TL 1790356108.869 334.6 3.5
TL 1790356108.969 568.6 3.7
TL 1790356109.069 387.6 4.2
TL 1790356109.170 318.6 3.9
TL 1790356109.270 546.7 3.9
TL 1790356109.370 369.2 4.6
TL 1790356109.471 915.8 4.1
TL 1790356109.571 412.8 3.7
TL 1790356109.671 394.7 3.6
TL 1790356109.771 376.9 3.6
TL 1790356109.871 137.1 2.3
TL 1790356109.971 632.1 3.9
TL 1790356110.071 326.3 3.3
TL 1790356110.171 375.3 3.4
TL 1790356110.271 319.9 4.2
TL 1790356110.372 387.5 4.8
TL 1790356110.473 1147.1 3.2
TL 1790356110.572 329.7 3.3
TL 1790356110.672 435.6 4.5
TL 1790356110.773 351.1 2.3
TL 1790356110.873 424.1 4.5
TL 1790356110.973 282.0 3.4
TL 1790356111.073 217.4 3.0
TL 1790356111.173 263.1 4.3
TL 1790356111.274 522.9 3.5
TL 1790356111.374 353.2 3.9
TL 1790356111.474 417.7 3.5
TL 1790356111.574 501.1 3.9
TL 1790356111.675 494.0 3.8
TL 1790356111.776 472.1 3.7
TL 1790356111.876 275.1 2.3
TL 1790356111.976 179.4 3.6
TL 1790356112.076 528.9 2.0
TL 1790356112.176 153.6 2.7
TL 1790356112.276 255.2 3.8
TL 1790356112.377 469.5 4.3
TL 1790356112.477 144.2 2.6
TL 1790356112.577 387.3 3.6
TL 1790356112.677 268.0 3.8
TL 1790356112.777 405.6 3.1
TL 1790356112.878 417.5 4.5
TL 1790356112.978 711.3 4.2
TL 1790356113.078 341.5 2.9
TL 1790356113.178 233.2 3.4
TL 1790356113.278 350.7 2.1
TL 1790356113.378 366.2 4.5
TL 1790356113.479 354.0 2.1
TL 1790356113.579 187.4 2.9
TL 1790356113.679 344.7 3.9
TL 1790356113.779 348.6 2.1
TL 1790356113.879 238.6 3.3
TL 1790356113.980 289.3 2.9
TL 1790356114.080 145.2 3.2
TL 1790356114.180 306.4 4.2
TL 1790356114.280 529.4 4.3
TL 1790356114.381 471.1 3.5
TL 1790356114.481 563.0 4.0
TL 1790356114.581 411.5 5.3
TL 1790356114.681 380.3 3.5
TL 1790356114.782 559.7 3.9
TL 1790356114.882 268.1 4.3
TL 1790356114.982 283.7 4.6
TL 1790356115.083 399.6 2.9
TL 1790356115.183 513.6 3.7
TL 1790356115.284 643.6 4.0
TL 1790356115.383 278.5 4.0
TL 1790356115.483 293.7 3.5
TL 1790356115.584 415.7 3.3
TL 1790356115.684 283.6 2.2
TL 1790356115.784 348.1 4.1
TL 1790356115.884 192.4 2.6
TL 1790356115.985 525.6 4.4
TL 1790356116.085 492.0 4.5
TL 1790356116.185 356.6 5.4
TL 1790356116.285 333.1 3.0
TL 1790356116.385 399.3 3.2
TL 1790356116.485 242.3 4.0
TL 1790356116.585 253.3 3.3
TL 1790356116.686 230.2 4.2
TL 1790356116.787 1082.6 16.1
TL 1790356116.887 304.9 4.7
TL 1790356116.988 405.5 2.0
TL 1790356117.088 270.1 3.1
TL 1790356117.188 412.3 3.7
TL 1790356117.288 325.0 4.4
TL 1790356117.389 340.6 3.4
TL 1790356117.490 427.7 4.0
TL 1790356117.590 374.4 3.7
TL 1790356117.690 294.8 4.2
TL 1790356117.790 261.5 3.5
TL 1790356117.890 235.3 4.5
TL 1790356117.990 154.4 2.8
TL 1790356118.091 378.5 4.7
TL 1790356118.191 449.3 4.7
TL 1790356118.291 266.2 3.7
TL 1790356118.392 492.3 5.8
TL 1790356118.492 474.5 3.4
TL 1790356118.592 762.3 3.6
TL 1790356118.692 326.5 4.1
TL 1790356118.792 347.6 3.0
TL 1790356118.893 459.7 3.0
TL 1790356118.993 550.2 5.4
TL 1790356119.093 419.5 3.5
TL 1790356119.193 232.3 3.7
TL 1790356119.293 430.8 4.2
TL 1790356119.395 190.2 2.2
TL 1790356119.496 1099.6 2.6
TL 1790356119.595 295.4 3.2
TL 1790356119.696 452.7 4.3
TL 1790356119.796 459.8 4.3
TL 1790356119.897 521.5 4.8
TL 1790356119.997 223.9 2.6
TL 1790356120.097 273.6 3.0
TL 1790356120.197 242.5 3.5
TL 1790356120.298 501.9 2.6
TL 1790356120.398 432.3 4.1
TL 1790356120.498 299.2 5.2
TL 1790356120.598 240.0 4.0
TL 1790356120.698 439.6 3.7
TL 1790356120.798 230.5 3.7
TL 1790356120.899 286.5 2.8
TL 1790356120.999 362.7 4.4
TL 1790356121.100 269.9 3.6
TL 1790356121.200 577.7 3.6
TL 1790356121.300 450.3 3.6
TL 1790356121.400 415.0 3.8
TL 1790356121.501 601.1 4.3
TL 1790356121.601 276.6 4.0
TL 1790356121.701 402.8 4.6
TL 1790356121.801 295.9 2.7
TL 1790356121.902 350.2 3.9
TL 1790356122.001 191.2 3.5
TL 1790356122.102 495.1 3.2
TL 1790356122.202 297.7 2.1
TL 1790356122.302 436.1 4.4
TL 1790356122.402 249.3 3.5
TL 1790356122.502 307.1 3.0
TL 1790356122.603 346.0 3.2
TL 1790356122.703 315.4 3.1
TL 1790356122.803 99.1 2.2
TL 1790356122.903 277.4 3.3
TL 1790356123.004 631.7 1.3
TL 1790356123.104 344.4 2.7
TL 1790356123.204 521.3 2.9
TL 1790356123.304 107.6 2.5
TL 1790356123.404 420.8 3.9
TL 1790356123.505 443.6 269.0
TL 1790356123.605 164.4 2.9
TL 1790356123.705 250.3 2.7
TL 1790356123.805 277.0 3.1
TL 1790356123.905 256.9 4.3
TL 1790356124.005 313.2 3.7
TL 1790356124.106 310.6 3.2
TL 1790356124.206 418.9 3.2
TL 1790356124.306 266.7 2.9
TL 1790356124.406 315.0 3.5
TL 1790356124.507 460.1 4.0
TL 1790356124.607 264.9 3.2
TL 1790356124.707 147.0 2.7
TL 1790356124.808 216.7 3.2
TL 1790356124.908 428.9 2.1
TL 1790356125.008 764.4 3.9
TL 1790356125.108 346.8 2.8
TL 1790356125.208 367.3 4.7
TL 1790356125.308 200.8 3.4
TL 1790356125.409 293.0 2.8
TL 1790356125.509 356.2 2.9
TL 1790356125.609 311.4 5.3
TL 1790356125.709 437.7 3.1
TL 1790356125.809 134.3 2.2
TL 1790356125.910 522.9 3.5
TL 1790356126.009 238.6 3.5
TL 1790356126.110 287.4 3.6
TL 1790356126.211 655.8 4.0
TL 1790356126.311 297.4 3.6
TL 1790356126.411 599.2 5.4
TL 1790356126.511 287.0 4.2
TL 1790356126.612 341.6 4.8
TL 1790356126.712 271.4 4.0
TL 1790356126.812 294.0 4.5
TL 1790356126.912 281.4 3.9
TL 1790356127.013 289.8 3.6
TL 1790356127.113 926.6 3.0
TL 1790356127.213 467.2 4.9
TL 1790356127.313 515.1 4.1
TL 1790356127.415 559.0 3.9
TL 1790356127.515 372.4 4.5
TL 1790356127.615 431.1 3.5
TL 1790356127.715 401.3 3.9
TL 1790356127.816 681.7 4.6
TL 1790356127.916 496.8 2.8
TL 1790356128.016 356.9 5.9
TL 1790356128.116 339.5 2.3
TL 1790356128.216 262.5 4.3
TL 1790356128.316 393.5 3.3
TL 1790356128.416 115.6 2.2
TL 1790356128.517 670.5 3.7
TL 1790356128.617 263.1 3.7
TL 1790356128.717 539.6 3.3
TL 1790356128.817 251.2 5.1
TL 1790356128.917 367.4 22.1
TL 1790356129.017 247.7 3.4
TL 1790356129.118 416.1 3.1
TL 1790356129.218 254.3 2.7
TL 1790356129.318 425.9 2.4
TL 1790356129.419 349.6 3.4
TL 1790356129.519 369.6 4.2
TL 1790356129.620 486.2 3.9
TL 1790356129.720 897.0 3.6
TL 1790356129.820 727.4 3.8
TL 1790356129.921 390.1 3.7
TL 1790356130.022 327.6 3.4
TL 1790356130.122 428.2 2.9
TL 1790356130.222 359.3 3.7
TL 1790356130.322 408.7 4.2
TL 1790356130.422 341.3 3.0
TL 1790356130.522 251.2 3.7
TL 1790356130.623 317.9 3.2
TL 1790356130.723 575.5 3.3
TL 1790356130.823 129.3 2.4
TL 1790356130.923 151.6 2.7
TL 1790356131.023 266.7 3.3
TL 1790356131.123 255.9 3.1
TL 1790356131.224 393.3 2.1
TL 1790356131.324 396.9 5.6
TL 1790356131.424 497.8 3.3
TL 1790356131.525 319.9 3.1
TL 1790356131.625 175.6 2.6
TL 1790356131.725 263.5 3.0
TL 1790356131.825 289.6 3.4
TL 1790356131.925 326.2 3.3
TL 1790356132.026 671.0 3.4
TL 1790356132.126 385.0 2.3
TL 1790356132.226 271.0 4.0
TL 1790356132.326 666.7 3.3
TL 1790356132.428 1658.2 3.2
TL 1790356132.526 139.1 2.2
TL 1790356132.627 996.5 4.2
TL 1790356132.727 270.4 3.4
TL 1790356132.827 397.5 5.2
TL 1790356132.927 293.7 4.6
TL 1790356133.027 450.3 4.0
TL 1790356133.127 265.5 2.3
TL 1790356133.228 334.2 6.2
TL 1790356133.328 409.0 3.6
TL 1790356133.428 604.9 3.4
TL 1790356133.529 726.3 3.6
TL 1790356133.629 549.1 211.7
TL 1790356133.729 675.6 3.7
TL 1790356133.830 903.5 4.3
TL 1790356133.930 891.5 3.1
TL 1790356134.029 136.9 2.4
TL 1790356134.130 227.3 1.9
TL 1790356134.230 260.3 2.7
TL 1790356134.330 415.7 3.7
TL 1790356134.430 390.0 2.9
TL 1790356134.531 727.9 3.2
TL 1790356134.630 277.8 3.2
TL 1790356134.731 464.6 2.9
TL 1790356134.831 475.2 4.1
TL 1790356134.931 235.9 2.6
TL 1790356135.033 858.8 2.9
TL 1790356135.133 244.3 2.6
TL 1790356135.233 466.6 3.5
TL 1790356135.334 375.9 4.0
TL 1790356135.434 263.1 4.2
TL 1790356135.534 404.7 3.4
TL 1790356135.634 263.9 3.8
TL 1790356135.734 224.6 3.9
TL 1790356135.835 486.0 3.7
TL 1790356135.935 509.0 3.3
TL 1790356136.035 317.5 3.1
TL 1790356136.135 338.1 2.3
TL 1790356136.235 343.1 3.1
TL 1790356136.335 388.2 3.2
TL 1790356136.436 225.7 2.7
TL 1790356136.537 556.1 3.6
TL 1790356136.636 220.7 3.7
TL 1790356136.737 332.2 3.2
TL 1790356136.837 233.5 2.1
TL 1790356136.937 378.0 3.8
TL 1790356137.037 118.9 2.4
TL 1790356137.137 203.2 2.7
TL 1790356137.238 271.8 2.7
TL 1790356137.338 301.5 3.5
TL 1790356137.438 276.2 2.3
TL 1790356137.538 289.7 13.3
TL 1790356137.638 339.2 3.3
TL 1790356137.738 216.0 2.8
TL 1790356137.838 321.3 3.5
TL 1790356137.939 284.2 2.2
TL 1790356138.039 268.9 3.0
TL 1790356138.139 222.9 2.5
TL 1790356138.239 523.1 3.8
TL 1790356138.339 407.7 3.7
TL 1790356138.440 410.6 3.1
TL 1790356138.540 269.1 3.2
TL 1790356138.640 792.4 4.9
TL 1790356138.740 165.9 2.1
TL 1790356138.840 397.2 3.5
TL 1790356138.941 432.8 3.4
TL 1790356139.040 154.4 2.7
TL 1790356139.141 250.3 1.7
TL 1790356139.241 353.5 3.0
TL 1790356139.341 142.3 2.1
TL 1790356139.441 551.6 3.9
TL 1790356139.542 551.7 3.2
TL 1790356139.642 148.7 2.8
TL 1790356139.742 409.1 3.4
TL 1790356139.842 194.6 3.2
TL 1790356139.943 570.3 3.4
TL 1790356140.043 298.7 4.8
TL 1790356140.143 288.4 3.0
TL 1790356140.244 300.3 2.7
TL 1790356140.344 338.6 3.6
TL 1790356140.444 391.8 3.4
TL 1790356140.544 214.3 2.5
TL 1790356140.645 326.8 3.9
TL 1790356140.745 313.3 2.8
TL 1790356140.845 413.2 42.1
TL 1790356140.945 245.4 3.5
TL 1790356141.045 402.6 3.8
TL 1790356141.145 103.3 0.9
TL 1790356141.246 528.3 3.6
TL 1790356141.346 347.9 4.1
TL 1790356141.446 223.5 149.2
TL 1790356141.546 463.0 4.3
TL 1790356141.647 331.7 5.2
TL 1790356141.747 468.0 3.8
TL 1790356141.847 130.4 3.2
TL 1790356141.948 455.3 3.7
TL 1790356142.048 334.1 4.1
TL 1790356142.148 213.8 1.8
TL 1790356142.248 131.0 2.3
TL 1790356142.349 721.0 3.3
TL 1790356142.449 436.5 3.7
TL 1790356142.549 304.7 4.5
TL 1790356142.649 591.0 3.7
TL 1790356142.749 286.7 3.5
TL 1790356142.850 495.1 4.3
TL 1790356142.950 639.7 4.2
TL 1790356143.050 388.6 3.7
TL 1790356143.150 121.8 0.8
TL 1790356143.250 360.5 3.3
TL 1790356143.351 533.0 5.2
TL 1790356143.451 591.1 2.7
TL 1790356143.551 240.7 2.9
TL 1790356143.651 337.7 4.5
TL 1790356143.751 306.4 3.3
TL 1790356143.852 432.8 3.1
TL 1790356143.952 255.7 3.0
TL 1790356144.052 276.6 4.4
TL 1790356144.152 321.2 1.7
TL 1790356144.253 797.4 4.2
TL 1790356144.353 410.9 3.5
TL 1790356144.453 409.2 3.5
TL 1790356144.553 291.7 5.0
TL 1790356144.653 327.0 4.1
TL 1790356144.754 612.2 3.6
TL 1790356144.854 265.1 4.3
TL 1790356144.954 306.6 2.4
TL 1790356145.054 272.4 4.6
TL 1790356145.155 268.2 3.9
TL 1790356145.255 294.8 4.9
TL 1790356145.355 612.4 3.6
TL 1790356145.456 472.2 3.6
TL 1790356145.557 1647.5 4.3
TL 1790356145.656 306.4 4.2
TL 1790356145.757 433.4 3.8
TL 1790356145.857 233.1 4.4
TL 1790356145.957 511.4 4.1
TL 1790356146.058 421.1 3.9
TL 1790356146.158 303.6 4.0
TL 1790356146.261 2826.0 9.8
TL 1790356146.360 371.7 4.2
TL 1790356146.460 270.6 3.2
TL 1790356146.560 247.8 2.4
TL 1790356146.661 623.8 3.8
TL 1790356146.761 389.2 3.5
TL 1790356146.861 335.5 3.2
TL 1790356146.961 239.4 2.3
TL 1790356147.061 263.2 4.2
TL 1790356147.162 436.8 3.0
TL 1790356147.263 702.6 3.5
TL 1790356147.362 410.7 3.7
TL 1790356147.462 197.9 3.4
TL 1790356147.563 215.4 2.9
TL 1790356147.663 318.3 3.7
TL 1790356147.764 254.9 2.6
TL 1790356147.864 431.2 4.2
TL 1790356147.964 366.1 4.0
TL 1790356148.064 424.2 5.2
TL 1790356148.165 467.3 4.4
TL 1790356148.264 84.1 2.6
TL 1790356148.364 82.7 2.9
TL 1790356148.465 250.2 3.7
TL 1790356148.565 245.2 3.5
TL 1790356148.665 365.7 2.3
TL 1790356148.766 542.9 3.8
TL 1790356148.865 75.4 2.2
TL 1790356148.966 578.5 1.9
TL 1790356149.098 32412.0 2.8
TL 1790356149.166 104.6 2.1
TL 1790356149.266 105.2 2.2
TL 1790356149.366 75.2 3.8
TL 1790356149.466 180.1 1.9
TL 1790356149.566 152.3 2.3
TL 1790356149.666 280.8 2.8
TL 1790356149.766 164.0 4.4
TL 1790356149.866 164.1 2.9
TL 1790356149.966 115.5 1.6
TL 1790356150.067 722.9 2.3
TL 1790356150.167 963.0 2.4
TL 1790356150.267 666.8 2.3
TL 1790356150.367 84.9 2.2
TL 1790356150.467 606.6 2.4
TL 1790356150.568 923.0 2.0
TL 1790356150.667 67.9 2.5
TL 1790356150.767 156.5 2.3
TL 1790356150.867 96.6 2.2
TL 1790356150.969 1541.5 3.7
TL 1790356151.068 92.6 2.3
TL 1790356151.169 1524.3 2.2
TL 1790356151.269 1045.6 2.6
TL 1790356151.368 80.7 4.2
TL 1790356151.468 83.4 2.2
TL 1790356151.568 150.7 3.6
TL 1790356151.669 595.4 2.2
TL 1790356151.769 216.9 2.5
TL 1790356151.869 304.1 4.6
TL 1790356151.969 150.3 2.0
TL 1790356152.069 89.4 2.6
TL 1790356152.169 107.4 2.0
TL 1790356152.270 267.7 1.2
TL 1790356152.370 160.3 2.7
TL 1790356152.474 4743.7 2.5
TL 1790356152.570 429.6 3.6
TL 1790356152.673 3048.8 3.0
TL 1790356152.770 91.4 1.8
TL 1790356152.870 96.3 2.5
TL 1790356152.970 71.1 1.9
TL 1790356153.071 96.8 7.4
TL 1790356153.171 320.0 1.6
TL 1790356153.271 101.8 1.8
TL 1790356153.371 182.9 1.9
TL 1790356153.471 202.9 2.2
TL 1790356153.571 260.3 2.2
TL 1790356153.681 10314.5 3.2
TL 1790356153.771 85.3 2.1
TL 1790356153.872 224.1 3.4
TL 1790356153.972 147.8 4.1
TL 1790356154.074 2201.8 2.1
TL 1790356154.172 84.1 2.0
TL 1790356154.272 273.5 2.2
TL 1790356154.372 104.6 2.3
TL 1790356154.494 21446.0 1.9
TL 1790356154.574 1483.9 3.4
TL 1790356154.675 2151.0 2.3
TL 1790356154.773 371.5 2.7
TL 1790356154.877 3908.7 2.0
TL 1790356154.974 900.8 2.4
TL 1790356155.074 1232.1 2.3
TL 1790356155.174 196.9 3.0
TL 1790356155.274 261.8 3.4
TL 1790356155.374 442.6 2.6
TL 1790356155.487 13097.7 2.7
TL 1790356155.575 702.9 5.7
TL 1790356155.675 1195.9 2.2
TL 1790356155.780 5948.1 2.4
TL 1790356155.875 81.9 2.1
TL 1790356155.975 615.3 3.6
TL 1790356156.075 547.4 2.8
TL 1790356156.176 652.4 2.5
TL 1790356156.275 95.5 1.1
TL 1790356156.430 54738.7 3.7
TL 1790356156.486 10294.6 3.0
TL 1790356156.587 11220.9 3.4
TL 1790356156.725 49489.1 3.8
TL 1790356156.777 1491.4 2.7
TL 1790356156.938 62465.3 2.6
TL 1790356156.976 392.1 4.4
TL 1790356157.192 115965.3 2.9
TL 1790356157.210 17481.1 3.0
TL 1790356157.426 133476.6 2.7
TL 1790356157.426 148.2 0.7
TL 1790356157.616 90171.0 2.7
TL 1790356157.629 2208.5 2.8
TL 1790356157.729 2585.6 1.6
TL 1790356157.832 4851.4 4.2
TL 1790356157.935 7247.9 2.5
TL 1790356158.057 28495.1 2.8
TL 1790356158.141 11474.2 3.6
TL 1790356158.246 17052.3 3.7
TL 1790356158.430 100095.7 2.9
TL 1790356158.430 445.3 0.9
TL 1790356158.563 33599.3 3.3
TL 1790356158.636 5995.1 3.7
TL 1790356158.768 37930.4 3.9
TL 1790356158.926 96108.0 2.5
TL 1790356158.933 2113.9 2.2
TL 1790356159.037 6721.0 3.0
TL 1790356159.154 22895.0 2.1
TL 1790356159.235 3707.8 2.8
TL 1790356160.153 822051.0 2.1
TL 1790356160.158 4359.9 1.6
TL 1790356160.270 16543.7 2.2
TL 1790356160.356 2735.4 2.1
TL 1790356160.454 76.5 1.9
TL 1790356160.554 139.1 2.0
TL 1790356160.655 519.5 1.9
TL 1790356160.755 224.5 2.6
TL 1790356161.317 462882.1 2.1
TL 1790356161.318 142.3 0.5
TL 1790356161.463 45766.7 2.1
TL 1790356161.518 138.7 2.5
TL 1790356161.618 122.9 2.7
TL 1790356161.720 2237.2 2.3
TL 1790356161.821 940.2 1.8
TL 1790356162.075 154258.1 4.1
TL 1790356162.075 189.8 1.1
TL 1790356162.175 365.6 2.4
TL 1790356162.277 559.4 2.1
TL 1790356162.492 115736.7 2.7
TL 1790356162.492 203.0 1.8
TL 1790356162.593 172.7 2.9
TL 1790356162.693 151.6 2.1
TL 1790356162.793 696.5 2.3
TL 1790356162.931 38114.2 1.9
TL 1790356163.031 37733.8 4.0
TL 1790356163.213 120415.1 145.8
TL 1790356163.232 18560.4 2.7
TL 1790356163.362 48669.6 3.9
TL 1790356163.415 1499.1 0.6
TL 1790356164.171 656766.7 3.6
TL 1790356164.171 121.2 1.3
TL 1790356164.272 1064.9 3.9
TL 1790356164.376 4821.2 2.4
TL 1790356164.515 41834.9 2.4
TL 1790356164.980 406820.8 1.7
TL 1790356164.985 4412.2 1.7
TL 1790356165.084 3678.3 1.9
TL 1790356165.230 49102.3 2.6
TL 1790356165.281 122.0 2.7
TL 1790356165.419 38321.8 2.6
TL 1790356165.500 19244.3 1.2
TL 1790356165.830 249496.3 3.0
TL 1790356165.838 7151.7 1.6
TL 1790356166.196 265530.8 2.3
TL 1790356166.196 140.6 0.6
TL 1790356166.424 127506.6 7.7
TL 1790356166.424 195.1 0.6
TL 1790356166.529 5511.7 4.4
TL 1790356166.939 314667.4 3.3
TL 1790356167.040 100779.0 3.0
TL 1790356167.041 707.9 1.0
TL 1790356167.235 94372.8 3.9
TL 1790356167.363 122857.6 2.2
TL 1790356167.370 6664.6 1.4
TL 1790356167.535 71386.8 2.2
TL 1790356167.567 2899.8 2.5
TL 1790356167.729 64840.1 2.9
TL 1790356167.765 992.0 2.0
TL 1790356167.866 1444.4 2.4
TL 1790356167.965 981.8 2.3
TL 1790356168.065 59.8 2.7
TL 1790356168.166 1231.6 2.2
TL 1790356168.265 530.0 1.9
TL 1790356168.365 258.6 1.8
TL 1790356168.465 85.2 2.2
TL 1790356168.567 2078.7 1.8
TL 1790356168.666 482.1 1.6
TL 1790356168.790 24722.4 2.5
TL 1790356168.866 376.5 1.2
TL 1790356168.966 325.9 2.4
TL 1790356169.075 9736.0 2.1
TL 1790356169.166 96.5 4.2
TL 1790356169.266 77.7 3.6
TL 1790356169.366 144.8 7.9
TL 1790356169.467 103.7 2.7
TL 1790356169.567 243.1 1.9
TL 1790356169.667 116.8 3.2
TL 1790356169.767 261.8 1.8
TL 1790356169.867 237.1 1.8
TL 1790356169.967 298.0 2.1
TL 1790356170.067 126.2 2.0
TL 1790356170.167 109.9 2.1
TL 1790356170.268 213.5 2.6
TL 1790356170.368 111.3 3.0
TL 1790356170.468 480.1 3.7
TL 1790356170.568 238.0 2.2
TL 1790356170.668 105.5 1.7
TL 1790356170.768 149.0 1.6
TL 1790356170.869 335.7 3.0
TL 1790356170.969 561.5 4.1
TL 1790356171.069 425.8 2.8
TL 1790356171.169 501.8 3.3
TL 1790356171.270 480.8 4.0
TL 1790356171.370 207.3 2.0
TL 1790356171.470 145.7 2.3
TL 1790356171.570 386.0 3.8
TL 1790356171.671 356.9 3.2
TL 1790356171.771 418.0 2.4
TL 1790356171.871 337.9 1.9
TL 1790356171.971 460.2 4.8
TL 1790356172.072 945.6 4.5
TL 1790356172.171 198.3 1.9
TL 1790356172.272 937.5 2.3
TL 1790356172.372 264.7 3.9
TL 1790356172.472 467.2 4.5
TL 1790356172.572 234.6 3.2
TL 1790356172.673 462.8 3.9
TL 1790356172.773 132.2 1.1
TL 1790356172.873 376.8 3.7
TL 1790356172.973 523.8 3.7
TL 1790356173.073 490.5 4.3
TL 1790356173.173 150.6 2.4
TL 1790356173.274 312.2 4.0
TL 1790356173.374 291.1 3.5
TL 1790356173.474 400.1 5.1
TL 1790356173.576 859.1 4.2
TL 1790356173.676 293.2 2.8
TL 1790356173.777 861.4 1.8
TL 1790356173.876 432.9 2.1
TL 1790356173.977 505.1 4.3
TL 1790356174.077 408.3 4.4
TL 1790356174.177 185.6 1.6
TL 1790356174.277 522.6 3.1
TL 1790356174.377 174.4 2.2
TL 1790356174.478 407.9 4.3
TL 1790356174.578 203.9 2.6
TL 1790356174.678 427.3 4.0
TL 1790356174.778 229.9 2.1
TL 1790356174.879 528.2 3.6
TL 1790356174.978 220.1 3.0
TL 1790356175.079 241.4 3.9
TL 1790356175.183 4058.1 3.0
TL 1790356175.279 222.4 3.7
TL 1790356175.379 187.1 2.3
TL 1790356175.479 190.7 3.3
TL 1790356175.579 178.9 2.2
TL 1790356175.680 376.3 4.4
TL 1790356175.780 269.0 2.3
TL 1790356175.880 309.2 4.0
TL 1790356175.980 209.4 1.9
TL 1790356176.080 248.8 3.1
TL 1790356176.181 408.0 3.1
TL 1790356176.281 158.6 2.2
TL 1790356176.381 393.5 3.7
TL 1790356176.481 409.8 5.2
TL 1790356176.581 420.8 3.1
TL 1790356176.681 373.6 2.8
TL 1790356176.782 383.1 2.9
TL 1790356176.882 379.7 2.3
TL 1790356176.982 509.8 3.9
TL 1790356177.082 240.1 3.3
TL 1790356177.182 273.6 3.4
TL 1790356177.283 301.6 2.8
TL 1790356177.383 277.1 2.1
TL 1790356177.483 399.9 3.9
TL 1790356177.583 493.8 3.2
TL 1790356177.684 639.1 3.8
TL 1790356177.783 224.5 2.3
TL 1790356177.884 375.0 2.8
TL 1790356177.984 624.9 3.9
TL 1790356178.084 463.5 4.0
TL 1790356178.184 340.6 3.1
TL 1790356178.285 347.9 2.4
TL 1790356178.385 457.6 3.3
TL 1790356178.485 388.7 5.6
TL 1790356178.585 245.4 3.6
TL 1790356178.685 385.6 2.9
TL 1790356178.786 282.9 1.8
TL 1790356178.886 285.9 2.7
TL 1790356178.986 343.4 5.2
TL 1790356179.086 382.9 3.2
TL 1790356179.186 333.0 2.7
TL 1790356179.286 460.3 2.4
TL 1790356179.386 252.0 2.6
TL 1790356179.487 514.4 3.9
TL 1790356179.588 1337.9 4.2
TL 1790356179.688 309.7 2.8
TL 1790356179.788 429.9 2.9
TL 1790356179.888 462.1 2.3
TL 1790356179.989 604.1 4.1
TL 1790356180.088 150.5 1.7
TL 1790356180.188 158.8 2.4
TL 1790356180.289 141.8 2.4
TL 1790356180.389 181.7 2.2
TL 1790356180.490 237.4 3.0
TL 1790356180.590 148.9 3.2
TL 1790356180.690 309.1 2.5
TL 1790356180.793 2735.3 2.3
TL 1790356180.892 2186.7 2.4
TL 1790356181.016 25901.1 3.5
TL 1790356181.091 390.7 2.1
TL 1790356181.191 329.2 3.1
TL 1790356181.291 290.0 2.7
TL 1790356181.392 596.4 3.9
TL 1790356181.491 425.2 2.8
TL 1790356181.591 216.8 2.1
TL 1790356181.692 209.0 2.4
TL 1790356181.792 136.3 2.3
TL 1790356181.901 9349.8 3.5
TL 1790356181.992 360.1 2.5
TL 1790356182.092 379.4 2.6
TL 1790356182.192 108.8 1.9
TL 1790356182.292 243.7 1.9
TL 1790356182.392 243.1 2.2
TL 1790356182.493 457.0 1.9
TL 1790356182.593 211.0 2.0
TL 1790356182.693 167.7 1.8
TL 1790356182.793 316.4 2.1
TL 1790356182.893 100.8 2.0
TL 1790356182.993 194.7 1.8
TL 1790356183.093 156.0 3.4
TL 1790356183.193 225.5 1.8
TL 1790356183.294 215.9 2.0
TL 1790356183.393 103.3 2.4
TL 1790356183.494 120.5 2.6
TL 1790356183.594 446.5 1.9
TL 1790356183.694 645.7 3.2
TL 1790356183.794 396.1 3.2
TL 1790356183.895 606.4 2.3
TL 1790356183.994 171.8 2.0
TL 1790356184.095 225.4 2.3
TL 1790356184.195 175.5 1.9
TL 1790356184.295 250.5 2.1
TL 1790356184.395 165.6 1.6
TL 1790356184.495 224.9 1.8
TL 1790356184.596 1205.8 2.2
TL 1790356184.695 160.4 1.9
TL 1790356184.796 239.5 3.9
TL 1790356184.896 171.8 2.5
TL 1790356184.996 370.8 3.0
TL 1790356185.096 113.3 2.2
TL 1790356185.196 125.4 1.1
TL 1790356185.296 180.1 2.2
TL 1790356185.396 163.1 3.3
TL 1790356185.497 171.9 1.9
TL 1790356185.597 88.0 1.9
TL 1790356185.697 269.2 2.2
TL 1790356185.797 422.6 2.7
TL 1790356185.897 253.1 1.5
TL 1790356185.998 800.5 1.9
TL 1790356186.098 471.0 1.8
TL 1790356186.197 175.8 3.0
TL 1790356186.298 353.0 2.1
TL 1790356186.398 122.4 2.9
TL 1790356186.498 308.0 3.9
TL 1790356186.598 614.1 2.2
TL 1790356186.699 1560.9 2.7
TL 1790356186.801 3090.0 1.9
TL 1790356186.900 352.8 1.8
TL 1790356187.000 643.7 2.2
TL 1790356187.100 238.0 3.0
TL 1790356187.200 380.6 3.2
TL 1790356187.300 88.2 2.1
TL 1790356187.417 16985.4 3.4
TL 1790356187.511 11087.6 2.2
TL 1790356187.601 73.8 2.1
TL 1790356187.701 233.2 3.2
TL 1790356187.801 231.5 1.3
TL 1790356187.902 233.3 3.1
TL 1790356188.002 163.5 1.9
TL 1790356188.103 1745.4 1.7
TL 1790356188.202 356.9 2.1
TL 1790356188.303 1339.8 1.8
TL 1790356188.403 1273.0 1.6
TL 1790356188.502 270.9 1.8
TL 1790356188.604 1606.4 1.6
TL 1790356188.703 1157.3 1.6
TL 1790356188.804 1901.6 1.5
TL 1790356188.903 258.3 3.6
TL 1790356189.003 312.3 1.8
TL 1790356189.104 1493.0 3.3
TL 1790356189.203 143.3 1.8
TL 1790356189.306 2573.8 1.5
TL 1790356189.403 91.6 2.1
TL 1790356189.503 78.0 2.4
TL 1790356189.605 1434.1 1.9
TL 1790356189.708 4720.8 3.4
TL 1790356189.804 441.7 2.8
TL 1790356189.905 1295.4 2.0
TL 1790356190.004 555.6 3.6
TL 1790356190.104 67.3 1.9
TL 1790356190.205 513.6 2.4
TL 1790356190.304 100.4 3.9
TL 1790356190.405 626.1 2.4
TL 1790356190.505 725.7 2.1
TL 1790356190.605 125.1 2.3
TL 1790356190.705 185.6 2.3
TL 1790356190.805 91.0 1.8
TL 1790356190.905 147.0 1.7
TL 1790356191.005 291.4 1.8
TL 1790356191.105 278.2 1.8
TL 1790356191.206 902.4 1.1
TL 1790356191.306 276.3 1.6
TL 1790356191.406 401.6 1.6
TL 1790356191.506 165.0 1.7
TL 1790356191.606 164.8 1.8
TL 1790356191.706 458.7 2.1
TL 1790356191.806 298.4 2.1
TL 1790356191.906 228.7 1.5
TL 1790356192.007 598.3 1.8
TL 1790356192.107 338.3 1.9
TL 1790356192.207 149.2 1.6
TL 1790356192.307 71.0 2.1
TL 1790356192.407 146.5 2.9
TL 1790356192.507 417.7 2.2
TL 1790356192.607 110.4 1.7
TL 1790356192.709 1693.1 3.0
TL 1790356192.808 780.2 6.8
TL 1790356192.909 1335.4 1.6
TL 1790356193.007 96.6 1.9
TL 1790356193.109 1180.2 2.0
TL 1790356193.314 106824.9 3.2
TL 1790356193.316 1581.9 1.4
TL 1790356193.421 6246.5 3.0
TL 1790356193.531 16015.4 3.4
TL 1790356193.620 4779.2 3.7
TL 1790356193.715 95.6 1.7
TL 1790356193.815 176.9 1.7
TL 1790356193.916 274.9 3.1
TL 1790356194.016 452.2 1.9
TL 1790356194.116 105.9 2.8
TL 1790356194.216 357.3 1.9
TL 1790356194.316 106.0 1.5
TL 1790356194.416 232.1 1.9
TL 1790356194.516 116.2 2.4
TL 1790356194.617 477.7 1.9
TL 1790356194.717 329.7 1.9
TL 1790356194.819 2070.0 2.6
TL 1790356194.918 1695.8 1.9
TL 1790356195.020 203.7 1.6
TL 1790356195.121 820.4 1.7
TL 1790356195.222 2267.5 2.3
TL 1790356195.324 3335.6 1.9
TL 1790356195.421 606.7 4.0
TL 1790356195.522 1428.9 2.4
TL 1790356195.621 124.8 2.1
TL 1790356195.721 122.7 2.1
TL 1790356195.822 1476.1 3.8
TL 1790356195.922 563.5 4.1
TL 1790356196.023 1403.7 2.4
TL 1790356196.123 1462.2 2.8
TL 1790356196.231 8887.4 6.0
TL 1790356196.323 1317.7 2.1
TL 1790356196.422 189.6 3.9
TL 1790356196.524 2112.4 2.6
TL 1790356196.623 146.8 3.3
TL 1790356196.723 722.6 2.3
TL 1790356196.823 247.9 4.3
TL 1790356196.923 205.8 1.7
TL 1790356197.024 1212.4 1.9
TL 1790356197.124 372.8 3.8
TL 1790356197.224 387.0 2.2
TL 1790356197.324 607.8 3.4
TL 1790356197.424 163.8 52.1
TL 1790356197.525 129.8 3.2
TL 1790356197.625 155.4 1.7
TL 1790356197.725 116.8 2.3
TL 1790356197.825 122.7 2.7
TL 1790356197.929 4094.2 2.9
TL 1790356198.054 28959.3 3.2
TL 1790356198.130 3940.5 2.0
TL 1790356198.230 3459.0 107.2
TL 1790356198.330 4062.6 3.1
TL 1790356198.446 19483.0 2.4
TL 1790356198.527 334.5 2.1
TL 1790356198.628 1179.0 2.1
TL 1790356198.727 89.0 2.0
TL 1790356198.830 2842.0 3.5
TL 1790356198.932 5451.5 2.8
TL 1790356199.145 118107.9 2.2
TL 1790356199.342 196634.2 3.4
TL 1790356199.342 474.3 1.0
TL 1790356199.482 40184.3 2.7
TL 1790356199.543 263.8 2.4
TL 1790356199.650 6758.6 2.6
TL 1790356199.750 6432.4 2.9
TL 1790356199.854 10187.3 2.8
TL 1790356199.951 7866.5 1.7
TL 1790356200.051 7225.9 2.7
TL 1790356200.144 137.2 2.5
TL 1790356200.248 4180.7 2.3
TL 1790356200.351 7103.3 2.9
TL 1790356200.445 478.0 3.3
TL 1790356200.546 1290.1 2.1
TL 1790356200.645 234.0 3.5
TL 1790356200.745 163.3 3.5
TL 1790356200.846 916.5 1.6
TL 1790356200.945 145.4 2.3
TL 1790356201.045 180.2 3.9
TL 1790356201.145 102.4 2.4
TL 1790356201.246 532.0 1.8
TL 1790356201.345 106.0 2.0
TL 1790356201.445 65.6 1.9
TL 1790356201.546 793.8 2.0
TL 1790356201.646 333.4 1.7
TL 1790356201.746 463.6 2.2
TL 1790356201.846 593.9 2.0
TL 1790356201.946 361.3 2.0
TL 1790356202.046 186.4 20.3
TL 1790356202.146 78.4 1.7
TL 1790356202.247 168.6 1.8
TL 1790356202.347 93.4 1.8
TL 1790356202.447 639.0 2.3
TL 1790356202.547 340.8 1.7
TL 1790356202.647 97.6 1.9
TL 1790356202.748 1094.6 2.4
TL 1790356202.848 99.5 1.8
TL 1790356202.948 393.8 3.1
TL 1790356203.048 140.9 3.4
TL 1790356203.149 743.4 1.8
TL 1790356203.248 178.1 2.0
TL 1790356203.349 169.3 2.2
TL 1790356203.449 223.3 3.6
TL 1790356203.549 179.9 4.0
TL 1790356203.649 202.0 2.2
TL 1790356203.749 153.8 1.6
TL 1790356203.850 350.6 1.4
TL 1790356203.949 114.5 2.8
TL 1790356204.050 335.1 1.7
TL 1790356204.150 208.3 1.7
TL 1790356204.250 284.4 3.2
TL 1790356204.350 242.5 2.8
TL 1790356204.450 100.2 3.3
TL 1790356204.551 813.9 2.0
TL 1790356204.650 138.1 2.2
TL 1790356204.751 612.9 1.9
TL 1790356204.860 9548.1 2.4
TL 1790356204.952 1244.8 2.5
TL 1790356205.053 2423.6 2.1
TL 1790356205.151 627.4 2.3
TL 1790356205.256 4672.2 2.8
TL 1790356205.369 18178.8 2.5
TL 1790356205.453 1511.8 2.8
TL 1790356205.557 5706.8 3.0
TL 1790356205.668 16861.8 3.2
TL 1790356205.752 458.6 1.8
TL 1790356205.852 159.8 1.7
TL 1790356205.953 1313.5 2.7
TL 1790356206.052 268.6 1.2
TL 1790356206.152 110.1 3.1
TL 1790356206.253 270.3 3.3
TL 1790356206.354 478.1 2.0
TL 1790356206.453 209.1 2.1
TL 1790356206.554 266.9 1.8
TL 1790356206.654 106.9 1.6
TL 1790356206.754 152.2 1.8
TL 1790356206.854 222.8 2.1
TL 1790356206.954 244.8 2.3
TL 1790356207.054 119.6 1.2
TL 1790356207.154 119.6 2.1
TL 1790356207.255 207.9 2.1
TL 1790356207.355 233.5 2.0
TL 1790356207.455 140.4 2.4
TL 1790356207.555 203.7 2.2
TL 1790356207.655 197.9 1.8
TL 1790356207.756 153.7 2.5
TL 1790356207.856 299.8 2.0
TL 1790356207.956 389.6 2.3
TL 1790356208.056 243.7 2.8
TL 1790356208.156 266.5 2.4
TL 1790356208.256 194.8 2.4
TL 1790356208.356 126.5 2.3
TL 1790356208.457 179.7 4.4
TL 1790356208.557 405.6 3.1
TL 1790356208.657 124.9 2.2
TL 1790356208.757 134.3 2.1
TL 1790356208.858 444.8 2.4
TL 1790356208.958 343.7 2.0
TL 1790356209.058 121.5 1.2
TL 1790356209.158 92.9 2.2
TL 1790356209.258 196.9 1.8
TL 1790356209.358 239.9 2.3
TL 1790356209.458 279.6 2.1
TL 1790356209.559 454.8 2.2
TL 1790356209.658 226.8 2.2
TL 1790356209.759 374.7 2.0
TL 1790356209.860 1219.5 15.8
TL 1790356209.959 211.4 2.0
TL 1790356210.059 264.3 2.1
TL 1790356210.160 264.5 3.3
TL 1790356210.260 418.5 2.0
TL 1790356210.360 236.0 1.9
TL 1790356210.460 529.1 3.6
TL 1790356210.561 615.4 3.9
TL 1790356210.662 342.7 2.7
TL 1790356210.762 515.7 3.4
TL 1790356210.863 380.9 3.0
TL 1790356210.964 2206.5 2.8
TL 1790356211.063 666.6 2.7
TL 1790356211.163 466.0 4.3
TL 1790356211.263 200.9 2.5
TL 1790356211.363 332.6 3.5
TL 1790356211.464 179.9 2.1
TL 1790356211.565 863.4 3.4
TL 1790356211.665 646.7 4.1
TL 1790356211.765 233.9 3.5
TL 1790356211.865 365.4 2.8
TL 1790356211.966 522.9 3.5
TL 1790356212.066 259.1 3.1
TL 1790356212.171 5055.2 2.1
TL 1790356212.266 423.3 2.2
TL 1790356212.366 85.5 2.2
TL 1790356212.466 237.3 2.2
TL 1790356212.567 1258.0 1.9
TL 1790356212.666 98.7 2.7
TL 1790356212.794 27278.8 1.7
TL 1790356212.867 318.0 2.2
TL 1790356212.976 8923.7 2.3
TL 1790356213.067 486.4 6.7
TL 1790356213.169 347.6 1.6
TL 1790356213.269 167.7 2.2
TL 1790356213.370 614.1 2.0
TL 1790356213.469 153.9 2.1
TL 1790356213.570 77.1 2.2
TL 1790356213.670 358.1 2.1
TL 1790356213.770 189.2 2.8
TL 1790356213.870 313.8 2.2
TL 1790356213.970 335.6 2.8
TL 1790356214.071 266.4 3.0
TL 1790356214.171 573.4 3.2
TL 1790356214.272 1620.7 2.1
TL 1790356214.542 171281.1 3.4
TL 1790356214.543 840.0 1.0
TL 1790356214.691 49218.7 3.6
TL 1790356214.777 35153.4 4.3
TL 1790356214.857 13906.2 3.7
TL 1790356214.943 285.3 2.6
TL 1790356215.043 169.8 2.4
TL 1790356215.143 252.3 2.2
TL 1790356215.243 190.9 2.6
TL 1790356215.344 464.9 2.7
TL 1790356215.444 432.9 3.9
TL 1790356215.544 305.0 2.0
TL 1790356215.644 347.2 2.7
TL 1790356215.744 299.4 3.4
TL 1790356215.845 404.3 2.6
TL 1790356215.945 245.5 3.3
TL 1790356216.046 653.9 2.9
TL 1790356216.145 345.9 2.7
TL 1790356216.245 349.1 2.8
TL 1790356216.346 381.9 3.4
TL 1790356216.446 184.8 3.4
TL 1790356216.546 143.0 3.2
TL 1790356216.646 168.9 2.3
TL 1790356216.746 403.2 4.5
TL 1790356216.846 320.9 2.7
TL 1790356216.947 509.1 4.0
TL 1790356217.047 277.8 3.4
TL 1790356217.147 273.3 1.8
TL 1790356217.247 375.6 2.6
TL 1790356217.347 307.2 1.9
TL 1790356217.447 257.0 4.6
TL 1790356217.547 295.7 2.7
TL 1790356217.656 8621.7 3.7
TL 1790356217.748 329.6 2.0
TL 1790356217.848 339.9 2.5
TL 1790356217.948 306.8 4.8
TL 1790356218.048 251.7 2.7
TL 1790356218.149 412.1 2.1
TL 1790356218.249 247.2 2.5
TL 1790356218.349 227.3 2.3
TL 1790356218.449 256.1 3.4
TL 1790356218.550 505.6 3.0
TL 1790356218.650 314.3 4.6
TL 1790356218.750 244.0 3.6
TL 1790356218.850 352.6 2.8
TL 1790356218.950 355.5 4.1
TL 1790356219.050 220.7 2.9
TL 1790356219.150 97.3 1.9
TL 1790356219.251 195.2 2.6
TL 1790356219.351 176.5 1.9
TL 1790356219.451 158.5 3.7
TL 1790356219.551 373.8 4.1
TL 1790356219.651 368.7 2.8
TL 1790356219.752 418.7 2.9
TL 1790356219.852 243.7 3.1
TL 1790356219.952 954.4 3.1
TL 1790356220.052 646.6 4.2
TL 1790356220.152 178.9 3.1
TL 1790356220.252 258.7 2.7
TL 1790356220.353 500.6 3.4
TL 1790356220.453 196.4 3.3
TL 1790356220.553 298.1 2.3
TL 1790356220.653 330.9 3.5
TL 1790356220.753 379.4 3.2
TL 1790356220.853 224.7 2.8
TL 1790356220.954 418.8 3.7
TL 1790356221.054 670.5 2.2
TL 1790356221.154 363.2 1.7
TL 1790356221.254 310.7 2.6
TL 1790356221.354 317.6 2.7
TL 1790356221.455 350.1 4.0
TL 1790356221.555 245.1 2.6
TL 1790356221.655 359.7 2.6
TL 1790356221.755 313.6 3.0
TL 1790356221.855 322.0 3.1
TL 1790356221.955 186.9 2.5
TL 1790356222.056 296.5 4.1
TL 1790356222.156 286.4 1.9
TL 1790356222.256 228.2 2.7
TL 1790356222.356 421.7 3.5
TL 1790356222.456 386.0 3.3
TL 1790356222.557 312.8 3.3
TL 1790356222.657 336.6 3.5
TL 1790356222.757 130.3 2.4
TL 1790356222.858 171.7 2.9
TL 1790356222.958 344.9 3.5
TL 1790356223.059 213.4 2.8
TL 1790356223.159 203.6 1.8
TL 1790356223.259 281.8 2.6
TL 1790356223.360 282.8 2.5
TL 1790356223.460 327.1 3.0
TL 1790356223.560 243.6 3.3
TL 1790356223.660 464.2 2.7
TL 1790356223.760 246.2 2.7
TL 1790356223.860 193.6 3.6
TL 1790356223.961 383.2 3.0
TL 1790356224.061 359.5 2.8
TL 1790356224.161 329.2 3.1
TL 1790356224.262 406.7 3.2
TL 1790356224.362 217.0 2.5
TL 1790356224.462 307.9 2.8
TL 1790356224.562 388.5 3.9
TL 1790356224.662 322.2 3.1
TL 1790356224.763 291.1 3.4
TL 1790356224.863 225.6 2.4
TL 1790356224.963 403.9 2.4
TL 1790356225.063 474.9 3.7
TL 1790356225.164 815.3 2.6
TL 1790356225.263 314.7 2.9
TL 1790356225.364 126.8 4.3
TL 1790356225.464 307.3 3.1
TL 1790356225.564 363.8 2.7
TL 1790356225.664 426.4 3.3
TL 1790356225.764 298.3 3.5
TL 1790356225.864 300.7 2.1
TL 1790356225.965 228.2 2.3
TL 1790356226.065 355.6 3.2
TL 1790356226.166 704.5 1.7
TL 1790356226.266 150.3 2.8
TL 1790356226.366 403.9 2.8
TL 1790356226.466 365.0 3.4
TL 1790356226.566 325.4 3.3
TL 1790356226.668 1486.2 2.2
TL 1790356226.767 199.7 2.1
TL 1790356226.867 290.4 2.3
TL 1790356226.967 234.1 2.2
TL 1790356227.067 308.6 2.6
TL 1790356227.167 317.1 1.9
TL 1790356227.267 256.1 2.1
TL 1790356227.368 331.7 2.3
TL 1790356227.468 289.6 2.2
TL 1790356227.568 294.2 1.8
TL 1790356227.668 302.2 2.2
TL 1790356227.768 302.6 2.5
TL 1790356227.868 277.0 3.0
TL 1790356227.968 274.8 2.5
TL 1790356228.069 251.5 2.7
TL 1790356228.169 286.9 2.1
TL 1790356228.269 362.9 2.3
TL 1790356228.369 610.5 2.8
TL 1790356228.469 282.0 2.6
TL 1790356228.569 344.9 2.8
TL 1790356228.670 429.9 2.9
TL 1790356228.770 356.1 2.2
TL 1790356228.870 403.5 3.7
TL 1790356228.970 262.1 2.2
TL 1790356229.071 745.6 2.1
TL 1790356229.170 191.7 1.6
TL 1790356229.271 563.1 2.7
TL 1790356229.371 260.9 2.4
TL 1790356229.471 574.2 2.2
TL 1790356229.571 257.4 2.9
TL 1790356229.672 640.2 2.1
TL 1790356229.771 251.6 2.4
TL 1790356229.872 556.1 3.4
TL 1790356229.972 404.5 2.2
TL 1790356230.072 695.7 2.6
TL 1790356230.172 306.0 1.5
TL 1790356230.272 396.6 2.4
TL 1790356230.372 290.5 2.2
TL 1790356230.473 791.2 1.9
TL 1790356230.573 354.1 2.4
TL 1790356230.673 332.9 2.8
TL 1790356230.773 345.3 2.2
TL 1790356230.873 287.4 2.9
TL 1790356230.974 312.4 2.3
TL 1790356231.074 306.7 2.4
TL 1790356231.174 343.6 2.3
TL 1790356231.274 358.7 2.6
TL 1790356231.374 412.9 2.0
TL 1790356231.477 263.5 2.0
TL 1790356231.577 235.7 2.1
TL 1790356231.678 308.1 2.2
TL 1790356231.778 249.4 2.1
TL 1790356231.878 399.7 2.6
TL 1790356231.980 1936.1 2.4
TL 1790356232.078 308.2 1.9
TL 1790356232.179 287.9 2.1
TL 1790356232.279 226.6 2.7
TL 1790356232.379 260.8 2.4
TL 1790356232.479 450.8 3.3
TL 1790356232.579 457.9 2.3
TL 1790356232.679 174.9 2.6
TL 1790356232.780 446.8 1.7
TL 1790356232.880 296.7 2.7
TL 1790356232.981 461.7 2.9
TL 1790356233.081 419.2 2.2
TL 1790356233.181 210.9 2.1
TL 1790356233.281 413.9 2.3
TL 1790356233.382 1142.7 2.9
TL 1790356233.481 608.7 2.3
TL 1790356233.581 204.6 2.3
TL 1790356233.681 278.4 2.4
TL 1790356233.781 273.1 2.7
TL 1790356233.882 482.7 2.7
TL 1790356233.982 290.5 2.7
TL 1790356234.082 305.2 3.6
TL 1790356234.182 377.4 2.3
TL 1790356234.282 377.8 2.1
TL 1790356234.382 351.9 2.2
TL 1790356234.483 360.7 2.3
TL 1790356234.583 368.9 2.7
TL 1790356234.683 334.2 2.2
TL 1790356234.783 106.2 2.1
TL 1790356234.883 141.0 2.7
TL 1790356234.983 291.4 3.1
TL 1790356235.083 124.6 3.3
TL 1790356235.183 76.1 2.6
TL 1790356235.283 184.7 3.0
TL 1790356235.383 93.0 2.9
TL 1790356235.484 187.3 2.6
TL 1790356235.584 94.3 2.0
TL 1790356235.684 216.6 25.9
TL 1790356235.784 208.4 2.7
TL 1790356235.884 88.3 2.9
TL 1790356235.984 167.2 2.7
TL 1790356236.085 884.5 2.0
TL 1790356236.185 179.8 1.4
TL 1790356236.285 90.2 3.4
TL 1790356236.385 130.1 2.8
TL 1790356236.485 97.6 3.7
TL 1790356236.588 944.9 2.0
TL 1790356236.687 85.2 2.5
TL 1790356236.787 163.3 2.6
TL 1790356236.887 144.8 2.6
TL 1790356236.987 236.9 3.1
TL 1790356237.090 269.0 2.7
TL 1790356237.190 134.8 1.1
TL 1790356237.290 115.7 2.6
TL 1790356237.390 81.3 2.3
TL 1790356237.490 183.8 2.6
TL 1790356237.590 98.2 2.5
TL 1790356237.690 90.4 2.7
TL 1790356237.791 395.1 2.5
TL 1790356237.891 171.9 2.4
TL 1790356237.991 107.0 2.9
TL 1790356238.091 308.9 2.6
TL 1790356238.191 161.0 1.0
TL 1790356238.291 167.7 3.1
TL 1790356238.391 173.7 3.2
TL 1790356238.492 147.8 2.8
TL 1790356238.592 96.3 3.1
TL 1790356238.692 186.0 3.1
TL 1790356238.792 314.5 2.7
TL 1790356238.892 112.4 3.1
TL 1790356238.992 328.2 2.7
TL 1790356239.092 223.3 3.2
TL 1790356239.192 197.2 1.3
TL 1790356239.293 116.4 3.3
TL 1790356239.393 260.1 2.3
TL 1790356239.493 474.9 1.8
TL 1790356239.593 262.4 2.4
TL 1790356239.694 562.7 2.4
TL 1790356239.794 317.7 2.6
TL 1790356239.894 503.7 2.8
TL 1790356239.994 295.5 2.7
TL 1790356240.094 220.2 2.8
TL 1790356240.194 168.4 1.3
TL 1790356240.294 424.7 2.3
TL 1790356240.395 454.9 2.5
TL 1790356240.494 168.3 2.0
TL 1790356240.595 562.7 2.2
TL 1790356240.695 349.4 2.4
TL 1790356240.795 399.1 2.1
TL 1790356240.895 321.1 2.9
TL 1790356240.996 661.5 2.4
TL 1790356241.096 317.5 2.7
TL 1790356241.196 139.0 1.3
TL 1790356241.296 374.9 2.0
TL 1790356241.397 360.8 2.1
TL 1790356241.497 350.7 2.6
TL 1790356241.597 620.3 2.3
TL 1790356241.697 182.3 2.0
TL 1790356241.798 394.4 2.6
TL 1790356241.898 657.4 2.3
TL 1790356241.998 815.8 1.9
TL 1790356242.098 312.1 2.4
TL 1790356242.199 388.1 1.7
TL 1790356242.299 335.0 2.3
TL 1790356242.399 226.7 2.0
TL 1790356242.499 428.0 2.5
TL 1790356242.599 308.6 2.2
TL 1790356242.702 2038.0 2.4
TL 1790356242.800 347.2 2.1
TL 1790356242.900 198.6 1.9
TL 1790356243.000 441.7 2.3
TL 1790356243.100 238.0 31.0
TL 1790356243.201 365.1 3.1
TL 1790356243.301 196.7 2.4
TL 1790356243.401 454.7 1.8
TL 1790356243.501 269.4 3.1
TL 1790356243.601 480.4 2.9
TL 1790356243.701 370.3 2.0
TL 1790356243.801 200.5 2.3
TL 1790356243.902 346.5 2.2
TL 1790356244.002 625.3 2.6
TL 1790356244.102 315.1 2.1
TL 1790356244.202 506.8 2.4
TL 1790356244.302 337.6 2.7
TL 1790356244.402 316.5 2.7
TL 1790356244.502 358.4 2.4
TL 1790356244.603 351.2 2.3
TL 1790356244.703 427.3 2.3
TL 1790356244.803 282.2 2.6
TL 1790356244.903 428.9 30.4
TL 1790356245.003 633.0 2.4
TL 1790356245.103 384.4 2.1
TL 1790356245.203 286.6 2.1
TL 1790356245.304 482.4 32.8
TL 1790356245.404 510.9 2.0
TL 1790356245.504 369.4 2.8
TL 1790356245.604 258.3 2.3
TL 1790356245.704 342.3 2.2
TL 1790356245.804 299.3 2.6
TL 1790356245.905 485.6 2.1
TL 1790356246.005 382.3 2.9
TL 1790356246.105 409.3 2.4
TL 1790356246.205 441.4 2.6
TL 1790356246.305 477.4 2.2
TL 1790356246.405 343.5 3.0
TL 1790356246.506 275.6 2.2
TL 1790356246.607 1137.0 2.0
TL 1790356246.706 188.9 2.0
TL 1790356246.808 2475.2 2.4
TL 1790356246.906 395.5 2.1
TL 1790356247.006 298.1 2.6
TL 1790356247.106 225.7 2.6
TL 1790356247.207 308.9 2.7
TL 1790356247.307 261.9 2.2
TL 1790356247.407 248.9 2.2
TL 1790356247.507 268.5 2.6
TL 1790356247.607 255.9 2.4
TL 1790356247.707 245.2 3.2
TL 1790356247.807 203.4 2.8
TL 1790356247.907 153.2 2.5
TL 1790356248.008 127.9 3.2
TL 1790356248.108 190.4 2.2
TL 1790356248.208 292.4 2.9
TL 1790356248.308 285.5 2.6
TL 1790356248.409 387.5 2.9
TL 1790356248.509 400.4 2.6
TL 1790356248.609 239.7 2.9
TL 1790356248.709 255.3 3.0
TL 1790356248.809 270.4 2.4
TL 1790356248.909 318.9 2.9
TL 1790356249.010 790.8 3.2
TL 1790356249.109 186.3 1.9
TL 1790356249.210 472.6 2.0
TL 1790356249.310 497.2 2.4
TL 1790356249.410 453.2 2.0
TL 1790356249.510 443.7 2.1
TL 1790356249.610 264.3 2.6
TL 1790356249.711 330.3 2.2
TL 1790356249.811 234.6 2.0
TL 1790356249.911 579.7 1.9
TL 1790356250.011 271.7 2.0
TL 1790356250.111 220.4 1.9
TL 1790356250.212 299.5 1.8
TL 1790356250.312 469.7 2.5
TL 1790356250.413 564.4 2.4
TL 1790356250.513 344.9 2.7
TL 1790356250.613 329.6 2.4
TL 1790356250.713 431.7 2.1
TL 1790356250.813 288.0 2.2
TL 1790356250.913 437.6 2.2
TL 1790356251.014 358.4 3.1
TL 1790356251.114 464.0 2.4
TL 1790356251.214 719.4 2.3
TL 1790356251.314 459.6 2.7
TL 1790356251.414 349.4 2.2
TL 1790356251.515 447.4 2.6
TL 1790356251.615 287.4 2.1
TL 1790356251.715 360.1 2.6
TL 1790356251.815 424.2 2.7
TL 1790356251.915 509.8 1.9
TL 1790356252.015 230.6 2.4
TL 1790356252.115 348.7 2.5
TL 1790356252.215 385.8 1.7
TL 1790356252.316 388.8 2.7
TL 1790356252.416 373.4 3.2
TL 1790356252.516 492.0 2.3
TL 1790356252.616 377.2 2.2
TL 1790356252.716 178.6 2.7
TL 1790356252.817 483.9 2.3
TL 1790356252.917 408.5 2.2
TL 1790356253.017 364.2 2.2
TL 1790356253.118 1251.9 2.6
TL 1790356253.217 261.0 1.5
TL 1790356253.317 239.7 1.9
TL 1790356253.417 282.4 2.1
TL 1790356253.518 264.2 2.4
TL 1790356253.618 272.8 2.1
TL 1790356253.718 244.5 2.2
TL 1790356253.819 1026.6 2.2
TL 1790356253.919 266.6 3.3
TL 1790356254.020 1173.5 1.9
TL 1790356254.119 232.3 2.4
TL 1790356254.220 404.9 2.6
TL 1790356254.320 244.4 2.3
TL 1790356254.420 315.9 2.2
TL 1790356254.525 4465.8 3.6
TL 1790356254.621 235.4 2.9
TL 1790356254.721 304.4 2.3
TL 1790356254.821 244.9 2.5
TL 1790356254.921 296.8 2.2
TL 1790356255.024 446.4 2.1
TL 1790356255.125 380.5 2.4
TL 1790356255.225 270.8 1.9
TL 1790356255.325 267.4 2.2
TL 1790356255.425 363.5 2.4
TL 1790356255.527 1864.9 2.1
TL 1790356255.625 420.9 2.1
TL 1790356255.725 309.2 2.1
TL 1790356255.825 158.4 3.6
TL 1790356255.926 240.2 2.2
TL 1790356256.026 345.8 2.3
TL 1790356256.126 474.8 2.2
TL 1790356256.226 500.2 2.4
TL 1790356256.326 323.4 2.3
TL 1790356256.426 224.2 2.1
TL 1790356256.527 217.6 1.7
TL 1790356256.627 190.1 2.1
TL 1790356256.727 254.1 2.3
TL 1790356256.827 234.7 2.6
TL 1790356256.928 593.0 1.9
TL 1790356257.027 225.6 2.4
TL 1790356257.128 291.9 2.6
TL 1790356257.228 311.1 3.3
TL 1790356257.328 392.7 2.0
TL 1790356257.428 385.6 1.8
TL 1790356257.528 460.2 2.1
TL 1790356257.628 362.7 2.5
TL 1790356257.728 458.2 2.1
TL 1790356257.829 348.0 3.0
TL 1790356257.931 2327.9 2.0
TL 1790356258.029 944.6 2.1
TL 1790356258.129 464.2 2.2
TL 1790356258.229 179.0 1.1
TL 1790356258.329 354.0 2.4
TL 1790356258.429 257.1 2.0
TL 1790356258.530 372.4 2.6
TL 1790356258.630 240.5 2.0
TL 1790356258.731 810.3 2.3
TL 1790356258.830 349.0 2.3
TL 1790356258.931 548.7 2.4
TL 1790356259.030 165.2 2.2
TL 1790356259.133 1026.9 3.5
TL 1790356259.233 698.1 3.4
TL 1790356259.334 981.6 2.2
TL 1790356259.434 1562.4 2.0
TL 1790356259.536 2562.8 2.7
TL 1790356259.636 821.0 3.8
TL 1790356259.736 323.4 2.2
TL 1790356259.836 210.1 1.9
TL 1790356259.936 127.9 2.0
TL 1790356260.036 411.1 2.6
TL 1790356260.136 236.8 3.0
TL 1790356260.236 335.1 2.6
TL 1790356260.336 272.3 1.7
TL 1790356260.437 690.2 2.4
TL 1790356260.537 379.6 2.1
TL 1790356260.637 334.7 2.1
TL 1790356260.737 271.6 2.1
TL 1790356260.838 444.3 1.7
TL 1790356260.938 228.6 2.3
TL 1790356261.038 483.0 2.2
TL 1790356261.138 388.9 2.7
TL 1790356261.240 420.5 2.4
TL 1790356261.340 370.9 2.6
TL 1790356261.440 333.0 1.8
TL 1790356261.540 343.2 2.6
TL 1790356261.641 262.2 2.1
TL 1790356261.741 223.4 2.7
TL 1790356261.841 477.2 2.4
TL 1790356261.941 342.8 2.3
TL 1790356262.041 339.5 2.6
TL 1790356262.141 265.7 2.0
TL 1790356262.242 401.8 2.3
TL 1790356262.342 280.7 1.9
TL 1790356262.442 645.7 2.6
TL 1790356262.542 779.6 2.1
TL 1790356262.642 413.0 1.9
TL 1790356262.742 421.5 2.1
TL 1790356262.842 327.7 3.4
TL 1790356262.943 294.9 2.1
TL 1790356263.043 587.6 3.2
TL 1790356263.143 351.2 2.9
TL 1790356263.244 585.9 2.8
TL 1790356263.344 382.2 2.4
TL 1790356263.444 474.5 3.1
TL 1790356263.545 810.2 2.8
TL 1790356263.645 334.3 2.4
TL 1790356263.747 1218.4 2.7
TL 1790356263.846 400.3 2.6
TL 1790356263.946 558.8 2.1
TL 1790356264.046 607.7 2.2
TL 1790356264.146 526.5 2.7
TL 1790356264.246 366.5 2.3
TL 1790356264.346 255.7 2.6
TL 1790356264.447 420.0 2.5
TL 1790356264.547 473.1 2.0
TL 1790356264.647 564.4 2.4
TL 1790356264.747 418.0 2.1
TL 1790356264.847 262.1 2.5
TL 1790356264.948 313.7 2.3
TL 1790356265.048 638.2 2.3
TL 1790356265.148 668.6 3.2
TL 1790356265.248 389.8 2.9
TL 1790356265.349 432.9 2.1
TL 1790356265.449 687.8 2.5
TL 1790356265.549 327.2 2.7
TL 1790356265.649 329.6 2.3
TL 1790356265.749 336.6 2.6
TL 1790356265.849 258.2 2.6
TL 1790356265.950 473.1 2.2
TL 1790356266.049 312.3 2.4
TL 1790356266.150 346.7 2.4
TL 1790356266.250 387.6 2.9
TL 1790356266.350 219.2 2.0
TL 1790356266.450 280.6 2.4
TL 1790356266.550 280.2 2.7
TL 1790356266.651 592.8 2.9
TL 1790356266.751 376.1 2.9
TL 1790356266.851 253.4 3.2
TL 1790356266.951 497.2 2.7
TL 1790356267.051 247.4 2.2
TL 1790356267.151 328.4 2.8
TL 1790356267.251 400.5 2.1
TL 1790356267.351 161.9 2.1
TL 1790356267.452 492.6 1.9
TL 1790356267.552 427.3 2.3
TL 1790356267.652 317.1 2.1
TL 1790356267.753 424.5 2.7
TL 1790356267.853 422.1 2.5
TL 1790356267.953 232.9 2.1
TL 1790356268.054 1102.0 2.3
TL 1790356268.153 298.6 3.2
TL 1790356268.253 345.1 2.0
TL 1790356268.354 626.8 3.3
TL 1790356268.454 386.5 2.4
TL 1790356268.554 387.3 2.7
TL 1790356268.654 574.8 2.4
TL 1790356268.754 466.1 2.3
TL 1790356268.857 951.4 3.2
TL 1790356268.957 450.8 2.8
TL 1790356269.058 1266.1 2.1
TL 1790356269.157 361.9 3.3
TL 1790356269.257 391.2 2.1
TL 1790356269.357 347.7 2.6
TL 1790356269.458 579.3 2.1
TL 1790356269.558 479.9 2.5
TL 1790356269.658 354.2 2.4
TL 1790356269.758 709.7 2.4
TL 1790356269.858 286.7 2.9
TL 1790356269.958 320.2 2.6
TL 1790356270.058 200.8 2.9
TL 1790356270.158 285.2 2.6
TL 1790356270.259 673.1 2.6
TL 1790356270.360 1398.7 1.4
TL 1790356270.459 411.8 2.5
TL 1790356270.560 799.8 2.3
TL 1790356270.659 333.9 1.7
TL 1790356270.760 414.2 2.3
TL 1790356270.868 8258.2 2.5
TL 1790356270.960 360.2 2.3
TL 1790356271.060 393.1 2.9
TL 1790356271.161 734.4 19.8
TL 1790356271.261 433.7 2.3
TL 1790356271.361 226.1 1.1
TL 1790356271.461 400.7 2.1
TL 1790356271.561 335.0 2.2
TL 1790356271.661 279.1 2.0
TL 1790356271.761 278.0 2.1
TL 1790356271.862 423.1 2.2
TL 1790356271.962 496.4 2.6
TL 1790356272.062 326.5 2.3
TL 1790356272.162 297.6 2.6
TL 1790356272.262 309.3 2.5
TL 1790356272.363 328.2 2.4
TL 1790356272.463 369.8 3.1
TL 1790356272.563 322.8 2.2
TL 1790356272.663 145.4 2.5
TL 1790356272.764 1286.0 2.0
TL 1790356272.864 289.8 1.7
TL 1790356272.964 308.9 2.1
TL 1790356273.064 310.3 2.5
TL 1790356273.164 551.0 2.0
TL 1790356273.265 715.0 3.1
TL 1790356273.365 546.3 3.3
TL 1790356273.465 328.0 2.1
TL 1790356273.565 414.3 2.9
TL 1790356273.665 196.6 2.4
TL 1790356273.765 335.6 2.2
TL 1790356273.866 804.3 2.0
TL 1790356273.966 497.2 2.9
TL 1790356274.066 533.3 2.7
TL 1790356274.166 470.9 2.4
TL 1790356274.266 275.6 2.6
TL 1790356274.367 435.6 2.3
TL 1790356274.468 1619.0 3.1
TL 1790356274.567 560.5 2.2
TL 1790356274.667 570.7 2.4
TL 1790356274.768 441.3 2.8
TL 1790356274.868 569.4 1.8
TL 1790356274.968 343.1 2.6
TL 1790356275.068 371.0 2.0
TL 1790356275.168 533.1 2.2
TL 1790356275.268 494.5 2.1
TL 1790356275.368 261.2 2.8
TL 1790356275.469 403.4 2.3
TL 1790356275.569 581.3 2.0
TL 1790356275.669 221.6 2.8
TL 1790356275.770 562.8 2.2
TL 1790356275.870 538.5 2.6
TL 1790356275.970 328.2 2.1
TL 1790356276.070 286.8 2.5
TL 1790356276.170 927.1 2.0
TL 1790356276.270 151.1 1.9
TL 1790356276.370 250.3 2.9
TL 1790356276.470 304.4 2.1
TL 1790356276.570 419.7 2.8
TL 1790356276.670 218.4 2.1
TL 1790356276.771 457.1 3.1
TL 1790356276.872 396.8 2.4
TL 1790356276.972 402.6 4.1
TL 1790356277.072 722.2 3.3
TL 1790356277.172 732.6 2.7
TL 1790356277.272 536.8 2.7
TL 1790356277.372 377.2 2.9
TL 1790356277.473 744.6 3.5
TL 1790356277.573 219.2 2.8
TL 1790356277.673 388.6 2.6
TL 1790356277.773 429.4 2.1
TL 1790356277.874 658.2 2.1
TL 1790356277.976 338.5 2.3
TL 1790356278.076 293.8 2.3
TL 1790356278.177 349.2 2.6
TL 1790356278.277 389.5 2.3
TL 1790356278.377 318.4 2.9
TL 1790356278.477 588.7 2.4
TL 1790356278.578 579.4 2.1
TL 1790356278.678 445.8 2.4
TL 1790356278.778 253.8 2.2
TL 1790356278.878 251.9 2.1
TL 1790356278.979 391.1 2.7
TL 1790356279.079 348.1 2.9
TL 1790356279.179 361.7 2.3
TL 1790356279.279 230.8 2.2
TL 1790356279.379 328.8 2.4
TL 1790356279.479 437.3 2.6
TL 1790356279.579 268.2 2.6
TL 1790356279.680 578.0 2.7
TL 1790356279.780 532.4 2.0
TL 1790356279.880 241.5 2.2
TL 1790356279.980 393.7 3.2
TL 1790356280.080 421.2 2.4
TL 1790356280.180 385.2 2.1
TL 1790356280.281 353.2 2.0
TL 1790356280.381 424.2 2.3
TL 1790356280.481 437.2 2.3
TL 1790356280.581 628.8 2.4
TL 1790356280.681 283.6 2.1
TL 1790356280.782 609.6 2.4
TL 1790356280.882 400.4 2.2
TL 1790356280.982 750.3 2.6
TL 1790356281.082 434.2 2.5
TL 1790356281.182 396.2 2.9
TL 1790356281.282 533.4 3.2
TL 1790356281.384 324.3 2.1
TL 1790356281.484 365.3 2.4
TL 1790356281.584 244.6 2.3
TL 1790356281.685 501.9 2.4
TL 1790356281.785 272.4 2.3
TL 1790356281.885 536.2 2.6
TL 1790356281.985 222.9 2.6
TL 1790356282.085 327.8 3.0
TL 1790356282.186 600.0 2.6
TL 1790356282.286 410.9 2.0
TL 1790356282.386 532.0 2.6
TL 1790356282.486 816.6 3.1
TL 1790356282.586 367.9 2.3
TL 1790356282.686 398.1 2.5
TL 1790356282.786 425.7 2.8
TL 1790356282.887 664.5 2.1
TL 1790356282.986 268.4 2.2
TL 1790356283.087 564.3 2.0
TL 1790356283.187 840.6 1.5
TL 1790356283.287 456.7 2.8
TL 1790356283.387 473.4 2.2
TL 1790356283.487 627.9 2.2
TL 1790356283.587 339.3 3.0
TL 1790356283.687 362.1 2.7
TL 1790356283.791 3206.3 3.3
TL 1790356283.888 374.2 3.1
TL 1790356283.988 551.6 2.6
TL 1790356284.088 337.7 2.0
TL 1790356284.189 351.6 2.4
TL 1790356284.290 390.4 2.2
TL 1790356284.390 374.9 2.9
TL 1790356284.490 556.1 2.3
TL 1790356284.590 342.6 2.4
TL 1790356284.691 360.1 2.4
TL 1790356284.792 1260.5 2.7
TL 1790356284.891 394.1 3.0
TL 1790356284.992 342.1 2.0
TL 1790356285.092 287.8 1.8
TL 1790356285.192 589.5 2.5
TL 1790356285.295 3578.6 2.4
TL 1790356285.392 325.9 2.4
TL 1790356285.492 405.9 3.4
TL 1790356285.593 399.5 2.9
TL 1790356285.693 404.9 2.8
TL 1790356285.793 439.8 2.6
TL 1790356285.893 415.6 2.8
TL 1790356285.993 602.7 3.0
TL 1790356286.094 432.0 3.6
TL 1790356286.194 464.9 2.2
TL 1790356286.294 399.7 2.1
TL 1790356286.394 533.5 2.7
TL 1790356286.494 421.7 3.4
TL 1790356286.595 375.5 2.7
TL 1790356286.695 548.0 3.1
TL 1790356286.795 404.5 3.0
TL 1790356286.895 399.4 2.5
TL 1790356286.995 211.4 1.9
TL 1790356287.096 606.3 2.5
TL 1790356287.196 407.5 1.9
TL 1790356287.296 355.6 3.0
TL 1790356287.396 407.1 2.9
TL 1790356287.496 273.5 2.3
TL 1790356287.597 346.8 2.3
TL 1790356287.697 529.0 2.5
TL 1790356287.797 365.6 2.3
TL 1790356287.897 613.5 2.4
TL 1790356287.997 257.5 2.3
TL 1790356288.097 301.6 2.2
TL 1790356288.200 1792.1 2.6
TL 1790356288.299 373.0 1.8
TL 1790356288.399 346.5 2.5
TL 1790356288.499 595.4 2.1
TL 1790356288.599 439.9 113.0
TL 1790356288.701 977.4 3.0
TL 1790356288.801 481.7 3.3
TL 1790356288.901 280.5 3.8
TL 1790356289.001 671.2 2.1
TL 1790356289.101 403.0 2.6
TL 1790356289.202 462.9 3.1
TL 1790356289.302 408.1 2.4
TL 1790356289.403 386.2 2.2
TL 1790356289.503 439.2 2.6
TL 1790356289.603 408.0 2.0
TL 1790356289.703 555.5 2.8
TL 1790356289.803 464.2 2.6
TL 1790356289.904 797.7 2.1
TL 1790356290.004 365.1 2.5
TL 1790356290.104 387.6 2.5
TL 1790356290.204 386.2 3.2
TL 1790356290.305 656.9 2.5
TL 1790356290.405 834.2 2.2
TL 1790356290.505 345.7 2.1
TL 1790356290.605 380.6 2.7
TL 1790356290.705 357.8 2.1
TL 1790356290.805 290.4 2.9
TL 1790356290.906 692.4 2.6
TL 1790356291.006 397.1 3.0
TL 1790356291.108 819.7 2.1
TL 1790356291.208 660.6 2.2
TL 1790356291.308 292.4 2.5
TL 1790356291.408 547.2 2.7
TL 1790356291.508 324.0 2.3
TL 1790356291.613 4977.3 1.8
TL 1790356291.708 377.8 2.7
TL 1790356291.808 285.8 2.8
TL 1790356291.909 318.6 2.4
TL 1790356292.009 791.7 3.2
TL 1790356292.109 567.3 3.0
TL 1790356292.209 386.2 1.9
TL 1790356292.310 671.5 3.0
TL 1790356292.409 462.1 2.4
TL 1790356292.510 588.4 2.7
TL 1790356292.610 410.1 2.9
TL 1790356292.710 411.4 2.8
TL 1790356292.810 313.2 2.8
TL 1790356292.911 1130.8 2.2
TL 1790356293.011 435.7 2.5
TL 1790356293.111 388.0 2.6
TL 1790356293.211 371.2 2.6
TL 1790356293.311 262.9 2.1
TL 1790356293.411 330.5 2.0
TL 1790356293.512 726.7 2.1
TL 1790356293.612 403.1 3.2
TL 1790356293.713 471.6 2.9
TL 1790356293.813 468.3 2.7
TL 1790356293.913 374.0 2.8
TL 1790356294.013 231.4 2.2
TL 1790356294.114 482.8 2.3
TL 1790356294.213 167.8 2.2
TL 1790356294.314 526.1 2.8
TL 1790356294.415 629.4 2.3
TL 1790356294.515 261.1 2.7
TL 1790356294.615 570.4 1.9
TL 1790356294.716 715.8 2.6
TL 1790356294.815 214.1 2.2
TL 1790356294.915 302.7 2.2
TL 1790356295.019 3645.1 400.8
TL 1790356295.116 304.6 2.3
TL 1790356295.216 183.5 2.3
TL 1790356295.316 336.6 2.9
TL 1790356295.417 716.7 3.3
TL 1790356295.516 328.0 2.5
TL 1790356295.616 367.3 3.1
TL 1790356295.717 336.6 3.3
TL 1790356295.817 306.8 3.9
TL 1790356295.917 467.3 2.9
TL 1790356296.017 491.1 3.2
TL 1790356296.117 489.2 3.2
TL 1790356296.217 283.2 2.6
TL 1790356296.317 416.6 2.9
TL 1790356296.418 267.3 2.6
TL 1790356296.518 377.4 2.9
TL 1790356296.618 405.6 3.4
TL 1790356296.718 411.7 3.2
TL 1790356296.818 277.2 2.8
TL 1790356296.919 477.4 3.0
TL 1790356297.019 411.7 33.1
TL 1790356297.119 697.9 2.6
TL 1790356297.219 297.0 2.6
TL 1790356297.319 498.9 2.5
TL 1790356297.420 1016.4 1.7
TL 1790356297.519 246.4 2.3
TL 1790356297.620 320.9 2.6
TL 1790356297.720 397.9 129.3
TL 1790356297.820 444.7 2.5
TL 1790356297.921 788.1 3.1
TL 1790356298.021 526.0 2.5
TL 1790356298.121 412.6 2.2
TL 1790356298.221 297.8 2.1
TL 1790356298.321 665.3 2.2
TL 1790356298.422 493.5 1.8
TL 1790356298.522 423.3 2.3
TL 1790356298.622 268.2 2.3
TL 1790356298.723 1192.3 3.1
TL 1790356298.823 587.5 2.0
TL 1790356298.923 411.5 1.9
TL 1790356299.023 371.5 2.0
TL 1790356299.123 306.9 3.1
TL 1790356299.223 381.9 2.4
TL 1790356299.323 420.3 2.6
TL 1790356299.423 558.1 4.2
TL 1790356299.523 260.0 2.2
TL 1790356299.624 373.6 2.2
TL 1790356299.724 710.0 2.1
TL 1790356299.824 497.3 2.4
TL 1790356299.924 600.1 2.0
TL 1790356300.024 380.1 3.1
TL 1790356300.124 334.4 2.7
TL 1790356300.225 344.0 3.0
TL 1790356300.325 393.6 2.4
TL 1790356300.425 309.2 2.3
TL 1790356300.526 366.4 2.8
TL 1790356300.626 716.7 3.3
TL 1790356300.726 325.8 2.7
TL 1790356300.826 385.0 3.5
TL 1790356300.926 344.7 2.7
TL 1790356301.027 486.5 3.5
TL 1790356301.127 561.1 3.3
TL 1790356301.228 481.1 2.7
TL 1790356301.328 331.0 3.5
TL 1790356301.428 374.4 3.9
TL 1790356301.528 346.9 3.5
TL 1790356301.628 314.6 2.5
TL 1790356301.728 372.1 2.7
TL 1790356301.829 313.1 2.7
TL 1790356301.929 387.4 5.3
TL 1790356302.029 156.8 2.9
TL 1790356302.129 329.6 2.9
TL 1790356302.229 155.8 3.7
TL 1790356302.330 327.4 3.9
TL 1790356302.430 607.1 2.2
TL 1790356302.530 464.7 3.3
TL 1790356302.630 284.1 4.7
TL 1790356302.731 244.5 2.9
TL 1790356302.831 405.4 3.5
TL 1790356302.931 357.4 2.6
TL 1790356303.032 356.7 3.0
TL 1790356303.132 422.8 2.8
TL 1790356303.232 365.4 3.8
TL 1790356303.332 672.4 2.7
TL 1790356303.432 429.4 2.7
TL 1790356303.532 209.1 1.9
TL 1790356303.632 167.9 3.8
TL 1790356303.733 247.0 3.5
TL 1790356303.833 290.6 3.1
TL 1790356303.933 290.3 3.1
TL 1790356304.033 518.8 2.6
TL 1790356304.134 436.2 3.6
TL 1790356304.234 318.7 2.5
TL 1790356304.334 386.7 4.1
TL 1790356304.434 294.5 2.6
TL 1790356304.534 441.7 3.9
TL 1790356304.634 236.5 4.8
TL 1790356304.734 462.4 4.0
TL 1790356304.834 351.8 1.9
TL 1790356304.935 402.1 3.4
TL 1790356305.035 171.1 2.7
TL 1790356305.135 405.4 3.1
TL 1790356305.235 262.0 2.8
TL 1790356305.335 339.0 3.7
TL 1790356305.435 435.9 3.4
TL 1790356305.536 437.6 1.9
TL 1790356305.635 222.4 2.6
TL 1790356305.736 185.9 3.5
TL 1790356305.836 419.3 3.3
TL 1790356305.936 424.7 2.0
TL 1790356306.037 387.2 3.6
TL 1790356306.137 312.0 2.6
TL 1790356306.237 338.9 3.5
TL 1790356306.337 382.6 3.0
TL 1790356306.437 301.2 2.0
TL 1790356306.538 320.5 1.6
TL 1790356306.638 396.6 4.6
TL 1790356306.738 250.5 2.3
TL 1790356306.838 362.8 4.2
TL 1790356306.938 334.9 3.9
TL 1790356307.039 223.5 3.0
TL 1790356307.139 384.5 2.6
TL 1790356307.239 366.5 3.6
TL 1790356307.339 437.7 3.9
TL 1790356307.440 480.6 3.2
TL 1790356307.540 407.4 1.8
TL 1790356307.640 260.5 3.5
TL 1790356307.740 304.6 3.2
TL 1790356307.840 246.1 2.7
TL 1790356307.940 411.3 2.6
TL 1790356308.041 288.7 2.4
TL 1790356308.141 415.6 3.5
TL 1790356308.241 161.6 2.8
TL 1790356308.341 271.8 2.8
TL 1790356308.442 234.6 3.0
TL 1790356308.542 495.8 3.5
TL 1790356308.643 525.2 2.9
TL 1790356308.743 495.8 3.4
TL 1790356308.843 206.7 3.5
TL 1790356308.943 922.2 3.5
TL 1790356309.043 171.0 3.4
TL 1790356309.143 369.5 3.6
TL 1790356309.243 221.9 2.8
TL 1790356309.344 399.4 4.0
TL 1790356309.444 458.4 3.7
TL 1790356309.545 400.9 2.2
TL 1790356309.645 462.5 3.4
TL 1790356309.745 505.3 3.2
TL 1790356309.845 320.7 3.2
TL 1790356309.946 845.4 3.5
TL 1790356310.045 175.9 2.6
TL 1790356310.145 392.4 2.2
TL 1790356310.245 269.7 2.4
TL 1790356310.346 322.4 2.5
TL 1790356310.446 505.4 3.4
TL 1790356310.546 263.8 1.0
TL 1790356310.646 352.2 3.5
TL 1790356310.746 243.4 4.0
TL 1790356310.846 284.5 4.0
TL 1790356310.947 320.2 2.7
TL 1790356311.047 265.4 3.6
TL 1790356311.147 327.8 2.7
TL 1790356311.247 322.6 3.1
TL 1790356311.347 267.7 2.4
TL 1790356311.447 125.2 2.6
TL 1790356311.548 863.3 2.1
TL 1790356311.648 493.8 4.1
TL 1790356311.748 322.9 2.6
TL 1790356311.848 268.1 2.7
TL 1790356311.948 251.7 3.1
TL 1790356312.049 352.5 3.3
TL 1790356312.149 459.0 2.4
TL 1790356312.249 340.4 2.6
TL 1790356312.349 249.1 2.8
TL 1790356312.449 480.7 2.7
TL 1790356312.550 344.2 1.9
TL 1790356312.650 373.2 3.0
TL 1790356312.750 483.0 3.4
TL 1790356312.850 292.4 4.2
TL 1790356312.951 383.7 4.2
TL 1790356313.051 360.2 3.0
TL 1790356313.151 432.3 3.5
TL 1790356313.251 302.6 2.3
TL 1790356313.351 307.4 3.4
TL 1790356313.451 394.5 2.4
TL 1790356313.552 353.5 1.8
TL 1790356313.652 185.1 3.2
TL 1790356313.752 419.9 3.9
TL 1790356313.852 365.9 4.0
TL 1790356313.952 410.4 3.5
TL 1790356314.053 672.7 3.8
TL 1790356314.153 310.1 2.9
TL 1790356314.254 1232.1 2.2
TL 1790356314.353 395.7 2.2
TL 1790356314.453 363.7 2.9
TL 1790356314.554 278.0 1.6
TL 1790356314.654 240.6 2.2
TL 1790356314.754 313.5 3.1
TL 1790356314.854 230.2 2.9
TL 1790356314.954 145.1 3.7
TL 1790356315.055 445.3 3.9
TL 1790356315.155 350.8 2.6
TL 1790356315.255 482.9 2.8
TL 1790356315.355 152.3 2.1
TL 1790356315.455 393.3 3.5
TL 1790356315.555 141.7 1.1
TL 1790356315.656 680.2 3.4
TL 1790356315.756 190.7 2.4
TL 1790356315.856 617.3 2.3
TL 1790356315.956 344.3 2.6
TL 1790356316.056 336.1 2.7
TL 1790356316.156 348.4 3.4
TL 1790356316.256 296.3 2.7
TL 1790356316.357 564.2 3.7
TL 1790356316.457 219.3 2.8
TL 1790356316.557 134.3 0.9
TL 1790356316.657 364.3 2.2
TL 1790356316.758 902.0 4.3
TL 1790356316.857 243.5 2.8
TL 1790356316.957 311.4 3.7
TL 1790356317.058 287.8 4.0
TL 1790356317.158 313.8 2.6
TL 1790356317.258 213.5 2.1
TL 1790356317.358 312.4 2.6
TL 1790356317.458 177.5 2.5
TL 1790356317.558 125.7 1.4
TL 1790356317.658 183.4 2.9
TL 1790356317.759 387.3 2.5
TL 1790356317.859 296.2 3.5
TL 1790356317.960 638.9 6.8
TL 1790356318.059 226.7 4.0
TL 1790356318.160 502.4 2.0
TL 1790356318.260 301.0 3.7
TL 1790356318.360 414.2 2.6
TL 1790356318.461 492.1 4.1
TL 1790356318.560 223.9 2.4
TL 1790356318.661 260.2 3.8
TL 1790356318.761 536.2 2.4
TL 1790356318.861 350.7 2.9
TL 1790356318.962 349.9 3.5
TL 1790356319.062 301.0 2.6
TL 1790356319.162 362.3 2.6
TL 1790356319.262 492.6 3.0
TL 1790356319.362 311.4 3.8
TL 1790356319.462 280.4 2.4
TL 1790356319.563 250.1 2.7
TL 1790356319.663 250.5 1.9
TL 1790356319.763 269.5 3.5
TL 1790356319.863 485.6 4.3
TL 1790356319.963 336.0 3.5
TL 1790356320.063 228.3 2.3
TL 1790356320.163 268.6 3.4
TL 1790356320.264 277.0 3.0
TL 1790356320.364 229.7 2.6
TL 1790356320.464 327.4 2.7
TL 1790356320.564 633.6 3.7
TL 1790356320.664 291.5 3.1
TL 1790356320.764 315.0 2.8
TL 1790356320.865 284.6 3.2
TL 1790356320.965 354.9 3.1
TL 1790356321.066 504.2 3.5
TL 1790356321.166 454.5 2.6
TL 1790356321.266 293.9 2.3
TL 1790356321.366 241.7 2.3
TL 1790356321.466 305.8 4.0
TL 1790356321.566 287.8 2.6
TL 1790356321.666 373.6 3.9
TL 1790356321.769 341.7 2.2
TL 1790356321.869 152.2 3.6
TL 1790356321.969 445.5 2.2
TL 1790356322.069 136.8 2.1
TL 1790356322.170 578.3 2.5
TL 1790356322.269 188.6 2.9
TL 1790356322.370 404.3 3.2
TL 1790356322.470 263.1 3.3
TL 1790356322.570 397.8 3.7
TL 1790356322.670 439.7 2.2
TL 1790356322.771 598.7 1.4
TL 1790356322.871 499.8 3.9
TL 1790356322.971 360.9 3.6
TL 1790356323.071 261.1 3.1
TL 1790356323.171 363.8 3.7
TL 1790356323.271 345.2 3.7
TL 1790356323.371 336.0 4.2
TL 1790356323.471 354.7 3.1
TL 1790356323.572 403.5 3.7
TL 1790356323.672 298.0 2.7
TL 1790356323.772 389.6 3.1
TL 1790356323.872 351.4 3.5
TL 1790356323.973 299.3 2.7
TL 1790356324.073 216.7 3.0
TL 1790356324.173 213.4 2.2
TL 1790356324.273 207.6 2.8
TL 1790356324.373 225.2 2.6
TL 1790356324.474 342.5 4.1
TL 1790356324.575 251.7 4.0
TL 1790356324.676 367.6 3.6
TL 1790356324.776 242.0 4.0
TL 1790356324.876 550.0 2.4
TL 1790356324.976 225.2 3.4
TL 1790356325.076 368.7 3.6
TL 1790356325.176 552.6 2.9
TL 1790356325.277 507.0 2.8
TL 1790356325.377 356.8 3.1
TL 1790356325.477 345.6 2.9
TL 1790356325.577 240.8 3.0
TL 1790356325.677 347.6 2.7
TL 1790356325.777 255.5 2.4
TL 1790356325.878 391.7 3.1
TL 1790356325.978 314.6 2.9
TL 1790356326.078 378.3 2.7
TL 1790356326.178 336.1 3.5
TL 1790356326.279 299.5 2.6
TL 1790356326.379 193.9 2.7
TL 1790356326.479 286.3 2.9
TL 1790356326.579 344.3 3.7
TL 1790356326.680 633.7 2.1
TL 1790356326.780 409.5 2.3
TL 1790356326.880 190.6 3.8
TL 1790356326.980 373.2 2.6
TL 1790356327.080 347.2 2.6
TL 1790356327.180 444.2 3.0
TL 1790356327.280 240.9 2.0
TL 1790356327.381 478.5 4.0
TL 1790356327.481 257.0 3.2
TL 1790356327.581 328.9 2.4
TL 1790356327.681 291.0 2.6
TL 1790356327.781 419.6 3.0
TL 1790356327.881 148.1 3.5
TL 1790356327.981 166.8 2.4
TL 1790356328.081 99.0 1.2
TL 1790356328.181 170.4 2.0
TL 1790356328.282 267.5 2.5
TL 1790356328.382 285.1 3.1
TL 1790356328.482 316.3 2.2
TL 1790356328.582 342.9 3.9
TL 1790356328.683 404.9 3.5
TL 1790356328.783 353.0 3.5
TL 1790356328.884 392.3 3.0
TL 1790356328.984 372.2 2.6
TL 1790356329.085 494.4 3.7
TL 1790356329.185 273.4 2.2
TL 1790356329.285 348.4 2.8
TL 1790356329.385 207.8 2.6
TL 1790356329.485 246.8 2.7
TL 1790356329.585 238.2 4.2
TL 1790356329.685 244.2 3.1
TL 1790356329.786 282.8 2.7
TL 1790356329.886 229.1 2.2
TL 1790356329.986 292.7 2.5
TL 1790356330.087 581.9 4.0
TL 1790356330.187 375.6 2.3
TL 1790356330.287 637.2 3.1
TL 1790356330.387 312.5 2.5
TL 1790356330.487 277.2 2.6
TL 1790356330.587 339.7 4.3
TL 1790356330.687 244.6 2.8
TL 1790356330.787 322.4 2.8
TL 1790356330.887 287.0 2.7
TL 1790356330.988 345.9 2.7
TL 1790356331.088 555.4 3.2
TL 1790356331.188 479.9 2.7
TL 1790356331.288 361.5 4.0
TL 1790356331.389 460.4 2.9
TL 1790356331.489 277.3 2.8
TL 1790356331.589 161.5 2.4
TL 1790356331.689 431.6 4.0
TL 1790356331.789 426.2 3.3
TL 1790356331.890 164.3 4.0
TL 1790356331.991 344.1 3.3
TL 1790356332.091 285.7 2.7
TL 1790356332.191 272.4 3.1
TL 1790356332.291 381.5 2.8
TL 1790356332.391 265.1 3.1
TL 1790356332.491 387.9 2.3
TL 1790356332.592 304.6 3.7
TL 1790356332.692 313.0 2.8
TL 1790356332.792 132.1 2.0
TL 1790356332.892 408.5 3.9
TL 1790356332.992 287.0 3.4
TL 1790356333.092 323.9 2.7
TL 1790356333.192 346.0 2.9
TL 1790356333.292 328.0 3.4
TL 1790356333.393 498.6 4.2
TL 1790356333.493 432.1 2.5
TL 1790356333.593 493.9 3.3
TL 1790356333.693 382.3 2.7
TL 1790356333.794 517.0 4.0
TL 1790356333.894 292.3 2.6
TL 1790356333.994 376.9 3.9
TL 1790356334.094 215.6 2.6
TL 1790356334.194 271.0 2.3
TL 1790356334.294 195.1 3.3
TL 1790356334.394 323.7 3.5
TL 1790356334.494 334.6 2.4
TL 1790356334.595 334.0 3.3
TL 1790356334.695 201.7 2.7
TL 1790356334.795 475.9 3.3
TL 1790356334.895 301.6 3.4
TL 1790356334.995 594.0 3.0
TL 1790356335.095 296.0 3.3
TL 1790356335.196 557.4 2.8
TL 1790356335.296 329.1 4.5
TL 1790356335.396 449.7 2.7
TL 1790356335.497 1373.5 2.2
TL 1790356335.596 296.0 3.7
TL 1790356335.697 402.5 2.4
TL 1790356335.797 311.5 2.9
TL 1790356335.897 365.9 3.1
TL 1790356335.997 310.2 4.2
TL 1790356336.098 443.0 3.0
TL 1790356336.198 247.7 1.9
TL 1790356336.298 282.2 2.3
TL 1790356336.398 618.9 2.2
TL 1790356336.498 282.3 3.3
TL 1790356336.598 290.3 2.4
TL 1790356336.698 294.3 3.2
TL 1790356336.798 247.2 4.3
TL 1790356336.899 482.5 3.3
TL 1790356336.999 322.0 2.5
TL 1790356337.099 260.6 3.5
TL 1790356337.200 497.8 2.6
TL 1790356337.300 275.6 3.4
TL 1790356337.400 383.1 4.1
TL 1790356337.501 366.5 3.0
TL 1790356337.603 380.0 3.3
TL 1790356337.703 314.1 2.2
TL 1790356337.803 210.5 2.3
TL 1790356337.903 306.5 2.1
TL 1790356338.003 264.6 2.7
TL 1790356338.104 272.2 2.8
TL 1790356338.204 213.1 3.1
TL 1790356338.304 394.0 2.6
TL 1790356338.404 367.9 4.1
TL 1790356338.504 325.4 2.6
TL 1790356338.605 369.3 3.6
TL 1790356338.705 317.0 2.5
TL 1790356338.805 111.6 2.3
TL 1790356338.905 309.2 3.0
TL 1790356339.005 346.4 3.6
TL 1790356339.105 225.5 2.3
TL 1790356339.206 381.2 4.0
TL 1790356339.306 337.4 1.9
TL 1790356339.406 209.0 2.5
TL 1790356339.506 257.5 2.3
TL 1790356339.606 234.4 2.4
TL 1790356339.706 390.2 2.9
TL 1790356339.806 357.5 3.2
TL 1790356339.907 383.0 3.5
TL 1790356340.007 332.2 3.7
TL 1790356340.107 297.6 2.1
TL 1790356340.207 274.2 3.2
TL 1790356340.308 402.9 3.2
TL 1790356340.409 1703.6 3.4
TL 1790356340.508 277.0 2.8
TL 1790356340.608 152.9 4.2
TL 1790356340.709 363.8 3.0
TL 1790356340.809 449.7 2.2
TL 1790356340.909 443.0 3.3
TL 1790356341.009 390.7 2.9
TL 1790356341.109 297.7 2.6
TL 1790356341.210 422.4 2.7
TL 1790356341.310 225.5 3.1
TL 1790356341.410 315.2 2.7
TL 1790356341.510 274.8 3.6
TL 1790356341.610 269.3 2.9
TL 1790356341.710 289.7 3.9
TL 1790356341.811 291.5 2.2
TL 1790356341.911 193.9 2.6
TL 1790356342.011 469.0 3.1
TL 1790356342.111 260.8 2.6
TL 1790356342.212 366.0 1.8
TL 1790356342.312 284.2 3.9
TL 1790356342.412 500.7 2.6
TL 1790356342.513 390.7 3.4
TL 1790356342.613 457.5 2.7
TL 1790356342.713 328.5 3.7
TL 1790356342.813 467.8 1.7
TL 1790356342.913 602.4 3.5
TL 1790356343.014 1043.8 3.6
TL 1790356343.113 370.7 4.0
TL 1790356343.214 347.2 4.8
TL 1790356343.314 324.8 3.0
TL 1790356343.414 383.7 3.6
TL 1790356343.514 728.6 3.2
TL 1790356343.615 942.2 3.6
TL 1790356343.715 460.1 2.9
TL 1790356343.814 268.5 3.2
TL 1790356343.915 323.1 3.5
TL 1790356344.015 352.7 3.0
TL 1790356344.115 311.0 2.7
TL 1790356344.215 239.6 2.1
TL 1790356344.315 217.8 2.8
TL 1790356344.416 643.2 3.5
TL 1790356344.516 184.7 2.4
TL 1790356344.616 264.4 2.0
TL 1790356344.716 236.8 3.1
TL 1790356344.816 327.1 3.2
TL 1790356344.916 248.3 3.6
TL 1790356345.017 405.1 4.3
TL 1790356345.117 184.9 4.4
TL 1790356345.217 314.2 3.9
TL 1790356345.317 156.6 2.4
TL 1790356345.417 405.4 4.1
TL 1790356345.517 311.4 2.3
TL 1790356345.617 319.6 2.8
TL 1790356345.718 352.0 4.0
TL 1790356345.818 252.8 2.9
TL 1790356345.918 270.6 3.5
TL 1790356346.019 418.0 2.4
TL 1790356346.119 352.7 2.3
TL 1790356346.219 330.2 2.3
TL 1790356346.319 280.9 2.7
TL 1790356346.419 572.3 3.5
TL 1790356346.519 275.6 2.7
TL 1790356346.620 321.0 3.0
TL 1790356346.720 436.1 2.6
TL 1790356346.820 263.3 2.8
TL 1790356346.920 287.4 2.3
TL 1790356347.020 376.4 3.1
TL 1790356347.120 273.9 3.7
TL 1790356347.221 377.3 2.7
TL 1790356347.321 266.3 3.5
TL 1790356347.421 308.6 2.3
TL 1790356347.521 346.8 4.4
TL 1790356347.621 364.4 3.0
TL 1790356347.721 163.1 1.8
TL 1790356347.822 300.5 3.0
TL 1790356347.922 179.6 2.9
TL 1790356348.022 394.3 4.0
TL 1790356348.122 411.2 3.8
TL 1790356348.222 327.2 3.5
TL 1790356348.322 213.2 2.9
TL 1790356348.423 373.2 3.2
TL 1790356348.523 407.0 3.4
TL 1790356348.623 317.1 2.9
TL 1790356348.723 266.0 3.1
TL 1790356348.824 317.1 3.5
TL 1790356348.924 316.3 2.8
TL 1790356349.024 565.5 3.5
TL 1790356349.124 309.8 2.6
TL 1790356349.225 391.2 4.1
TL 1790356349.325 336.5 2.1
TL 1790356349.426 500.6 3.9
TL 1790356349.526 229.3 2.4
TL 1790356349.626 357.0 2.8
TL 1790356349.726 398.1 3.2
TL 1790356349.826 411.7 2.9
TL 1790356349.926 410.8 3.7
TL 1790356350.026 257.8 2.4
TL 1790356350.127 758.0 3.6
TL 1790356350.227 395.6 3.3
TL 1790356350.327 374.2 2.4
TL 1790356350.427 437.9 3.4
TL 1790356350.528 390.8 3.8
TL 1790356350.628 155.2 2.9
TL 1790356350.729 199.6 2.4
TL 1790356350.829 253.9 4.1
TL 1790356350.930 789.8 3.8
TL 1790356351.029 224.3 2.2
TL 1790356351.129 292.6 3.0
TL 1790356351.230 292.3 3.2
TL 1790356351.330 344.6 3.6
TL 1790356351.430 369.8 4.0
TL 1790356351.531 367.6 3.8
TL 1790356351.631 659.8 2.6
TL 1790356351.731 314.4 2.2
TL 1790356351.831 204.7 2.5
TL 1790356351.931 132.6 2.3
TL 1790356352.032 406.5 3.6
TL 1790356352.132 324.9 2.9
TL 1790356352.232 246.1 2.4
TL 1790356352.332 359.7 3.4
TL 1790356352.432 444.7 2.1
TL 1790356352.532 305.9 3.3
TL 1790356352.632 365.7 2.6
TL 1790356352.733 279.4 3.4
TL 1790356352.833 416.0 2.5
TL 1790356352.933 324.4 2.9
TL 1790356353.034 750.5 2.6
TL 1790356353.134 176.3 2.8
TL 1790356353.234 201.8 5.2
TL 1790356353.334 214.4 4.1
TL 1790356353.435 292.1 2.6
TL 1790356353.536 408.6 2.8
TL 1790356353.636 238.7 2.4
TL 1790356353.736 263.5 2.1
TL 1790356353.836 331.4 4.1
TL 1790356353.936 395.6 4.1
TL 1790356354.036 307.2 2.8
TL 1790356354.137 479.9 4.4
TL 1790356354.237 245.0 3.2
TL 1790356354.337 309.9 3.0
TL 1790356354.437 362.7 3.7
TL 1790356354.537 293.4 2.8
TL 1790356354.637 427.9 3.2
TL 1790356354.738 318.3 2.2
TL 1790356354.838 260.1 3.7
TL 1790356354.938 404.5 3.8
TL 1790356355.038 269.4 3.7
TL 1790356355.139 376.3 3.6
TL 1790356355.239 167.8 2.9
TL 1790356355.339 273.1 3.5
TL 1790356355.439 347.8 4.0
TL 1790356355.539 379.1 3.6
TL 1790356355.639 413.3 3.3
TL 1790356355.739 464.1 2.3
TL 1790356355.839 305.7 2.8
TL 1790356355.939 229.4 2.4
TL 1790356356.040 337.3 2.8
TL 1790356356.140 260.8 3.2
TL 1790356356.240 346.5 3.4
TL 1790356356.340 421.1 3.6
TL 1790356356.441 374.1 3.5
TL 1790356356.541 166.8 3.5
TL 1790356356.641 371.0 3.0
TL 1790356356.741 413.6 2.8
TL 1790356356.841 406.7 4.2
TL 1790356356.942 309.8 2.8
TL 1790356357.042 376.6 3.3
TL 1790356357.142 515.7 2.7
TL 1790356357.242 442.9 3.0
TL 1790356357.342 356.7 2.4
TL 1790356357.443 403.1 3.6
TL 1790356357.543 275.2 2.3
TL 1790356357.643 378.0 2.9
TL 1790356357.743 311.4 1.9
TL 1790356357.843 263.8 4.0
TL 1790356357.943 166.5 3.9
TL 1790356358.044 307.1 2.6
TL 1790356358.144 268.4 2.4
TL 1790356358.244 227.6 2.1
TL 1790356358.344 464.2 2.9
TL 1790356358.445 406.2 4.3
TL 1790356358.545 351.4 2.6
TL 1790356358.645 271.4 3.9
TL 1790356358.745 361.3 1.6
TL 1790356358.845 230.7 3.6
TL 1790356358.945 367.4 3.2
TL 1790356359.046 1046.5 3.7
TL 1790356359.146 322.3 2.5
TL 1790356359.246 550.6 3.1
TL 1790356359.346 365.2 2.4
TL 1790356359.447 366.5 3.6
TL 1790356359.547 333.6 2.6
TL 1790356359.647 245.7 2.6
TL 1790356359.747 235.2 1.5
TL 1790356359.847 284.8 4.0
TL 1790356359.947 272.6 3.1
TL 1790356360.048 608.7 3.6
TL 1790356360.148 418.1 3.0
TL 1790356360.248 346.5 2.9
TL 1790356360.348 321.8 3.0
TL 1790356360.448 402.7 3.1
TL 1790356360.548 304.1 3.4
TL 1790356360.649 512.7 3.0
TL 1790356360.749 219.9 1.4
TL 1790356360.849 463.0 4.2
TL 1790356360.949 360.3 3.5
TL 1790356361.049 377.3 3.7
TL 1790356361.150 351.9 3.0
TL 1790356361.250 477.9 4.4
TL 1790356361.350 294.8 2.3
TL 1790356361.450 152.5 3.5
TL 1790356361.550 296.2 3.0
TL 1790356361.650 283.2 2.1
TL 1790356361.751 397.2 2.3
TL 1790356361.851 309.7 4.4
TL 1790356361.951 315.4 2.5
TL 1790356362.051 465.4 3.0
TL 1790356362.151 289.5 2.4
TL 1790356362.252 480.8 2.9
TL 1790356362.352 228.6 2.2
TL 1790356362.452 421.3 15.4
TL 1790356362.552 404.5 2.3
TL 1790356362.652 346.9 2.7
TL 1790356362.753 893.5 57.3
TL 1790356362.853 467.7 3.3
TL 1790356362.953 276.4 2.1
TL 1790356363.054 482.0 3.3
TL 1790356363.154 273.4 2.3
TL 1790356363.254 164.9 4.8
TL 1790356363.354 289.0 2.7
TL 1790356363.454 178.8 2.4
TL 1790356363.554 395.6 3.8
TL 1790356363.654 173.7 3.0
TL 1790356363.755 403.5 2.5
TL 1790356363.855 237.1 3.5
TL 1790356363.955 314.2 2.8
TL 1790356364.055 176.5 3.4
TL 1790356364.155 336.8 3.6
TL 1790356364.255 280.2 2.9
TL 1790356364.356 410.1 3.3
TL 1790356364.456 350.9 2.8
TL 1790356364.556 441.2 4.0
TL 1790356364.656 434.7 4.2
TL 1790356364.757 425.5 2.6
TL 1790356364.857 175.4 3.3
TL 1790356364.957 519.7 3.5
TL 1790356365.057 188.9 2.8
TL 1790356365.157 408.4 2.6
TL 1790356365.257 241.5 2.4
TL 1790356365.358 387.5 2.3
TL 1790356365.458 258.8 2.7
TL 1790356365.558 272.9 2.5
TL 1790356365.658 353.6 3.3
TL 1790356365.758 233.0 1.0
TL 1790356365.858 275.6 3.8
TL 1790356365.959 309.3 3.2
TL 1790356366.059 354.1 3.4
TL 1790356366.159 346.3 2.7
TL 1790356366.259 311.3 3.0
TL 1790356366.360 334.4 2.5
TL 1790356366.461 377.9 4.4
TL 1790356366.561 267.1 2.6
TL 1790356366.661 509.2 3.5
TL 1790356366.761 279.3 1.1
TL 1790356366.861 293.4 2.8
TL 1790356366.961 147.8 3.1
TL 1790356367.062 226.8 2.6
TL 1790356367.162 595.0 3.0
TL 1790356367.262 283.7 3.4
TL 1790356367.362 204.2 5.1
TL 1790356367.462 199.2 2.5
TL 1790356367.562 295.8 2.9
TL 1790356367.662 219.0 2.7
TL 1790356367.762 171.2 1.4
TL 1790356367.863 205.6 3.2
TL 1790356367.963 267.9 2.5
TL 1790356368.063 329.7 3.3
TL 1790356368.163 301.1 2.6
TL 1790356368.263 368.4 3.7
TL 1790356368.364 374.3 2.8
TL 1790356368.464 466.9 3.9
TL 1790356368.564 622.3 3.2
TL 1790356368.665 676.4 3.6
TL 1790356368.765 128.6 0.7
TL 1790356368.865 266.0 4.2
TL 1790356368.965 153.0 3.5
TL 1790356369.065 236.0 3.5
TL 1790356369.166 340.7 2.8
TL 1790356369.266 322.2 3.6
TL 1790356369.366 167.9 3.2
TL 1790356369.466 417.6 3.7
TL 1790356369.566 237.3 4.4
TL 1790356369.667 234.6 3.5
TL 1790356369.767 155.9 0.8
TL 1790356369.867 387.2 3.9
TL 1790356369.967 345.2 2.4
TL 1790356370.067 301.7 3.8
TL 1790356370.168 502.8 3.1
TL 1790356370.268 221.0 2.6
TL 1790356370.368 729.2 2.1
TL 1790356370.468 349.9 2.5
TL 1790356370.569 353.0 2.7
TL 1790356370.669 340.8 2.8
TL 1790356370.769 213.6 1.7
TL 1790356370.869 296.3 2.7
TL 1790356370.969 277.1 2.3
TL 1790356371.069 310.5 4.1
TL 1790356371.170 753.6 3.4
TL 1790356371.270 325.6 2.7
TL 1790356371.370 401.7 3.6
TL 1790356371.471 354.8 3.2
TL 1790356371.571 358.1 3.6
TL 1790356371.671 335.4 2.4
TL 1790356371.771 352.2 3.6
TL 1790356371.871 323.8 2.6
TL 1790356371.971 328.2 2.6
TL 1790356372.071 193.5 2.2
TL 1790356372.172 694.4 4.0
TL 1790356372.272 431.1 4.1
TL 1790356372.372 369.6 2.7
TL 1790356372.473 1453.2 2.0
TL 1790356372.572 377.8 2.4
TL 1790356372.673 536.5 2.0
TL 1790356372.773 421.1 1.9
TL 1790356372.873 329.9 2.6
TL 1790356372.973 187.4 4.3
TL 1790356373.073 197.2 2.5
TL 1790356373.174 660.4 2.4
TL 1790356373.275 1410.6 2.4
TL 1790356373.374 282.2 2.6
TL 1790356373.474 311.1 2.5
TL 1790356373.574 339.7 2.8
TL 1790356373.674 325.5 2.3
TL 1790356373.775 286.5 2.6
TL 1790356373.875 277.5 2.8
TL 1790356373.975 307.7 2.7
TL 1790356374.075 318.1 2.6
TL 1790356374.176 289.1 2.8
TL 1790356374.276 267.8 3.4
TL 1790356374.376 312.0 27.1
TL 1790356374.476 325.5 3.4
TL 1790356374.576 444.0 2.7
TL 1790356374.677 444.9 3.1
TL 1790356374.777 281.5 3.6
TL 1790356374.877 346.7 3.2
TL 1790356374.977 304.4 2.7
TL 1790356375.077 247.7 4.0
TL 1790356375.177 319.3 3.0
TL 1790356375.277 239.5 2.6
TL 1790356375.378 341.0 2.2
TL 1790356375.478 214.1 2.7
TL 1790356375.578 376.6 3.5
TL 1790356375.678 270.4 4.2
TL 1790356375.778 279.1 2.4
TL 1790356375.878 198.2 3.2
TL 1790356375.978 265.9 2.5
TL 1790356376.079 287.1 3.0
TL 1790356376.179 418.0 2.6
TL 1790356376.279 298.1 2.4
TL 1790356376.379 260.8 3.0
TL 1790356376.479 301.8 2.6
TL 1790356376.580 284.4 3.0
TL 1790356376.680 293.0 2.3
TL 1790356376.780 241.0 3.3
TL 1790356376.880 423.1 2.1
TL 1790356376.980 510.5 4.0
TL 1790356377.080 160.9 2.6
TL 1790356377.181 334.8 2.9
TL 1790356377.281 409.2 3.0
TL 1790356377.381 610.4 2.9
TL 1790356377.481 403.4 3.5
TL 1790356377.581 490.4 3.9
TL 1790356377.681 237.4 2.2
TL 1790356377.782 349.3 2.8
TL 1790356377.883 1283.0 2.0
TL 1790356377.982 371.7 4.3
TL 1790356378.082 330.3 2.9
TL 1790356378.182 148.7 2.4
TL 1790356378.283 309.8 2.2
TL 1790356378.383 528.3 3.2
TL 1790356378.483 330.9 2.3
TL 1790356378.583 240.8 2.8
TL 1790356378.683 263.6 1.8
TL 1790356378.783 259.6 3.7
TL 1790356378.884 262.8 2.4
TL 1790356378.984 212.3 3.3
TL 1790356379.084 427.3 3.0
TL 1790356379.184 434.0 3.9
TL 1790356379.284 373.7 2.2
TL 1790356379.384 325.2 2.3
TL 1790356379.485 338.5 3.3
TL 1790356379.585 269.2 2.7
TL 1790356379.685 331.0 3.0
TL 1790356379.785 281.4 2.7
TL 1790356379.885 316.5 2.3
TL 1790356379.985 206.1 3.1
TL 1790356380.086 351.1 3.2
TL 1790356380.186 176.1 3.6
TL 1790356380.286 339.0 3.7
TL 1790356380.386 168.3 2.7
TL 1790356380.487 273.1 2.8
TL 1790356380.587 317.4 2.8
TL 1790356380.688 437.4 4.5
TL 1790356380.788 316.9 2.7
TL 1790356380.888 391.5 3.7
TL 1790356380.988 314.9 2.4
TL 1790356381.089 559.4 3.9
TL 1790356381.189 333.2 3.0
TL 1790356381.289 235.9 4.3
TL 1790356381.389 350.6 3.0
TL 1790356381.489 279.3 2.8
TL 1790356381.590 295.3 3.0
TL 1790356381.690 382.0 2.6
TL 1790356381.790 347.5 3.1
TL 1790356381.890 157.9 2.5
TL 1790356381.990 302.1 2.9
TL 1790356382.090 295.5 3.4
TL 1790356382.191 336.1 2.3
TL 1790356382.291 230.6 3.7
TL 1790356382.391 433.5 3.8
TL 1790356382.491 292.9 2.3
TL 1790356382.591 279.7 2.8
TL 1790356382.691 366.7 2.3
TL 1790356382.791 209.7 2.4
TL 1790356382.892 225.9 2.5
TL 1790356382.993 443.6 3.4
TL 1790356383.093 438.6 2.6
TL 1790356383.194 321.5 3.7
TL 1790356383.294 277.8 2.5
TL 1790356383.394 211.5 3.4
TL 1790356383.495 452.8 4.1
TL 1790356383.595 353.8 3.0
TL 1790356383.695 314.3 3.4
TL 1790356383.795 190.7 3.0
TL 1790356383.895 167.1 2.9
TL 1790356383.995 260.2 3.4
TL 1790356384.096 407.5 2.9
TL 1790356384.196 397.6 3.1
TL 1790356384.296 354.9 4.4
TL 1790356384.396 330.9 4.1
TL 1790356384.497 339.5 2.9
TL 1790356384.597 305.4 3.6
TL 1790356384.697 246.5 4.9
TL 1790356384.797 605.2 3.3
TL 1790356384.897 304.3 2.6
TL 1790356384.997 556.4 3.6
TL 1790356385.097 154.1 3.9
TL 1790356385.198 513.4 8.6
TL 1790356385.298 174.6 3.4
TL 1790356385.398 365.8 3.5
TL 1790356385.498 296.5 2.0
TL 1790356385.598 348.5 3.6
TL 1790356385.698 393.6 2.7
TL 1790356385.798 320.7 3.9
TL 1790356385.899 356.8 1.5
TL 1790356385.999 212.2 2.6
TL 1790356386.099 293.0 2.5
TL 1790356386.199 189.2 3.3
TL 1790356386.300 215.7 2.5
TL 1790356386.400 424.2 3.5
TL 1790356386.500 282.1 2.8
TL 1790356386.601 415.6 4.0
TL 1790356386.701 258.2 2.7
TL 1790356386.801 113.3 3.8
TL 1790356386.901 352.9 2.9
TL 1790356387.002 151.8 2.4
TL 1790356387.102 373.0 3.4
TL 1790356387.202 167.0 2.5
TL 1790356387.302 242.3 3.0
TL 1790356387.402 235.6 3.3
TL 1790356387.503 605.1 4.4
TL 1790356387.603 322.5 2.6
TL 1790356387.703 319.2 3.2
TL 1790356387.803 174.7 2.7
TL 1790356387.904 293.1 2.8
TL 1790356388.004 364.0 3.6
TL 1790356388.104 462.7 3.1
TL 1790356388.204 165.5 3.7
TL 1790356388.304 383.1 3.0
TL 1790356388.404 320.9 2.9
TL 1790356388.505 446.4 3.9
TL 1790356388.605 296.1 3.2
TL 1790356388.705 256.8 3.6
TL 1790356388.805 179.5 3.4
TL 1790356388.905 131.3 2.0
TL 1790356389.006 362.6 2.3
