TL 1790329142.947 97.3 1.0
TL 1790329143.048 168.9 2.2
TL 1790329143.148 369.6 2.4
TL 1790329143.248 227.0 3.2
TL 1790329143.349 339.8 3.2
TL 1790329143.449 121.6 0.8
TL 1790329143.549 353.1 3.5
TL 1790329143.649 388.6 3.6
TL 1790329143.749 188.0 3.2
TL 1790329143.850 431.3 4.5
TL 1790329143.950 185.0 1.7
TL 1790329144.050 216.2 1.9
TL 1790329144.151 336.5 4.5
TL 1790329144.251 78.2 2.0
TL 1790329144.352 237.9 3.4
TL 1790329144.452 293.2 1.5
TL 1790329144.552 336.8 4.5
TL 1790329144.652 299.1 2.1
TL 1790329144.753 355.8 4.0
TL 1790329144.853 116.3 2.6
TL 1790329144.953 201.6 1.3
TL 1790329145.053 224.3 2.0
TL 1790329145.153 528.2 3.2
TL 1790329145.253 269.4 3.0
TL 1790329145.353 103.0 2.0
TL 1790329145.453 126.3 1.0
TL 1790329145.554 357.9 4.3
TL 1790329145.654 217.2 2.7
TL 1790329145.754 105.2 1.4
TL 1790329145.854 214.0 2.4
TL 1790329145.955 364.4 1.9
TL 1790329146.055 330.3 3.7
TL 1790329146.155 327.1 4.0
TL 1790329146.255 115.3 1.7
TL 1790329146.355 108.6 2.1
TL 1790329146.455 188.9 2.2
TL 1790329146.555 240.8 2.3
TL 1790329146.655 257.9 2.0
TL 1790329146.756 221.8 3.2
TL 1790329146.856 311.4 77.6
TL 1790329146.956 159.4 0.7
TL 1790329147.056 139.8 1.9
TL 1790329147.156 108.6 1.8
TL 1790329147.257 330.2 3.3
TL 1790329147.357 231.4 3.3
TL 1790329147.457 184.8 0.9
TL 1790329147.557 299.3 3.2
TL 1790329147.657 326.7 3.8
TL 1790329147.757 212.7 3.3
TL 1790329147.857 109.9 1.3
TL 1790329147.958 151.7 1.4
TL 1790329148.058 80.7 2.3
TL 1790329148.158 253.1 3.0
TL 1790329148.258 292.4 3.1
TL 1790329148.358 191.9 3.1
TL 1790329148.458 210.7 2.2
TL 1790329148.559 228.9 2.1
TL 1790329148.659 731.0 2.1
TL 1790329148.759 204.0 3.1
TL 1790329148.859 303.6 3.9
TL 1790329148.959 81.7 1.7
TL 1790329149.060 132.5 2.6
TL 1790329149.160 136.4 2.7
TL 1790329149.260 278.4 3.2
TL 1790329149.360 462.6 1.5
TL 1790329149.460 73.9 1.1
TL 1790329149.560 98.4 3.7
TL 1790329149.660 218.7 2.6
TL 1790329149.760 123.3 2.1
TL 1790329149.861 158.2 3.3
TL 1790329149.961 201.3 0.9
TL 1790329150.061 78.3 2.0
TL 1790329150.161 107.8 2.0
TL 1790329150.261 153.1 3.4
TL 1790329150.361 117.4 2.4
TL 1790329150.461 135.9 1.0
TL 1790329150.562 245.8 2.3
TL 1790329150.662 185.8 2.7
TL 1790329150.762 78.3 2.0
TL 1790329150.862 84.0 2.1
TL 1790329150.962 176.5 2.2
TL 1790329151.062 101.5 1.8
TL 1790329151.162 157.9 2.4
TL 1790329151.262 77.3 2.3
TL 1790329151.363 136.4 3.6
TL 1790329151.463 77.8 1.6
TL 1790329151.563 109.2 2.5
TL 1790329151.663 271.3 1.9
TL 1790329151.763 249.2 1.8
TL 1790329151.863 72.7 2.6
TL 1790329151.963 58.0 1.2
TL 1790329152.063 127.4 3.0
TL 1790329152.164 229.5 3.1
TL 1790329152.264 101.8 2.3
TL 1790329152.364 128.5 2.2
TL 1790329152.464 140.3 1.1
TL 1790329152.564 77.4 2.2
TL 1790329152.664 125.3 2.8
TL 1790329152.767 3214.8 3.2
TL 1790329152.864 102.1 2.3
TL 1790329152.966 1710.5 1.0
TL 1790329153.065 267.4 3.4
TL 1790329153.165 195.3 2.4
TL 1790329153.265 251.0 2.1
TL 1790329153.365 177.8 2.6
TL 1790329153.466 374.2 1.7
TL 1790329153.566 205.5 3.3
TL 1790329153.666 453.9 6.4
TL 1790329153.766 281.3 4.3
TL 1790329153.867 144.4 2.2
TL 1790329153.967 108.1 1.5
TL 1790329154.067 209.5 2.0
TL 1790329154.167 155.4 47.2
TL 1790329154.267 311.8 2.4
TL 1790329154.367 200.0 2.4
TL 1790329154.468 472.1 1.8
TL 1790329154.568 220.4 2.7
TL 1790329154.668 543.2 2.2
TL 1790329154.768 346.0 3.4
TL 1790329154.868 324.1 21.6
TL 1790329154.969 314.4 1.8
TL 1790329155.069 163.6 2.2
TL 1790329155.169 384.1 3.0
TL 1790329155.269 290.5 3.2
TL 1790329155.369 361.4 2.2
TL 1790329155.469 215.2 1.8
TL 1790329155.569 177.0 2.4
TL 1790329155.669 91.6 2.1
TL 1790329155.770 342.1 3.4
TL 1790329155.870 505.3 3.3
TL 1790329155.970 180.1 1.7
TL 1790329156.070 156.5 2.3
TL 1790329156.170 177.8 3.0
TL 1790329156.270 188.9 2.6
TL 1790329156.370 157.8 1.9
TL 1790329156.471 293.6 1.6
TL 1790329156.571 78.8 2.9
TL 1790329156.671 372.3 2.6
TL 1790329156.771 148.0 3.6
TL 1790329156.871 144.8 2.3
TL 1790329156.971 130.2 2.0
TL 1790329157.072 368.0 2.8
TL 1790329157.171 128.9 2.3
TL 1790329157.272 481.8 3.4
TL 1790329157.372 361.2 2.9
TL 1790329157.472 119.5 1.9
TL 1790329157.572 406.7 2.9
TL 1790329157.672 86.6 2.4
TL 1790329157.773 204.4 2.5
TL 1790329157.873 238.5 2.3
TL 1790329157.973 291.0 1.7
TL 1790329158.073 137.7 1.8
TL 1790329158.174 451.4 4.1
TL 1790329158.274 255.4 3.4
TL 1790329158.374 123.4 3.0
TL 1790329158.474 633.4 1.1
TL 1790329158.574 237.1 2.3
TL 1790329158.674 96.0 1.8
TL 1790329158.775 345.3 2.0
TL 1790329158.875 351.5 3.0
TL 1790329158.982 7144.2 1.9
TL 1790329159.075 118.7 3.9
TL 1790329159.175 422.7 3.3
TL 1790329159.275 162.1 2.9
TL 1790329159.377 2430.5 3.1
TL 1790329159.476 1029.8 2.2
TL 1790329159.575 128.3 4.6
TL 1790329159.676 613.4 3.9
TL 1790329159.776 464.2 3.6
TL 1790329159.876 144.5 3.9
TL 1790329159.976 252.4 4.9
TL 1790329160.076 162.9 2.0
TL 1790329160.182 6075.3 2.6
TL 1790329160.276 74.7 2.5
TL 1790329160.376 126.4 2.2
TL 1790329160.477 108.3 2.0
TL 1790329160.577 382.4 2.6
TL 1790329160.677 217.6 3.8
TL 1790329160.777 290.3 2.3
TL 1790329160.877 117.3 2.1
TL 1790329160.977 192.3 2.2
TL 1790329161.077 246.0 2.1
TL 1790329161.177 103.9 3.4
TL 1790329161.278 343.1 2.6
TL 1790329161.378 325.7 2.9
TL 1790329161.478 87.8 1.9
TL 1790329161.578 98.0 3.2
TL 1790329161.678 261.0 2.9
TL 1790329161.778 116.5 3.0
TL 1790329161.879 346.4 3.0
TL 1790329161.979 330.4 4.1
TL 1790329162.079 518.3 3.3
TL 1790329162.179 237.6 3.7
TL 1790329162.280 317.0 3.5
TL 1790329162.380 253.2 3.3
TL 1790329162.480 133.3 2.1
TL 1790329162.580 457.9 4.3
TL 1790329162.680 155.9 2.2
TL 1790329162.781 534.2 3.4
TL 1790329162.881 139.5 2.6
TL 1790329162.981 201.4 2.7
TL 1790329163.081 165.6 1.7
TL 1790329163.181 249.0 3.2
TL 1790329163.281 157.2 1.0
TL 1790329163.381 249.2 2.4
TL 1790329163.482 209.1 2.7
TL 1790329163.583 363.5 2.7
TL 1790329163.683 303.6 2.8
TL 1790329163.783 310.5 2.5
TL 1790329163.883 137.0 2.9
TL 1790329163.983 158.2 4.1
TL 1790329164.084 344.8 1.9
TL 1790329164.184 89.0 2.7
TL 1790329164.284 215.4 2.3
TL 1790329164.384 170.8 3.4
TL 1790329164.485 147.1 2.6
TL 1790329164.585 322.4 3.0
TL 1790329164.685 256.8 1.9
TL 1790329164.785 354.1 3.4
TL 1790329164.886 357.0 4.1
TL 1790329164.986 141.5 1.6
TL 1790329165.086 128.2 2.1
TL 1790329165.186 407.4 3.4
TL 1790329165.286 282.1 2.6
TL 1790329165.387 409.4 3.4
TL 1790329165.487 320.2 2.9
TL 1790329165.587 106.1 1.5
TL 1790329165.687 229.2 3.5
TL 1790329165.787 123.8 2.0
TL 1790329165.887 262.1 2.2
TL 1790329165.987 286.1 3.0
TL 1790329166.088 531.4 2.6
TL 1790329166.188 353.3 2.4
TL 1790329166.288 343.1 3.7
TL 1790329166.388 139.2 3.8
TL 1790329166.489 132.0 2.3
TL 1790329166.589 135.1 2.0
TL 1790329166.689 121.8 3.2
TL 1790329166.789 284.6 3.0
TL 1790329166.889 328.1 4.1
TL 1790329166.989 228.6 3.0
TL 1790329167.090 255.7 2.1
TL 1790329167.190 106.2 0.9
TL 1790329167.290 227.2 2.4
TL 1790329167.391 333.0 3.6
TL 1790329167.491 324.3 3.3
TL 1790329167.591 269.6 4.8
TL 1790329167.691 118.3 2.7
TL 1790329167.791 173.5 1.6
TL 1790329167.891 326.5 3.3
TL 1790329167.992 215.3 2.4
TL 1790329168.092 384.9 4.2
TL 1790329168.192 122.7 1.7
TL 1790329168.293 505.5 3.1
TL 1790329168.393 308.3 4.7
TL 1790329168.493 250.4 2.7
TL 1790329168.593 172.6 1.6
TL 1790329168.693 306.9 1.9
TL 1790329168.793 117.1 2.2
TL 1790329168.893 167.3 2.1
TL 1790329168.993 348.8 2.4
TL 1790329169.093 155.4 1.7
TL 1790329169.193 143.4 2.6
TL 1790329169.294 121.1 3.1
TL 1790329169.394 540.1 2.1
TL 1790329169.494 298.9 3.6
TL 1790329169.594 241.6 3.0
TL 1790329169.695 330.3 3.2
TL 1790329169.795 387.8 2.9
TL 1790329169.895 278.3 1.8
TL 1790329169.995 140.2 2.9
TL 1790329170.096 633.0 2.3
TL 1790329170.196 500.4 1.2
TL 1790329170.296 363.1 2.8
TL 1790329170.396 220.4 2.0
TL 1790329170.496 159.5 2.1
TL 1790329170.596 500.8 3.5
TL 1790329170.696 272.9 3.3
TL 1790329170.797 455.8 2.5
TL 1790329170.897 430.6 5.1
TL 1790329170.997 311.4 3.2
TL 1790329171.097 370.4 3.9
TL 1790329171.197 178.5 3.6
TL 1790329171.297 157.7 1.8
TL 1790329171.397 127.1 3.5
TL 1790329171.497 172.8 2.8
TL 1790329171.598 288.4 3.3
TL 1790329171.698 282.1 2.9
TL 1790329171.798 216.0 1.7
TL 1790329171.898 310.7 2.6
TL 1790329171.999 656.8 2.2
TL 1790329172.100 1393.1 3.5
TL 1790329172.199 321.8 3.0
TL 1790329172.299 234.6 3.1
TL 1790329172.399 276.3 3.6
TL 1790329172.499 187.0 2.6
TL 1790329172.599 125.9 1.0
TL 1790329172.700 285.1 1.8
TL 1790329172.800 333.7 2.2
TL 1790329172.900 374.2 2.9
TL 1790329173.000 237.0 1.9
TL 1790329173.101 391.1 1.9
TL 1790329173.201 146.3 1.7
TL 1790329173.301 300.5 3.1
TL 1790329173.401 211.3 2.4
TL 1790329173.501 120.1 3.0
TL 1790329173.601 118.5 2.3
TL 1790329173.701 161.2 2.4
TL 1790329173.801 88.4 3.4
TL 1790329173.902 75.8 2.0
TL 1790329174.002 394.9 3.1
TL 1790329174.102 476.4 3.0
TL 1790329174.202 288.6 2.9
TL 1790329174.302 101.0 2.0
TL 1790329174.403 358.1 3.7
TL 1790329174.503 298.0 3.3
TL 1790329174.603 231.8 1.1
TL 1790329174.703 86.1 1.7
TL 1790329174.803 179.1 1.2
TL 1790329174.904 325.8 4.2
TL 1790329175.004 294.5 2.9
TL 1790329175.104 356.5 2.9
TL 1790329175.204 234.1 2.1
TL 1790329175.304 191.1 1.6
TL 1790329175.404 134.8 2.2
TL 1790329175.506 1117.9 2.2
TL 1790329175.605 354.8 2.7
TL 1790329175.705 337.8 3.9
TL 1790329175.805 233.2 3.2
TL 1790329175.905 148.3 1.5
TL 1790329176.005 60.5 2.2
TL 1790329176.106 236.9 2.0
TL 1790329176.206 222.6 2.9
TL 1790329176.306 200.4 2.2
TL 1790329176.408 1219.4 4.8
TL 1790329176.507 202.0 2.7
TL 1790329176.607 228.5 1.8
TL 1790329176.708 440.5 3.2
TL 1790329176.808 344.3 2.3
TL 1790329176.908 279.7 1.9
TL 1790329177.008 134.5 2.8
TL 1790329177.109 342.8 3.4
TL 1790329177.209 145.3 1.9
TL 1790329177.309 207.3 2.2
TL 1790329177.409 307.3 3.5
TL 1790329177.511 1819.3 1.6
TL 1790329177.609 182.4 1.8
TL 1790329177.710 339.1 3.2
TL 1790329177.810 332.5 3.1
TL 1790329177.910 320.2 3.4
TL 1790329178.010 116.6 1.9
TL 1790329178.110 237.3 1.8
TL 1790329178.211 424.0 3.5
TL 1790329178.310 127.0 2.4
TL 1790329178.411 168.0 2.4
TL 1790329178.511 332.4 1.8
TL 1790329178.611 161.6 3.0
TL 1790329178.711 76.8 3.0
TL 1790329178.811 140.1 2.8
TL 1790329178.912 296.8 3.1
TL 1790329179.012 439.1 2.2
TL 1790329179.112 584.2 1.7
TL 1790329179.212 496.5 2.8
TL 1790329179.312 257.9 2.7
TL 1790329179.413 219.8 3.8
TL 1790329179.513 110.1 2.1
TL 1790329179.614 479.4 2.8
TL 1790329179.714 478.2 2.4
TL 1790329179.813 174.4 1.6
TL 1790329179.914 258.3 3.1
TL 1790329180.015 928.1 3.1
TL 1790329180.114 89.9 2.9
TL 1790329180.214 93.2 2.5
TL 1790329180.314 109.9 3.3
TL 1790329180.414 163.6 2.9
TL 1790329180.514 127.3 2.9
TL 1790329180.615 685.6 2.0
TL 1790329180.715 120.4 2.7
TL 1790329180.815 150.9 3.5
TL 1790329180.915 536.8 3.9
TL 1790329181.015 521.3 4.1
TL 1790329181.115 118.7 3.7
TL 1790329181.215 263.4 2.1
TL 1790329181.316 234.5 3.3
TL 1790329181.416 296.9 2.6
TL 1790329181.516 458.6 2.2
TL 1790329181.616 279.2 1.9
TL 1790329181.716 107.6 3.8
TL 1790329181.816 274.8 2.1
TL 1790329181.916 101.0 2.9
TL 1790329182.017 289.7 2.3
TL 1790329182.117 144.6 2.4
TL 1790329182.217 267.8 2.7
TL 1790329182.317 177.6 2.2
TL 1790329182.417 233.5 1.8
TL 1790329182.517 152.3 2.6
TL 1790329182.617 84.2 2.4
TL 1790329182.718 1018.6 2.9
TL 1790329182.818 334.0 1.7
TL 1790329182.918 91.3 2.1
TL 1790329183.018 90.6 2.8
TL 1790329183.118 94.9 1.8
TL 1790329183.218 108.1 2.4
TL 1790329183.318 285.8 3.1
TL 1790329183.418 88.6 2.2
TL 1790329183.518 79.9 3.4
TL 1790329183.618 75.4 2.3
TL 1790329183.720 1041.0 2.3
TL 1790329183.819 114.1 3.0
TL 1790329183.919 176.2 2.1
TL 1790329184.019 333.6 5.4
TL 1790329184.119 235.4 2.1
TL 1790329184.220 449.5 2.7
TL 1790329184.320 458.2 4.5
TL 1790329184.420 290.3 3.8
TL 1790329184.520 176.8 1.9
TL 1790329184.620 121.4 1.9
TL 1790329184.721 184.1 3.4
TL 1790329184.821 559.9 3.5
TL 1790329184.921 267.3 4.0
TL 1790329185.022 387.0 3.7
TL 1790329185.122 269.0 4.0
TL 1790329185.222 351.3 3.9
TL 1790329185.322 169.0 2.3
TL 1790329185.423 445.4 3.1
TL 1790329185.523 402.2 3.7
TL 1790329185.623 105.9 2.0
TL 1790329185.723 142.9 3.0
TL 1790329185.823 139.1 2.3
TL 1790329185.923 80.7 2.1
TL 1790329186.024 714.9 2.2
TL 1790329186.125 463.3 2.9
TL 1790329186.225 219.2 2.9
TL 1790329186.325 314.6 3.8
TL 1790329186.425 102.7 3.8
TL 1790329186.526 160.1 2.3
TL 1790329186.626 262.0 3.3
TL 1790329186.726 209.5 2.1
TL 1790329186.826 112.3 2.3
TL 1790329186.926 374.3 4.7
TL 1790329187.027 358.9 5.3
TL 1790329187.127 698.4 3.7
TL 1790329187.227 204.5 2.2
TL 1790329187.327 203.3 2.6
TL 1790329187.427 206.0 2.3
TL 1790329187.528 550.0 4.9
TL 1790329187.628 344.9 3.3
TL 1790329187.728 438.0 2.3
TL 1790329187.828 157.3 3.1
TL 1790329187.929 313.0 4.1
TL 1790329188.029 340.5 3.2
TL 1790329188.129 234.7 2.1
TL 1790329188.229 161.0 2.3
TL 1790329188.329 202.9 3.9
TL 1790329188.429 74.7 2.1
TL 1790329188.530 169.3 2.9
TL 1790329188.630 114.1 2.8
TL 1790329188.730 74.6 2.2
TL 1790329188.830 95.6 2.2
TL 1790329188.931 407.6 2.6
TL 1790329189.031 216.8 1.2
TL 1790329189.131 95.3 1.9
TL 1790329189.231 123.1 1.9
TL 1790329189.331 479.7 2.3
TL 1790329189.431 398.5 2.4
TL 1790329189.531 114.2 1.5
TL 1790329189.632 391.4 4.1
TL 1790329189.732 423.9 2.7
TL 1790329189.832 168.8 1.8
TL 1790329189.932 272.8 2.3
TL 1790329190.032 156.0 1.2
TL 1790329190.132 257.8 2.1
TL 1790329190.233 358.2 4.6
TL 1790329190.333 196.8 1.9
TL 1790329190.433 343.2 5.2
TL 1790329190.533 150.8 1.8
TL 1790329190.633 107.1 2.3
TL 1790329190.733 119.3 2.4
TL 1790329190.833 297.2 2.0
TL 1790329190.933 257.1 2.3
TL 1790329191.034 267.3 1.0
TL 1790329191.134 206.1 2.9
TL 1790329191.234 134.6 2.0
TL 1790329191.334 180.6 2.3
TL 1790329191.434 229.0 2.0
TL 1790329191.534 172.4 1.3
TL 1790329191.634 317.0 3.2
TL 1790329191.734 124.5 2.2
TL 1790329191.835 281.4 2.8
TL 1790329191.935 88.6 2.6
TL 1790329192.035 198.9 1.1
TL 1790329192.135 167.6 2.2
TL 1790329192.236 1143.4 2.2
TL 1790329192.335 270.7 3.5
TL 1790329192.435 173.5 2.2
TL 1790329192.536 105.6 0.7
TL 1790329192.636 250.4 2.1
TL 1790329192.736 204.1 2.1
TL 1790329192.836 108.5 2.2
TL 1790329192.936 217.0 2.3
TL 1790329193.037 265.0 1.0
TL 1790329193.137 116.7 4.1
TL 1790329193.237 129.4 1.7
TL 1790329193.337 173.8 3.3
TL 1790329193.437 107.4 1.9
TL 1790329193.537 126.1 1.0
TL 1790329193.637 98.3 2.9
TL 1790329193.738 255.7 2.4
TL 1790329193.838 606.5 2.1
TL 1790329193.938 75.3 2.6
TL 1790329194.038 144.0 1.1
TL 1790329194.138 201.5 2.2
TL 1790329194.238 180.0 2.1
TL 1790329194.338 146.0 2.0
TL 1790329194.439 180.7 3.0
TL 1790329194.539 160.5 1.9
TL 1790329194.641 2225.3 2.6
TL 1790329194.739 187.2 2.5
TL 1790329194.839 114.5 3.4
TL 1790329194.939 104.8 1.7
TL 1790329195.040 261.7 1.4
TL 1790329195.140 233.6 3.8
TL 1790329195.240 119.3 2.1
TL 1790329195.340 309.6 3.2
TL 1790329195.444 4014.2 14.0
TL 1790329195.540 175.8 1.4
TL 1790329195.640 181.3 2.3
TL 1790329195.740 140.9 2.6
TL 1790329195.841 366.9 2.3
TL 1790329195.941 105.5 1.9
TL 1790329196.041 184.9 1.1
TL 1790329196.141 232.2 4.8
TL 1790329196.241 164.8 2.7
TL 1790329196.341 204.5 2.1
TL 1790329196.441 170.2 2.1
TL 1790329196.541 225.8 1.2
TL 1790329196.641 93.5 1.8
TL 1790329196.742 155.4 1.9
TL 1790329196.842 168.1 2.2
TL 1790329196.942 90.9 2.2
TL 1790329197.042 229.1 0.9
TL 1790329197.144 2207.0 2.6
TL 1790329197.243 365.6 3.0
TL 1790329197.343 263.1 2.9
TL 1790329197.443 144.1 1.9
TL 1790329197.543 135.8 1.4
TL 1790329197.643 150.0 2.9
TL 1790329197.743 113.3 3.5
TL 1790329197.843 88.9 2.4
TL 1790329197.943 144.7 2.4
TL 1790329198.044 413.6 1.8
TL 1790329198.144 141.1 2.5
TL 1790329198.244 325.3 2.0
TL 1790329198.344 293.8 3.3
TL 1790329198.444 261.8 2.1
TL 1790329198.544 91.6 1.4
TL 1790329198.644 128.2 2.2
TL 1790329198.744 110.9 2.1
TL 1790329198.845 224.5 2.7
TL 1790329198.945 306.7 2.8
TL 1790329199.045 365.1 1.9
TL 1790329199.145 195.2 3.1
TL 1790329199.246 323.8 2.1
TL 1790329199.346 200.8 2.2
TL 1790329199.446 152.8 2.0
TL 1790329199.546 231.4 1.0
TL 1790329199.647 1360.2 2.8
TL 1790329199.746 219.1 2.9
TL 1790329199.847 335.1 2.9
TL 1790329199.946 149.4 2.4
TL 1790329200.047 205.1 1.4
TL 1790329200.147 128.3 2.2
TL 1790329200.247 155.0 2.1
TL 1790329200.347 82.7 2.8
TL 1790329200.447 158.4 2.7
TL 1790329200.547 113.5 2.0
TL 1790329200.647 96.4 2.5
TL 1790329200.748 248.3 2.8
TL 1790329200.848 195.4 2.3
TL 1790329200.948 204.3 4.9
TL 1790329201.048 214.8 1.5
TL 1790329201.148 269.4 2.2
TL 1790329201.248 176.6 2.4
TL 1790329201.349 257.2 2.2
TL 1790329201.449 136.9 3.0
TL 1790329201.549 224.6 1.5
TL 1790329201.649 392.7 3.1
TL 1790329201.749 164.6 2.3
TL 1790329201.849 186.3 2.2
TL 1790329201.949 212.0 6.4
TL 1790329202.050 670.1 1.6
TL 1790329202.150 160.6 2.5
TL 1790329202.250 461.5 3.3
TL 1790329202.350 206.3 2.1
TL 1790329202.450 207.4 2.0
TL 1790329202.550 184.3 0.9
TL 1790329202.650 97.8 2.0
TL 1790329202.750 73.6 2.4
TL 1790329202.851 332.8 2.0
TL 1790329202.951 92.4 2.2
TL 1790329203.051 123.4 1.6
TL 1790329203.151 137.5 3.1
TL 1790329203.251 140.4 30.8
TL 1790329203.351 133.1 2.2
TL 1790329203.451 310.7 3.4
TL 1790329203.551 168.5 1.3
TL 1790329203.652 177.1 1.9
TL 1790329203.752 158.2 1.8
TL 1790329203.852 260.8 2.8
TL 1790329203.952 322.4 2.2
TL 1790329204.052 176.0 1.4
TL 1790329204.152 197.8 2.1
TL 1790329204.255 2612.8 1.8
TL 1790329204.352 157.2 2.1
TL 1790329204.453 146.4 1.9
TL 1790329204.553 334.5 1.2
TL 1790329204.653 140.5 1.7
TL 1790329204.753 298.2 2.1
TL 1790329204.853 136.5 2.0
TL 1790329204.954 803.9 3.6
TL 1790329205.053 148.5 1.5
TL 1790329205.153 171.2 2.8
TL 1790329205.254 154.6 2.7
TL 1790329205.354 233.1 2.9
TL 1790329205.454 137.8 3.3
TL 1790329205.554 169.1 1.3
TL 1790329205.654 196.7 2.5
TL 1790329205.754 125.8 2.1
TL 1790329205.854 197.7 2.2
TL 1790329205.955 190.9 2.1
TL 1790329206.055 87.8 1.1
TL 1790329206.155 438.3 2.1
TL 1790329206.255 219.6 2.3
TL 1790329206.356 795.6 2.1
TL 1790329206.455 171.8 2.3
TL 1790329206.555 109.5 1.0
TL 1790329206.655 193.3 2.1
TL 1790329206.755 177.5 2.1
TL 1790329206.856 149.4 1.9
TL 1790329206.958 2675.3 2.1
TL 1790329207.056 225.1 1.9
TL 1790329207.156 321.9 3.9
TL 1790329207.256 209.7 4.3
TL 1790329207.356 180.4 2.6
TL 1790329207.456 188.8 2.4
TL 1790329207.556 112.0 1.4
TL 1790329207.663 6457.6 2.3
TL 1790329207.757 340.0 2.2
TL 1790329207.857 206.2 2.0
TL 1790329207.957 134.3 2.0
TL 1790329208.057 184.6 1.5
TL 1790329208.157 231.7 2.9
TL 1790329208.257 153.2 2.3
TL 1790329208.357 90.2 1.9
TL 1790329208.458 183.2 2.0
TL 1790329208.558 167.9 1.4
TL 1790329208.658 219.7 3.2
TL 1790329208.758 142.1 2.4
TL 1790329208.858 197.4 2.0
TL 1790329208.959 239.5 1.9
TL 1790329209.059 166.4 0.9
TL 1790329209.159 85.4 2.2
TL 1790329209.259 209.6 2.4
TL 1790329209.359 283.6 2.1
TL 1790329209.460 593.4 19.7
TL 1790329209.559 163.7 1.1
TL 1790329209.659 144.6 1.9
TL 1790329209.760 178.2 2.3
TL 1790329209.860 129.9 4.4
TL 1790329209.960 189.1 1.9
TL 1790329210.060 522.8 1.4
TL 1790329210.161 435.3 2.1
TL 1790329210.261 164.4 2.2
TL 1790329210.362 1086.6 2.0
TL 1790329210.461 232.3 2.9
TL 1790329210.561 233.6 2.6
TL 1790329210.661 201.7 2.7
TL 1790329210.761 148.3 1.9
TL 1790329210.861 131.5 2.0
TL 1790329210.963 402.2 2.4
TL 1790329211.063 346.4 3.3
TL 1790329211.163 162.3 2.7
TL 1790329211.263 236.5 3.6
TL 1790329211.363 119.3 2.3
TL 1790329211.463 104.2 4.0
TL 1790329211.567 3426.6 2.0
TL 1790329211.664 447.6 5.3
TL 1790329211.764 343.4 2.4
TL 1790329211.864 226.1 2.4
TL 1790329211.964 321.5 2.7
TL 1790329212.064 118.6 2.1
TL 1790329212.165 245.9 1.9
TL 1790329212.265 194.5 2.0
TL 1790329212.365 128.5 2.2
TL 1790329212.465 333.7 2.8
TL 1790329212.565 211.7 2.3
TL 1790329212.665 102.5 2.1
TL 1790329212.766 322.9 2.2
TL 1790329212.865 161.4 1.9
TL 1790329212.966 335.3 2.9
TL 1790329213.066 109.3 2.6
TL 1790329213.166 124.9 1.9
TL 1790329213.266 292.7 2.8
TL 1790329213.366 207.8 2.2
TL 1790329213.467 360.1 4.7
TL 1790329213.567 273.1 3.7
TL 1790329213.667 319.7 3.7
TL 1790329213.767 202.5 2.2
TL 1790329213.868 185.8 2.4
TL 1790329213.970 2371.8 2.7
TL 1790329214.068 235.3 2.2
TL 1790329214.168 150.2 2.3
TL 1790329214.268 111.3 1.6
TL 1790329214.368 208.1 2.2
TL 1790329214.468 204.9 2.7
TL 1790329214.568 161.0 2.0
TL 1790329214.668 149.7 2.1
TL 1790329214.769 221.6 2.1
TL 1790329214.869 177.4 3.5
TL 1790329214.969 360.7 2.0
TL 1790329215.069 136.6 1.9
TL 1790329215.169 443.0 2.5
TL 1790329215.269 143.1 2.2
TL 1790329215.369 169.1 2.1
TL 1790329215.469 190.7 1.8
TL 1790329215.569 149.3 2.0
TL 1790329215.670 609.0 3.3
TL 1790329215.770 126.7 2.1
TL 1790329215.870 201.7 2.5
TL 1790329215.970 205.9 5.6
TL 1790329216.070 175.8 2.8
TL 1790329216.170 132.3 2.1
TL 1790329216.270 135.6 2.1
TL 1790329216.371 571.7 1.9
TL 1790329216.471 180.2 2.1
TL 1790329216.571 233.5 2.7
TL 1790329216.671 222.9 3.1
TL 1790329216.771 401.5 2.4
TL 1790329216.871 163.2 1.8
TL 1790329216.971 126.4 2.0
TL 1790329217.071 93.5 2.3
TL 1790329217.171 125.1 3.3
TL 1790329217.272 357.2 3.5
TL 1790329217.372 359.7 2.4
TL 1790329217.472 82.2 2.3
TL 1790329217.572 189.5 2.0
TL 1790329217.672 125.1 2.4
TL 1790329217.773 318.4 2.7
TL 1790329217.873 149.5 2.1
TL 1790329217.976 3169.6 2.2
TL 1790329218.073 263.2 2.4
TL 1790329218.173 198.1 2.9
TL 1790329218.273 137.4 2.5
TL 1790329218.373 125.9 2.0
TL 1790329218.473 162.6 2.2
TL 1790329218.573 189.5 2.6
TL 1790329218.674 213.0 20.7
TL 1790329218.774 89.1 1.8
TL 1790329218.874 636.5 2.3
TL 1790329218.974 645.5 3.9
TL 1790329219.074 78.2 2.0
TL 1790329219.174 172.4 2.5
TL 1790329219.274 126.4 1.3
TL 1790329219.374 204.2 2.3
TL 1790329219.474 79.9 2.3
TL 1790329219.575 391.6 2.3
TL 1790329219.675 148.0 3.4
TL 1790329219.775 278.5 2.2
TL 1790329219.875 147.3 9.9
TL 1790329219.975 174.9 2.4
TL 1790329220.075 184.7 2.0
TL 1790329220.175 104.6 2.2
TL 1790329220.275 176.2 1.8
TL 1790329220.376 449.6 2.2
TL 1790329220.476 169.8 3.8
TL 1790329220.576 233.8 3.6
TL 1790329220.676 114.8 1.7
TL 1790329220.776 196.3 2.5
TL 1790329220.876 174.5 3.3
TL 1790329220.977 145.2 2.0
TL 1790329221.077 230.4 2.2
TL 1790329221.177 173.4 1.9
TL 1790329221.277 228.0 3.2
TL 1790329221.378 498.7 3.3
TL 1790329221.478 277.0 3.7
TL 1790329221.578 171.3 2.1
TL 1790329221.678 131.9 2.3
TL 1790329221.778 457.7 2.5
TL 1790329221.878 143.1 2.2
TL 1790329221.979 364.4 2.4
TL 1790329222.079 407.8 2.4
TL 1790329222.179 153.1 2.0
TL 1790329222.279 111.3 2.9
TL 1790329222.379 118.0 1.9
TL 1790329222.480 774.9 2.0
TL 1790329222.580 733.1 5.0
TL 1790329222.679 91.9 2.7
TL 1790329222.780 341.8 2.6
TL 1790329222.880 184.2 1.9
TL 1790329222.980 476.1 2.2
TL 1790329223.080 301.9 2.7
TL 1790329223.180 281.4 2.2
TL 1790329223.280 88.3 1.9
TL 1790329223.380 108.4 2.3
TL 1790329223.481 528.2 1.8
TL 1790329223.581 405.6 3.0
TL 1790329223.681 171.5 1.9
TL 1790329223.781 251.1 2.7
TL 1790329223.881 263.3 2.7
TL 1790329223.981 167.3 2.2
TL 1790329224.081 248.3 2.7
TL 1790329224.181 100.2 1.9
TL 1790329224.283 1475.6 2.0
TL 1790329224.381 120.2 1.5
TL 1790329224.482 322.1 2.9
TL 1790329224.582 169.0 2.4
TL 1790329224.682 177.4 4.1
TL 1790329224.782 132.8 2.1
TL 1790329224.882 89.6 2.4
TL 1790329224.982 131.3 1.9
TL 1790329225.083 410.2 3.7
TL 1790329225.183 304.3 2.9
TL 1790329225.283 243.9 3.1
TL 1790329225.383 221.4 5.1
TL 1790329225.483 303.4 2.2
TL 1790329225.583 139.7 2.0
TL 1790329225.683 151.5 2.0
TL 1790329225.783 85.3 2.2
TL 1790329225.887 3204.0 1.9
TL 1790329225.984 226.7 2.8
TL 1790329226.084 198.6 2.1
TL 1790329226.184 194.7 3.2
TL 1790329226.284 222.6 2.9
TL 1790329226.384 130.6 2.2
TL 1790329226.484 165.2 2.1
TL 1790329226.584 183.6 2.3
TL 1790329226.685 401.5 2.5
TL 1790329226.785 294.2 2.2
TL 1790329226.885 737.4 3.9
TL 1790329226.985 282.6 2.2
TL 1790329227.085 257.6 2.5
TL 1790329227.185 168.5 3.1
TL 1790329227.286 614.4 2.4
TL 1790329227.385 174.2 2.6
TL 1790329227.488 2549.6 2.2
TL 1790329227.586 109.6 2.3
TL 1790329227.686 275.2 2.0
TL 1790329227.789 1148.1 2.6
TL 1790329227.889 392.9 2.4
TL 1790329227.992 3629.4 2.7
TL 1790329228.089 489.1 2.0
TL 1790329228.190 545.9 2.4
TL 1790329228.290 179.8 2.1
TL 1790329228.393 1722.8 2.0
TL 1790329228.492 793.5 1.8
TL 1790329228.592 149.6 1.0
TL 1790329228.693 153.6 2.1
TL 1790329228.793 417.3 2.2
TL 1790329228.893 114.7 1.8
TL 1790329228.995 205.4 2.4
TL 1790329229.097 2346.8 1.6
TL 1790329229.195 288.4 2.1
TL 1790329229.295 141.3 2.2
TL 1790329229.396 86.7 2.3
TL 1790329229.497 85.1 51.2
TL 1790329229.597 201.6 2.1
TL 1790329229.697 413.4 2.2
TL 1790329229.797 234.5 2.3
TL 1790329229.897 216.5 3.5
TL 1790329229.998 998.5 2.4
TL 1790329230.097 177.5 2.1
TL 1790329230.198 334.2 1.8
TL 1790329230.298 215.9 2.6
TL 1790329230.398 138.0 2.1
TL 1790329230.498 205.7 2.2
TL 1790329230.598 135.7 2.2
TL 1790329230.698 224.4 2.2
TL 1790329230.798 160.8 2.7
TL 1790329230.898 95.3 2.3
TL 1790329230.999 217.9 2.2
TL 1790329231.099 79.2 2.5
TL 1790329231.199 112.9 1.7
TL 1790329231.299 223.1 2.0
TL 1790329231.399 349.9 2.8
TL 1790329231.499 158.6 4.1
TL 1790329231.600 254.0 2.7
TL 1790329231.700 202.5 2.6
TL 1790329231.800 97.2 1.9
TL 1790329231.900 193.2 2.4
TL 1790329232.001 690.2 2.0
TL 1790329232.100 131.5 2.2
TL 1790329232.200 146.5 2.3
TL 1790329232.301 148.0 2.0
TL 1790329232.402 735.7 2.3
TL 1790329232.501 150.6 2.1
TL 1790329232.601 291.3 1.0
TL 1790329232.701 151.1 2.1
TL 1790329232.801 95.3 2.3
TL 1790329232.902 332.8 2.0
TL 1790329233.002 131.3 2.0
TL 1790329233.102 142.5 1.7
TL 1790329233.202 278.1 4.1
TL 1790329233.302 160.0 2.1
TL 1790329233.402 119.5 2.0
TL 1790329233.502 186.7 3.9
TL 1790329233.603 610.5 0.9
TL 1790329233.703 127.4 2.1
TL 1790329233.803 178.0 2.0
TL 1790329233.903 144.2 2.3
TL 1790329234.003 282.9 2.3
TL 1790329234.103 107.6 2.8
TL 1790329234.204 294.4 2.8
TL 1790329234.304 280.0 3.7
TL 1790329234.404 336.8 2.1
TL 1790329234.504 163.0 1.9
TL 1790329234.604 283.5 2.0
TL 1790329234.705 556.7 3.6
TL 1790329234.804 227.7 1.8
TL 1790329234.905 468.9 2.2
TL 1790329235.005 110.3 2.5
TL 1790329235.105 163.1 1.8
TL 1790329235.205 176.1 2.0
TL 1790329235.305 139.0 2.1
TL 1790329235.405 149.9 2.3
TL 1790329235.505 175.5 1.9
TL 1790329235.606 259.6 3.5
TL 1790329235.706 164.5 2.0
TL 1790329235.806 100.8 2.0
TL 1790329235.906 198.4 2.1
TL 1790329236.006 132.9 2.1
TL 1790329236.106 167.1 2.0
TL 1790329236.206 191.6 2.3
TL 1790329236.307 231.5 2.1
TL 1790329236.407 115.8 2.2
TL 1790329236.507 180.3 2.4
TL 1790329236.607 213.4 4.5
TL 1790329236.707 108.7 1.8
TL 1790329236.807 410.6 2.4
TL 1790329236.907 92.8 3.0
TL 1790329237.008 351.6 2.0
TL 1790329237.108 367.1 3.4
TL 1790329237.208 174.9 2.1
TL 1790329237.308 224.6 2.7
TL 1790329237.408 133.2 2.9
TL 1790329237.508 76.7 2.3
TL 1790329237.608 272.3 2.3
TL 1790329237.708 135.4 2.1
TL 1790329237.809 154.8 2.2
TL 1790329237.909 318.6 2.4
TL 1790329238.009 122.3 1.9
TL 1790329238.109 158.7 2.2
TL 1790329238.209 127.4 2.0
TL 1790329238.309 150.4 1.9
TL 1790329238.409 187.0 2.6
TL 1790329238.510 168.6 1.7
TL 1790329238.610 202.3 2.1
TL 1790329238.710 156.1 2.7
TL 1790329238.810 302.0 3.6
TL 1790329238.910 164.5 2.0
TL 1790329239.010 172.3 1.9
TL 1790329239.110 74.8 2.0
TL 1790329239.211 146.5 2.3
TL 1790329239.311 400.8 2.0
TL 1790329239.411 117.5 2.1
TL 1790329239.511 119.9 2.8
TL 1790329239.611 193.1 2.5
TL 1790329239.711 138.9 3.4
TL 1790329239.811 78.7 2.4
TL 1790329239.912 187.3 2.3
TL 1790329240.012 348.2 2.7
TL 1790329240.113 181.1 2.0
TL 1790329240.213 454.5 2.5
TL 1790329240.313 162.8 2.2
TL 1790329240.413 279.4 2.0
TL 1790329240.513 305.6 2.6
TL 1790329240.613 253.1 1.7
TL 1790329240.713 152.9 2.0
TL 1790329240.813 124.5 2.2
TL 1790329240.913 152.4 3.8
TL 1790329241.014 170.2 2.2
TL 1790329241.114 134.6 1.8
TL 1790329241.214 129.5 2.3
TL 1790329241.314 180.2 2.2
TL 1790329241.414 113.0 1.8
TL 1790329241.515 323.7 3.2
TL 1790329241.615 158.1 3.1
TL 1790329241.715 179.0 2.1
TL 1790329241.815 175.8 2.0
TL 1790329241.915 164.9 2.2
TL 1790329242.015 191.0 1.9
TL 1790329242.117 2164.1 1.8
TL 1790329242.215 170.4 3.6
TL 1790329242.315 105.7 2.3
TL 1790329242.416 352.2 2.0
TL 1790329242.516 135.7 2.3
TL 1790329242.616 167.6 2.2
TL 1790329242.716 159.0 2.4
TL 1790329242.816 100.9 2.7
TL 1790329242.920 4031.7 1.6
TL 1790329243.016 154.4 2.6
TL 1790329243.117 343.3 2.0
TL 1790329243.217 282.4 3.1
TL 1790329243.317 195.3 2.4
TL 1790329243.417 185.4 3.3
TL 1790329243.517 81.5 2.9
TL 1790329243.618 1050.1 2.2
TL 1790329243.718 308.6 2.7
TL 1790329243.818 264.4 2.0
TL 1790329243.918 211.0 2.2
TL 1790329244.018 195.4 2.1
TL 1790329244.119 93.0 2.0
TL 1790329244.219 88.6 2.7
TL 1790329244.320 434.0 2.8
TL 1790329244.419 192.4 3.0
TL 1790329244.519 127.7 3.4
TL 1790329244.620 580.7 2.0
TL 1790329244.720 411.0 2.0
TL 1790329244.821 478.6 2.6
TL 1790329244.920 189.4 2.3
TL 1790329245.021 282.7 2.5
TL 1790329245.121 425.4 3.2
TL 1790329245.221 160.4 3.3
TL 1790329245.321 96.8 2.1
TL 1790329245.421 178.1 3.4
TL 1790329245.521 182.5 2.1
TL 1790329245.621 129.7 2.3
TL 1790329245.721 188.0 2.2
TL 1790329245.821 116.1 2.3
TL 1790329245.922 143.1 2.0
TL 1790329246.022 140.4 3.5
TL 1790329246.122 498.9 2.9
TL 1790329246.222 349.9 3.4
TL 1790329246.322 152.4 4.4
TL 1790329246.422 229.2 2.4
TL 1790329246.522 170.9 2.1
TL 1790329246.625 2887.3 1.8
TL 1790329246.723 140.1 1.8
TL 1790329246.823 216.1 2.0
TL 1790329246.924 475.3 4.1
TL 1790329247.023 128.4 2.7
TL 1790329247.123 126.4 2.3
TL 1790329247.224 183.7 1.9
TL 1790329247.324 148.4 3.3
TL 1790329247.424 82.8 3.7
TL 1790329247.524 185.7 2.1
TL 1790329247.624 100.2 2.6
TL 1790329247.724 147.9 1.9
TL 1790329247.824 148.3 40.9
TL 1790329247.925 437.3 3.1
TL 1790329248.025 225.7 2.2
TL 1790329248.125 217.4 2.7
TL 1790329248.225 147.5 3.3
TL 1790329248.325 135.3 2.9
TL 1790329248.425 131.7 2.0
TL 1790329248.526 304.1 2.3
TL 1790329248.626 512.3 2.0
TL 1790329248.726 279.8 2.6
TL 1790329248.826 257.7 2.2
TL 1790329248.926 92.3 1.8
TL 1790329249.029 3273.6 2.1
TL 1790329249.127 411.6 3.3
TL 1790329249.227 285.4 2.7
TL 1790329249.327 248.5 2.3
TL 1790329249.427 93.9 2.4
TL 1790329249.530 3744.9 2.1
TL 1790329249.627 138.5 2.6
TL 1790329249.727 88.2 2.5
TL 1790329249.827 117.4 2.8
TL 1790329249.927 141.0 1.7
TL 1790329250.028 214.1 2.0
TL 1790329250.128 87.8 3.1
TL 1790329250.228 169.8 2.1
TL 1790329250.328 320.3 2.5
TL 1790329250.428 173.5 2.8
TL 1790329250.528 112.8 2.0
TL 1790329250.628 219.6 2.4
TL 1790329250.728 225.4 3.0
TL 1790329250.829 269.2 3.1
TL 1790329250.929 137.4 1.9
TL 1790329251.029 119.7 2.1
TL 1790329251.129 164.0 2.3
TL 1790329251.229 137.5 2.2
TL 1790329251.330 749.8 1.9
TL 1790329251.429 143.6 2.1
TL 1790329251.529 250.3 2.6
TL 1790329251.630 185.4 2.0
TL 1790329251.730 161.4 2.1
TL 1790329251.830 249.7 2.4
TL 1790329251.930 288.4 3.3
TL 1790329252.032 2234.7 2.7
TL 1790329252.131 517.8 1.9
TL 1790329252.231 158.1 1.9
TL 1790329252.331 273.0 2.2
TL 1790329252.431 216.5 2.2
TL 1790329252.531 167.1 4.3
TL 1790329252.631 189.6 2.0
TL 1790329252.731 130.8 4.1
TL 1790329252.831 125.1 2.7
TL 1790329252.935 3976.7 3.2
TL 1790329253.032 175.7 2.1
TL 1790329253.132 214.7 2.4
TL 1790329253.232 202.7 2.0
TL 1790329253.332 285.0 1.9
TL 1790329253.432 242.7 2.5
TL 1790329253.533 260.0 2.4
TL 1790329253.633 197.8 1.9
TL 1790329253.734 1265.8 1.8
TL 1790329253.833 220.3 2.4
TL 1790329253.933 129.5 2.4
TL 1790329254.033 270.6 2.1
TL 1790329254.133 255.2 3.4
TL 1790329254.233 211.1 1.9
TL 1790329254.333 93.1 2.5
TL 1790329254.434 108.5 2.0
TL 1790329254.535 1089.1 2.9
TL 1790329254.634 207.2 1.9
TL 1790329254.734 129.3 2.1
TL 1790329254.834 243.6 2.5
TL 1790329254.934 288.3 3.8
TL 1790329255.034 127.1 1.9
TL 1790329255.135 163.9 2.1
TL 1790329255.235 121.2 2.1
TL 1790329255.335 90.6 2.6
TL 1790329255.438 3531.5 2.3
TL 1790329255.535 526.6 2.0
TL 1790329255.635 184.7 2.1
TL 1790329255.735 204.7 3.3
TL 1790329255.835 150.8 2.4
TL 1790329255.936 228.6 2.0
TL 1790329256.036 187.7 1.9
TL 1790329256.136 182.9 4.0
TL 1790329256.236 268.9 2.4
TL 1790329256.336 468.4 4.0
TL 1790329256.436 180.2 1.8
TL 1790329256.537 706.1 2.1
TL 1790329256.636 262.3 2.1
TL 1790329256.737 161.6 2.2
TL 1790329256.837 190.2 2.0
TL 1790329256.939 2563.1 2.7
TL 1790329257.037 267.7 4.9
TL 1790329257.137 136.6 2.1
TL 1790329257.237 174.2 2.8
TL 1790329257.337 189.3 3.1
TL 1790329257.438 219.7 2.4
TL 1790329257.538 101.5 2.9
TL 1790329257.638 314.8 2.7
TL 1790329257.738 225.0 2.6
TL 1790329257.838 181.7 1.8
TL 1790329257.938 253.0 2.6
TL 1790329258.038 176.4 2.4
TL 1790329258.138 185.4 2.0
TL 1790329258.238 138.4 2.2
TL 1790329258.339 473.8 2.4
TL 1790329258.439 168.4 1.8
TL 1790329258.539 149.1 2.5
TL 1790329258.639 238.8 2.9
TL 1790329258.739 194.2 2.4
TL 1790329258.839 162.0 2.1
TL 1790329258.939 150.2 2.5
TL 1790329259.039 91.3 2.0
TL 1790329259.140 384.6 2.5
TL 1790329259.240 692.0 2.1
TL 1790329259.340 139.2 2.5
TL 1790329259.440 131.5 2.3
TL 1790329259.540 299.9 2.0
TL 1790329259.640 328.2 2.2
TL 1790329259.740 124.4 2.1
TL 1790329259.840 124.1 1.9
TL 1790329259.946 5209.9 2.2
TL 1790329260.041 134.6 3.0
TL 1790329260.141 364.1 1.6
TL 1790329260.242 413.1 2.2
TL 1790329260.342 158.6 2.3
TL 1790329260.442 98.3 1.8
TL 1790329260.542 211.9 1.8
TL 1790329260.642 157.5 1.8
TL 1790329260.746 4128.5 2.4
TL 1790329260.842 78.2 1.9
TL 1790329260.943 199.8 2.2
TL 1790329261.043 106.8 2.8
TL 1790329261.143 214.8 2.2
TL 1790329261.243 227.2 2.6
TL 1790329261.343 190.6 2.4
TL 1790329261.443 206.5 2.7
TL 1790329261.549 6112.2 2.2
TL 1790329261.644 292.1 3.0
TL 1790329261.744 90.1 2.3
TL 1790329261.844 68.3 2.1
TL 1790329261.944 130.2 1.8
TL 1790329262.044 453.0 2.0
TL 1790329262.144 332.0 2.5
TL 1790329262.244 190.5 2.0
TL 1790329262.349 5159.3 2.1
TL 1790329262.446 144.3 2.2
TL 1790329262.547 271.0 2.2
TL 1790329262.646 69.6 1.9
TL 1790329262.747 152.0 2.1
TL 1790329262.847 149.0 1.9
TL 1790329262.947 210.0 1.9
TL 1790329263.048 868.7 2.9
TL 1790329263.147 244.1 3.0
TL 1790329263.247 252.1 2.6
TL 1790329263.347 91.7 1.8
TL 1790329263.448 193.2 2.0
TL 1790329263.548 302.9 3.5
TL 1790329263.648 382.4 2.3
TL 1790329263.749 1191.8 2.0
TL 1790329263.848 214.9 1.9
TL 1790329263.948 328.1 2.5
TL 1790329264.048 140.8 2.3
TL 1790329264.148 87.2 2.0
TL 1790329264.249 131.4 2.0
TL 1790329264.349 269.2 4.1
TL 1790329264.449 101.9 2.3
TL 1790329264.549 93.3 1.8
TL 1790329264.651 1126.4 2.4
TL 1790329264.750 113.5 3.1
TL 1790329264.850 99.1 2.2
TL 1790329264.951 670.1 1.8
TL 1790329265.050 192.3 4.5
TL 1790329265.150 153.6 1.9
TL 1790329265.250 128.1 2.0
TL 1790329265.351 184.6 2.4
TL 1790329265.455 4204.8 2.0
TL 1790329265.551 244.7 2.9
TL 1790329265.651 315.3 2.0
TL 1790329265.752 521.5 3.5
TL 1790329265.851 143.1 1.8
TL 1790329265.951 196.2 4.4
TL 1790329266.051 117.2 2.2
TL 1790329266.154 2914.0 2.5
TL 1790329266.252 254.5 2.1
TL 1790329266.352 227.0 3.2
TL 1790329266.452 216.8 2.0
TL 1790329266.552 183.6 2.0
TL 1790329266.652 191.2 4.6
TL 1790329266.752 100.3 1.8
TL 1790329266.852 114.6 3.0
TL 1790329266.953 77.3 2.4
TL 1790329267.053 521.5 4.1
TL 1790329267.153 285.5 3.2
TL 1790329267.253 231.8 2.3
TL 1790329267.353 100.8 2.0
TL 1790329267.454 246.2 2.9
TL 1790329267.554 100.5 1.9
TL 1790329267.662 8397.3 1.2
TL 1790329267.754 390.5 3.6
TL 1790329267.855 389.9 3.4
TL 1790329267.955 217.3 2.2
TL 1790329268.055 135.5 2.0
TL 1790329268.155 160.3 2.1
TL 1790329268.255 87.1 2.8
TL 1790329268.358 2687.5 2.0
TL 1790329268.455 107.6 1.8
TL 1790329268.556 311.9 2.2
TL 1790329268.656 153.1 3.1
TL 1790329268.756 178.8 1.9
TL 1790329268.856 178.5 2.7
TL 1790329268.956 158.5 1.9
TL 1790329269.060 4376.4 2.0
TL 1790329269.164 7659.4 1.9
TL 1790329269.257 400.7 2.7
TL 1790329269.357 244.4 2.3
TL 1790329269.457 202.5 2.2
TL 1790329269.557 146.3 2.4
TL 1790329269.657 181.8 2.2
TL 1790329269.757 211.9 1.7
TL 1790329269.857 110.4 1.9
TL 1790329269.957 267.5 2.2
TL 1790329270.057 155.0 1.9
TL 1790329270.158 467.4 3.1
TL 1790329270.258 227.1 2.3
TL 1790329270.358 191.1 2.5
TL 1790329270.458 165.7 1.9
TL 1790329270.558 133.6 1.9
TL 1790329270.658 104.1 2.1
TL 1790329270.759 373.9 1.9
TL 1790329270.859 165.1 2.3
TL 1790329270.959 155.6 2.2
TL 1790329271.059 413.2 3.0
TL 1790329271.159 269.6 3.5
TL 1790329271.259 115.1 2.0
TL 1790329271.359 141.0 2.1
TL 1790329271.462 2437.9 2.3
TL 1790329271.562 2744.8 3.6
TL 1790329271.660 234.5 2.4
TL 1790329271.760 70.7 2.9
TL 1790329271.860 120.5 8.6
TL 1790329271.960 174.7 2.0
TL 1790329272.060 365.3 3.5
TL 1790329272.160 188.0 2.4
TL 1790329272.261 503.6 2.2
TL 1790329272.361 319.1 3.2
TL 1790329272.462 153.6 1.8
TL 1790329272.563 149.6 2.3
TL 1790329272.663 163.7 2.1
TL 1790329272.763 178.0 1.8
TL 1790329272.863 181.6 2.6
TL 1790329272.964 1374.6 2.0
TL 1790329273.063 305.6 2.9
TL 1790329273.164 269.3 2.5
TL 1790329273.264 136.2 2.0
TL 1790329273.364 150.4 1.9
TL 1790329273.464 215.2 2.4
TL 1790329273.564 117.8 3.0
TL 1790329273.668 3476.7 1.9
TL 1790329273.765 250.9 2.3
TL 1790329273.865 104.6 1.9
TL 1790329273.965 218.3 2.3
TL 1790329274.065 167.4 2.0
TL 1790329274.165 126.9 2.3
TL 1790329274.265 159.4 2.9
TL 1790329274.366 476.0 2.0
TL 1790329274.467 1496.2 2.4
TL 1790329274.566 174.1 2.4
TL 1790329274.670 4138.2 1.9
TL 1790329274.766 133.2 2.0
TL 1790329274.866 172.8 2.1
TL 1790329274.966 144.9 2.1
TL 1790329275.066 156.6 2.4
TL 1790329275.166 126.1 2.6
TL 1790329275.267 742.6 2.6
TL 1790329275.367 695.4 3.5
TL 1790329275.467 262.9 2.7
TL 1790329275.567 329.9 4.1
TL 1790329275.667 249.0 3.9
TL 1790329275.767 217.2 2.4
TL 1790329275.867 106.1 2.0
TL 1790329275.968 148.4 2.1
TL 1790329276.068 198.4 2.2
TL 1790329276.168 174.2 3.8
TL 1790329276.268 272.0 2.8
TL 1790329276.368 117.9 2.4
TL 1790329276.468 112.7 2.0
TL 1790329276.569 182.2 3.2
TL 1790329276.669 142.4 2.2
TL 1790329276.769 157.6 2.3
TL 1790329276.873 4138.2 2.3
TL 1790329276.969 402.5 2.5
TL 1790329277.069 151.1 2.3
TL 1790329277.169 162.9 2.6
TL 1790329277.270 213.2 2.0
TL 1790329277.370 168.7 2.2
TL 1790329277.470 143.0 2.0
TL 1790329277.574 4791.6 2.5
TL 1790329277.670 534.1 4.2
TL 1790329277.770 302.6 3.1
TL 1790329277.870 234.5 3.0
TL 1790329277.970 128.4 1.9
TL 1790329278.070 126.5 2.3
TL 1790329278.171 115.7 3.1
TL 1790329278.271 589.1 3.1
TL 1790329278.371 491.9 3.0
TL 1790329278.471 118.8 2.3
TL 1790329278.571 193.3 3.4
TL 1790329278.671 168.3 2.2
TL 1790329278.772 359.9 2.5
TL 1790329278.872 1070.9 2.4
TL 1790329278.972 87.2 2.6
TL 1790329279.072 267.5 3.8
TL 1790329279.172 182.7 2.1
TL 1790329279.272 76.0 2.4
TL 1790329279.372 217.7 3.7
TL 1790329279.473 257.0 3.4
TL 1790329279.573 179.1 1.8
TL 1790329279.673 214.9 3.0
TL 1790329279.773 88.1 1.8
TL 1790329279.873 160.5 2.3
TL 1790329279.973 121.6 2.7
TL 1790329280.073 306.7 2.3
TL 1790329280.173 295.3 3.4
TL 1790329280.274 267.8 2.3
TL 1790329280.374 191.4 2.5
TL 1790329280.474 172.0 2.0
TL 1790329280.574 111.8 1.7
TL 1790329280.675 978.3 1.9
TL 1790329280.774 205.9 2.0
TL 1790329280.874 145.9 1.8
TL 1790329280.975 351.4 3.9
TL 1790329281.075 333.5 3.4
TL 1790329281.175 214.2 2.0
TL 1790329281.276 473.4 2.4
TL 1790329281.375 94.0 3.6
TL 1790329281.476 409.6 3.2
TL 1790329281.578 1850.6 2.1
TL 1790329281.676 181.5 2.6
TL 1790329281.776 121.2 2.5
TL 1790329281.876 201.7 2.3
TL 1790329281.976 98.0 1.9
TL 1790329282.077 197.1 2.7
TL 1790329282.177 232.9 2.6
TL 1790329282.277 104.2 1.3
TL 1790329282.377 215.5 2.1
TL 1790329282.480 2622.9 2.4
TL 1790329282.577 206.9 2.2
TL 1790329282.678 104.2 2.1
TL 1790329282.778 434.3 3.7
TL 1790329282.878 114.9 3.1
TL 1790329282.978 314.5 3.5
TL 1790329283.078 170.3 1.9
TL 1790329283.178 160.0 2.2
TL 1790329283.278 258.6 2.1
TL 1790329283.378 159.4 2.4
TL 1790329283.479 233.7 3.2
TL 1790329283.579 90.0 2.7
TL 1790329283.679 778.9 2.9
TL 1790329283.779 93.2 2.1
TL 1790329283.879 101.2 2.5
TL 1790329283.979 83.3 2.7
TL 1790329284.079 117.1 1.9
TL 1790329284.179 126.1 2.2
TL 1790329284.279 148.2 2.0
TL 1790329284.380 445.6 3.4
TL 1790329284.480 229.8 2.8
TL 1790329284.580 401.2 3.5
TL 1790329284.681 454.1 3.3
TL 1790329284.780 124.1 2.0
TL 1790329284.880 126.9 2.3
TL 1790329284.981 278.3 3.7
TL 1790329285.081 152.7 2.7
TL 1790329285.182 300.8 3.7
TL 1790329285.282 341.0 4.0
TL 1790329285.382 354.7 3.6
TL 1790329285.482 174.5 2.2
TL 1790329285.582 217.7 2.1
TL 1790329285.683 213.1 3.0
TL 1790329285.783 315.6 2.3
TL 1790329285.883 724.1 3.9
TL 1790329285.983 479.5 2.7
TL 1790329286.083 86.9 2.3
TL 1790329286.183 117.5 1.8
TL 1790329286.283 98.8 3.2
TL 1790329286.383 98.9 2.4
TL 1790329286.484 553.4 1.9
TL 1790329286.584 191.7 3.0
TL 1790329286.684 231.8 2.1
TL 1790329286.784 190.5 2.2
TL 1790329286.884 214.9 2.0
TL 1790329286.984 173.6 3.3
TL 1790329287.085 361.4 2.0
TL 1790329287.185 194.1 1.7
TL 1790329287.285 370.3 2.7
TL 1790329287.385 122.9 2.3
TL 1790329287.485 189.2 2.6
TL 1790329287.585 181.1 2.0
TL 1790329287.686 325.4 2.9
TL 1790329287.786 199.6 2.1
TL 1790329287.886 165.2 2.4
TL 1790329287.986 168.4 2.2
TL 1790329288.087 781.6 2.9
TL 1790329288.186 378.2 4.5
TL 1790329288.288 345.4 4.2
TL 1790329288.388 98.7 2.4
TL 1790329288.488 164.2 2.2
TL 1790329288.588 204.2 1.9
TL 1790329288.689 821.0 2.6
TL 1790329288.789 893.5 2.8
TL 1790329288.889 142.6 17.2
TL 1790329288.989 180.5 2.3
TL 1790329289.090 998.4 3.6
TL 1790329289.189 138.5 2.0
TL 1790329289.289 297.9 2.7
TL 1790329289.389 289.5 3.1
TL 1790329289.489 150.3 2.2
TL 1790329289.589 101.1 1.9
TL 1790329289.690 422.7 2.0
TL 1790329289.790 447.3 1.8
TL 1790329289.890 188.2 2.7
TL 1790329289.990 188.5 3.3
TL 1790329290.091 484.2 5.1
TL 1790329290.191 465.2 4.1
TL 1790329290.291 303.6 2.8
TL 1790329290.391 181.6 2.1
TL 1790329290.491 160.4 1.8
TL 1790329290.591 72.5 2.4
TL 1790329290.692 793.3 1.9
TL 1790329290.792 361.6 4.4
TL 1790329290.892 280.3 1.8
TL 1790329290.992 98.9 2.3
TL 1790329291.092 464.9 2.3
TL 1790329291.192 231.8 2.9
TL 1790329291.292 131.4 2.1
TL 1790329291.393 1334.5 3.1
TL 1790329291.493 289.8 2.8
TL 1790329291.592 124.6 1.8
TL 1790329291.693 164.6 1.9
TL 1790329291.793 122.2 2.5
TL 1790329291.893 269.4 2.3
TL 1790329291.993 159.7 2.0
TL 1790329292.093 162.9 1.9
TL 1790329292.194 705.4 2.1
TL 1790329292.293 225.1 1.9
TL 1790329292.394 150.7 1.8
TL 1790329292.495 1353.4 3.0
TL 1790329292.594 180.1 2.0
TL 1790329292.695 373.5 2.2
TL 1790329292.795 338.8 3.1
TL 1790329292.907 1408.4 1.6
TL 1790329293.006 232.9 2.3
TL 1790329293.107 673.5 2.4
TL 1790329293.207 372.6 3.1
TL 1790329293.309 1368.3 2.7
TL 1790329293.408 724.6 1.9
TL 1790329293.508 152.7 2.3
TL 1790329293.608 299.5 1.9
TL 1790329293.708 238.1 2.1
TL 1790329293.808 84.0 4.1
TL 1790329293.909 86.1 1.7
TL 1790329294.009 355.7 2.2
TL 1790329294.109 298.7 2.8
TL 1790329294.209 82.2 2.1
TL 1790329294.309 201.4 2.1
TL 1790329294.409 273.0 3.2
TL 1790329294.510 375.5 1.8
TL 1790329294.610 193.6 2.3
TL 1790329294.710 148.7 1.9
TL 1790329294.810 80.4 1.8
TL 1790329294.910 358.3 2.1
TL 1790329295.010 160.1 1.8
TL 1790329295.110 439.3 3.7
TL 1790329295.210 208.2 2.3
TL 1790329295.310 197.8 2.0
TL 1790329295.411 123.9 2.1
TL 1790329295.511 150.5 1.8
TL 1790329295.611 107.9 2.3
TL 1790329295.714 2976.6 2.0
TL 1790329295.811 352.9 3.3
TL 1790329295.912 870.1 2.0
TL 1790329296.012 264.1 2.0
TL 1790329296.112 110.7 1.8
TL 1790329296.212 118.4 2.3
TL 1790329296.312 137.2 1.8
TL 1790329296.412 171.7 2.5
TL 1790329296.517 4763.1 1.8
TL 1790329296.612 363.3 3.6
TL 1790329296.712 225.3 2.1
TL 1790329296.813 305.3 3.4
TL 1790329296.913 177.2 2.2
TL 1790329297.013 265.0 2.5
TL 1790329297.113 127.1 2.1
TL 1790329297.217 3790.7 2.1
TL 1790329297.314 606.9 4.0
TL 1790329297.413 223.3 2.6
TL 1790329297.513 174.2 2.0
TL 1790329297.614 144.4 2.2
TL 1790329297.714 151.9 2.2
TL 1790329297.814 114.1 2.5
TL 1790329297.917 3240.6 2.3
TL 1790329298.015 294.7 2.5
TL 1790329298.115 310.8 3.0
TL 1790329298.215 186.8 2.1
TL 1790329298.315 172.7 2.2
TL 1790329298.415 148.7 2.2
TL 1790329298.516 159.8 2.0
TL 1790329298.617 1168.4 2.2
TL 1790329298.716 360.9 2.6
TL 1790329298.816 146.0 3.5
TL 1790329298.917 368.6 2.9
TL 1790329299.017 473.6 3.4
TL 1790329299.117 179.4 3.4
TL 1790329299.217 120.7 2.1
TL 1790329299.317 122.4 1.8
TL 1790329299.418 649.5 2.0
TL 1790329299.518 289.0 3.7
TL 1790329299.618 206.2 3.1
TL 1790329299.718 288.6 3.5
TL 1790329299.818 166.2 2.1
TL 1790329299.918 169.4 2.0
TL 1790329300.018 152.1 2.9
TL 1790329300.120 541.6 2.4
TL 1790329300.220 526.0 2.8
TL 1790329300.320 510.5 3.3
TL 1790329300.420 352.8 3.5
TL 1790329300.520 137.2 2.0
TL 1790329300.620 166.9 2.3
TL 1790329300.720 104.2 1.9
TL 1790329300.821 203.0 2.4
TL 1790329300.921 309.7 2.7
TL 1790329301.021 104.9 4.0
TL 1790329301.121 84.5 2.5
TL 1790329301.222 501.6 1.5
TL 1790329301.321 139.3 2.7
TL 1790329301.422 229.2 2.4
TL 1790329301.522 645.5 2.6
TL 1790329301.622 170.2 2.2
TL 1790329301.722 363.9 2.7
TL 1790329301.823 417.0 5.5
TL 1790329301.923 87.8 1.6
TL 1790329302.023 161.9 2.5
TL 1790329302.123 113.9 2.1
TL 1790329302.223 281.9 2.3
TL 1790329302.324 362.6 2.6
TL 1790329302.424 187.7 1.9
TL 1790329302.524 269.1 3.5
TL 1790329302.624 181.5 2.2
TL 1790329302.724 163.1 1.3
TL 1790329302.825 399.1 4.8
TL 1790329302.925 422.8 3.9
TL 1790329303.025 260.2 3.7
TL 1790329303.125 198.5 2.6
TL 1790329303.225 119.3 1.1
TL 1790329303.325 226.5 2.3
TL 1790329303.426 439.4 1.7
TL 1790329303.526 681.3 3.0
TL 1790329303.626 79.2 2.8
TL 1790329303.727 780.9 1.5
TL 1790329303.826 95.9 2.5
TL 1790329303.926 241.4 2.0
TL 1790329304.026 269.9 4.9
TL 1790329304.127 295.5 4.0
TL 1790329304.226 88.8 0.8
TL 1790329304.327 280.9 2.6
TL 1790329304.427 147.7 1.9
TL 1790329304.528 342.3 2.8
TL 1790329304.628 179.1 2.1
TL 1790329304.728 216.6 1.6
TL 1790329304.828 154.0 2.2
TL 1790329304.928 180.4 2.4
TL 1790329305.028 138.7 1.9
TL 1790329305.129 390.4 3.1
TL 1790329305.229 270.3 2.3
TL 1790329305.329 156.7 2.1
TL 1790329305.429 225.6 3.6
TL 1790329305.529 211.9 2.7
TL 1790329305.629 289.1 2.5
TL 1790329305.730 877.8 1.4
TL 1790329305.830 550.2 1.8
TL 1790329305.930 259.9 93.5
TL 1790329306.030 80.5 3.2
TL 1790329306.131 574.3 3.2
TL 1790329306.231 234.6 2.1
TL 1790329306.331 213.7 1.8
TL 1790329306.431 155.6 3.9
TL 1790329306.531 458.2 2.0
TL 1790329306.634 3201.8 2.7
TL 1790329306.732 337.6 2.5
TL 1790329306.832 325.5 2.7
TL 1790329306.932 192.3 2.3
TL 1790329307.032 196.4 2.2
TL 1790329307.132 98.1 2.3
TL 1790329307.232 186.6 2.2
TL 1790329307.333 219.1 2.2
TL 1790329307.433 91.7 2.9
TL 1790329307.533 180.9 2.3
TL 1790329307.633 187.6 2.2
TL 1790329307.733 168.2 1.1
TL 1790329307.834 178.2 2.2
TL 1790329307.934 220.2 2.1
TL 1790329308.034 233.6 2.3
TL 1790329308.134 159.2 2.0
TL 1790329308.234 183.1 1.5
TL 1790329308.334 132.3 3.1
TL 1790329308.434 92.7 2.4
TL 1790329308.535 174.7 2.2
TL 1790329308.635 309.6 2.5
TL 1790329308.735 662.9 1.7
TL 1790329308.835 185.1 2.4
TL 1790329308.935 126.3 2.2
TL 1790329309.035 176.9 2.8
TL 1790329309.135 140.9 2.2
TL 1790329309.236 322.3 0.8
TL 1790329309.336 308.1 2.2
TL 1790329309.436 276.1 3.0
TL 1790329309.536 238.4 1.7
TL 1790329309.636 169.6 1.9
TL 1790329309.736 130.2 1.2
TL 1790329309.837 157.1 2.8
TL 1790329309.937 82.5 2.6
TL 1790329310.037 177.7 3.3
TL 1790329310.137 269.7 2.1
TL 1790329310.237 197.4 1.6
TL 1790329310.337 247.3 3.2
TL 1790329310.438 237.7 2.3
TL 1790329310.538 140.8 1.9
TL 1790329310.638 232.7 1.5
TL 1790329310.738 280.8 2.1
TL 1790329310.838 106.0 4.1
TL 1790329310.941 2506.4 3.4
TL 1790329311.039 379.5 2.3
TL 1790329311.138 155.3 3.2
TL 1790329311.239 188.4 1.0
TL 1790329311.339 198.9 3.0
TL 1790329311.439 156.9 2.3
TL 1790329311.539 93.3 4.7
TL 1790329311.643 4273.5 2.0
TL 1790329311.739 169.6 0.8
TL 1790329311.840 1217.6 3.4
TL 1790329311.939 197.6 2.4
TL 1790329312.040 147.0 4.2
TL 1790329312.140 212.5 2.2
TL 1790329312.240 123.5 0.9
TL 1790329312.340 142.9 2.1
TL 1790329312.444 3898.8 2.3
TL 1790329312.540 360.6 3.4
TL 1790329312.641 435.0 2.8
TL 1790329312.741 136.9 1.3
TL 1790329312.841 181.6 2.8
TL 1790329312.941 133.2 2.6
TL 1790329313.041 172.2 2.0
TL 1790329313.141 221.7 2.5
TL 1790329313.241 263.0 2.4
TL 1790329313.341 77.6 2.2
TL 1790329313.441 120.9 1.8
TL 1790329313.542 179.1 2.0
TL 1790329313.642 207.3 2.7
TL 1790329313.742 252.2 2.3
TL 1790329313.842 209.5 2.3
TL 1790329313.942 546.4 1.8
TL 1790329314.042 169.1 2.5
TL 1790329314.143 122.0 1.9
TL 1790329314.243 132.5 1.1
TL 1790329314.343 285.5 3.4
TL 1790329314.443 214.7 2.7
TL 1790329314.543 164.0 1.9
TL 1790329314.644 661.2 3.6
TL 1790329314.744 270.8 0.9
TL 1790329314.844 324.6 2.0
TL 1790329314.944 132.0 1.9
TL 1790329315.044 140.8 1.3
TL 1790329315.144 224.1 3.2
TL 1790329315.244 180.3 2.0
TL 1790329315.344 121.4 2.0
TL 1790329315.445 163.2 2.0
TL 1790329315.545 312.7 2.3
TL 1790329315.645 144.8 2.7
TL 1790329315.745 286.7 2.3
TL 1790329315.845 153.4 2.9
TL 1790329315.945 364.7 1.7
TL 1790329316.045 202.2 2.4
TL 1790329316.145 168.5 2.4
TL 1790329316.246 226.2 2.7
TL 1790329316.346 98.1 2.2
TL 1790329316.446 113.9 2.4
TL 1790329316.546 178.0 1.8
TL 1790329316.646 205.1 2.3
TL 1790329316.747 578.1 1.4
TL 1790329316.847 244.9 2.8
TL 1790329316.947 144.3 2.0
TL 1790329317.047 173.5 2.4
TL 1790329317.147 184.3 2.6
TL 1790329317.248 856.9 1.1
TL 1790329317.347 156.6 3.2
TL 1790329317.448 194.0 2.3
TL 1790329317.548 227.8 2.0
TL 1790329317.648 208.5 3.5
TL 1790329317.748 171.2 2.2
TL 1790329317.848 146.9 2.1
TL 1790329317.953 4619.5 2.4
TL 1790329318.049 96.4 3.6
TL 1790329318.149 194.1 2.2
TL 1790329318.249 157.9 1.9
TL 1790329318.350 373.8 1.9
TL 1790329318.450 254.0 2.2
TL 1790329318.550 225.6 2.3
TL 1790329318.650 93.8 2.8
TL 1790329318.750 219.3 3.5
TL 1790329318.850 328.6 3.4
TL 1790329318.952 681.4 3.5
TL 1790329319.051 188.5 2.8
TL 1790329319.152 211.5 2.2
TL 1790329319.252 98.7 4.2
TL 1790329319.352 146.9 2.1
TL 1790329319.452 347.2 6.9
TL 1790329319.553 388.4 3.8
TL 1790329319.653 143.0 2.3
TL 1790329319.753 187.5 2.8
TL 1790329319.853 125.7 3.3
TL 1790329319.953 110.5 2.4
TL 1790329320.053 173.4 2.3
TL 1790329320.153 144.6 3.5
TL 1790329320.254 364.4 3.4
TL 1790329320.354 168.4 3.0
TL 1790329320.454 105.4 2.3
TL 1790329320.554 149.7 2.9
TL 1790329320.654 75.1 3.5
TL 1790329320.755 160.9 2.2
TL 1790329320.855 308.1 2.7
TL 1790329320.955 222.8 4.0
TL 1790329321.055 185.9 2.4
TL 1790329321.155 206.4 2.1
TL 1790329321.256 247.8 3.1
TL 1790329321.356 276.9 3.9
TL 1790329321.456 180.9 2.3
TL 1790329321.556 198.5 2.3
TL 1790329321.656 152.2 2.7
TL 1790329321.757 206.5 2.7
TL 1790329321.858 1045.6 2.7
TL 1790329321.957 232.7 3.1
TL 1790329322.058 399.2 2.3
TL 1790329322.158 148.2 2.3
TL 1790329322.258 289.8 2.3
TL 1790329322.358 234.3 3.5
TL 1790329322.458 90.8 1.7
TL 1790329322.558 272.0 3.0
TL 1790329322.659 318.2 3.5
TL 1790329322.759 360.8 2.8
TL 1790329322.859 89.8 4.6
TL 1790329322.959 136.9 3.5
TL 1790329323.059 186.3 2.7
TL 1790329323.159 128.1 2.3
TL 1790329323.259 362.6 3.6
TL 1790329323.360 414.3 5.2
TL 1790329323.460 288.4 2.3
TL 1790329323.560 135.0 2.2
TL 1790329323.660 340.6 2.9
TL 1790329323.761 468.4 3.3
TL 1790329323.861 479.6 3.6
TL 1790329323.961 339.5 3.0
TL 1790329324.061 315.5 2.5
TL 1790329324.161 155.4 3.0
TL 1790329324.262 402.7 3.0
TL 1790329324.362 435.9 3.1
TL 1790329324.462 324.0 4.2
TL 1790329324.562 197.6 1.7
TL 1790329324.662 221.6 3.9
TL 1790329324.762 275.5 3.7
TL 1790329324.863 316.1 1.9
TL 1790329324.963 176.1 1.8
TL 1790329325.063 572.7 2.4
TL 1790329325.163 136.6 1.6
TL 1790329325.263 117.2 2.2
TL 1790329325.363 120.4 2.8
TL 1790329325.463 92.0 3.2
TL 1790329325.564 771.2 3.1
TL 1790329325.664 296.8 3.1
TL 1790329325.765 650.7 1.4
TL 1790329325.864 263.2 4.1
TL 1790329325.965 218.4 2.4
TL 1790329326.065 316.1 2.4
TL 1790329326.165 121.8 1.7
TL 1790329326.265 204.4 1.8
TL 1790329326.365 362.8 3.1
TL 1790329326.466 376.0 2.8
TL 1790329326.565 148.6 1.7
TL 1790329326.666 310.6 4.0
TL 1790329326.766 109.6 1.9
TL 1790329326.866 304.5 3.6
TL 1790329326.966 389.9 2.8
TL 1790329327.066 271.9 2.3
TL 1790329327.167 397.0 2.9
TL 1790329327.266 129.2 0.6
TL 1790329327.367 328.8 4.6
TL 1790329327.467 270.9 2.2
TL 1790329327.567 222.2 2.0
TL 1790329327.667 396.8 2.6
TL 1790329327.768 418.3 0.8
TL 1790329327.867 99.9 1.7
TL 1790329327.968 588.2 1.8
TL 1790329328.068 219.5 2.4
TL 1790329328.168 517.3 2.9
TL 1790329328.268 236.9 1.3
TL 1790329328.368 198.0 2.7
TL 1790329328.469 148.5 2.7
TL 1790329328.569 369.7 2.8
TL 1790329328.669 202.8 3.4
TL 1790329328.769 194.9 1.9
TL 1790329328.869 105.4 1.4
TL 1790329328.970 223.3 2.9
TL 1790329329.070 196.3 2.2
TL 1790329329.170 290.1 2.9
TL 1790329329.270 217.1 1.5
TL 1790329329.371 741.9 4.4
TL 1790329329.471 254.0 2.9
TL 1790329329.571 236.6 2.9
TL 1790329329.671 421.0 4.2
TL 1790329329.772 299.7 2.1
TL 1790329329.872 420.0 3.4
TL 1790329329.973 1138.6 2.4
TL 1790329330.073 1352.3 1.7
TL 1790329330.172 135.1 2.7
TL 1790329330.272 139.3 0.8
TL 1790329330.372 307.1 3.6
TL 1790329330.472 239.9 3.6
TL 1790329330.573 285.6 2.9
TL 1790329330.673 244.2 2.1
TL 1790329330.773 117.4 0.8
TL 1790329330.873 345.6 3.0
TL 1790329330.973 362.6 2.6
TL 1790329331.073 125.7 1.8
TL 1790329331.174 296.3 3.7
TL 1790329331.274 208.1 1.8
TL 1790329331.374 234.4 2.1
TL 1790329331.474 140.7 1.7
TL 1790329331.574 290.9 2.7
TL 1790329331.674 245.3 3.2
TL 1790329331.774 209.4 1.4
TL 1790329331.875 339.8 3.9
TL 1790329331.975 283.3 2.0
TL 1790329332.075 114.3 1.8
TL 1790329332.175 304.8 3.4
TL 1790329332.276 242.9 1.2
TL 1790329332.376 301.2 2.9
TL 1790329332.476 89.5 1.4
TL 1790329332.576 99.9 3.0
TL 1790329332.676 208.1 3.4
TL 1790329332.776 167.4 0.7
TL 1790329332.876 169.9 2.3
TL 1790329332.977 440.3 2.1
TL 1790329333.077 282.7 3.2
TL 1790329333.177 159.9 2.9
TL 1790329333.277 151.5 1.2
TL 1790329333.378 804.1 2.0
TL 1790329333.477 113.0 3.2
TL 1790329333.577 241.5 2.9
TL 1790329333.677 121.4 3.5
TL 1790329333.778 196.6 1.6
TL 1790329333.878 635.7 1.9
TL 1790329333.978 164.8 1.5
TL 1790329334.078 267.5 3.2
TL 1790329334.178 216.1 3.6
TL 1790329334.278 169.2 1.7
TL 1790329334.378 126.6 3.2
TL 1790329334.479 184.0 3.5
TL 1790329334.579 161.6 1.9
TL 1790329334.679 531.1 3.9
TL 1790329334.779 160.7 2.0
TL 1790329334.880 293.4 3.2
TL 1790329334.980 209.8 2.5
TL 1790329335.080 112.6 3.0
TL 1790329335.181 1493.0 2.7
TL 1790329335.280 179.3 1.6
TL 1790329335.380 66.5 3.0
TL 1790329335.481 852.7 2.0
TL 1790329335.581 97.2 4.1
TL 1790329335.681 228.7 3.3
TL 1790329335.783 1836.9 1.8
TL 1790329335.881 176.9 3.0
TL 1790329335.981 100.2 2.9
TL 1790329336.081 132.6 3.0
TL 1790329336.182 107.8 3.2
TL 1790329336.282 303.4 1.1
TL 1790329336.382 115.5 1.9
TL 1790329336.482 93.2 2.5
TL 1790329336.582 134.4 2.1
TL 1790329336.682 175.4 2.3
TL 1790329336.783 461.8 1.8
TL 1790329336.883 218.8 2.3
TL 1790329336.983 188.9 3.5
TL 1790329337.083 179.2 2.9
TL 1790329337.183 125.2 3.2
TL 1790329337.283 115.0 0.7
TL 1790329337.384 169.5 3.0
TL 1790329337.484 576.1 2.9
TL 1790329337.584 79.1 3.6
TL 1790329337.684 187.4 3.8
TL 1790329337.784 139.0 1.4
TL 1790329337.885 414.9 3.4
TL 1790329337.985 73.1 3.9
TL 1790329338.085 102.4 2.2
TL 1790329338.185 81.0 3.2
TL 1790329338.285 90.5 0.7
TL 1790329338.385 138.3 3.9
TL 1790329338.485 74.6 3.1
TL 1790329338.586 120.1 3.8
TL 1790329338.686 138.3 2.2
TL 1790329338.786 164.0 2.3
TL 1790329338.886 92.2 3.3
TL 1790329338.986 247.3 2.2
TL 1790329339.086 105.6 1.9
TL 1790329339.187 212.3 2.1
TL 1790329339.287 131.0 1.8
TL 1790329339.387 120.4 3.1
TL 1790329339.487 515.8 2.0
TL 1790329339.588 347.6 4.2
TL 1790329339.688 159.5 2.1
TL 1790329339.791 3160.1 2.4
TL 1790329339.888 191.5 2.7
TL 1790329339.988 76.1 3.1
TL 1790329340.088 90.5 2.6
TL 1790329340.188 114.1 2.2
TL 1790329340.289 309.4 1.2
TL 1790329340.389 286.5 3.1
TL 1790329340.489 87.5 3.0
TL 1790329340.589 147.8 3.2
TL 1790329340.689 112.1 3.7
TL 1790329340.790 102.7 0.7
TL 1790329340.890 217.0 3.3
TL 1790329340.990 123.9 2.0
TL 1790329341.090 110.1 1.9
TL 1790329341.190 301.4 5.5
TL 1790329341.291 499.4 2.8
TL 1790329341.391 344.3 6.3
TL 1790329341.491 109.8 2.5
TL 1790329341.592 366.7 4.1
TL 1790329341.692 406.1 2.0
TL 1790329341.792 222.3 1.5
TL 1790329341.892 271.9 4.2
TL 1790329341.992 95.7 2.2
TL 1790329342.092 214.4 3.7
TL 1790329342.192 133.0 3.0
TL 1790329342.293 412.1 1.4
TL 1790329342.393 173.6 2.8
TL 1790329342.493 514.7 3.2
TL 1790329342.593 364.1 3.6
TL 1790329342.693 410.9 2.7
TL 1790329342.794 412.2 1.8
