TL 1790360626.940 57.0 0.6
TL 1790360627.041 84.3 2.2
TL 1790360627.141 61.3 1.4
TL 1790360627.241 258.6 3.2
TL 1790360627.341 277.1 4.0
TL 1790360627.442 523.9 1.6
TL 1790360627.541 86.8 1.3
TL 1790360627.642 235.2 3.5
TL 1790360627.742 144.0 2.2
TL 1790360627.842 69.9 2.2
TL 1790360627.942 247.5 1.3
TL 1790360628.042 263.8 2.9
TL 1790360628.142 239.7 4.4
TL 1790360628.242 106.2 2.8
TL 1790360628.343 388.6 3.4
TL 1790360628.443 302.6 3.0
TL 1790360628.543 287.0 3.9
TL 1790360628.643 106.0 1.8
TL 1790360628.744 340.8 4.0
TL 1790360628.844 136.5 1.4
TL 1790360628.944 61.4 0.5
TL 1790360629.044 675.6 2.4
TL 1790360629.144 302.3 3.4
TL 1790360629.245 573.3 3.5
TL 1790360629.345 282.3 2.6
TL 1790360629.445 439.3 2.7
TL 1790360629.545 231.0 3.7
TL 1790360629.645 66.6 1.7
TL 1790360629.746 165.3 2.0
TL 1790360629.846 96.0 1.5
TL 1790360629.946 89.1 0.7
TL 1790360630.046 227.8 2.2
TL 1790360630.146 168.8 2.4
TL 1790360630.246 330.7 3.6
TL 1790360630.347 397.0 5.4
TL 1790360630.446 123.8 0.9
TL 1790360630.546 142.1 3.0
TL 1790360630.647 331.2 4.4
TL 1790360630.747 282.9 4.7
TL 1790360630.847 242.3 2.9
TL 1790360630.947 110.2 0.7
TL 1790360631.048 264.6 4.0
TL 1790360631.148 237.6 3.1
TL 1790360631.248 330.9 4.7
TL 1790360631.348 398.1 3.1
TL 1790360631.448 222.5 1.8
TL 1790360631.548 219.4 3.4
TL 1790360631.649 267.8 5.4
TL 1790360631.749 108.5 1.6
TL 1790360631.849 203.8 4.7
TL 1790360631.949 106.0 1.0
TL 1790360632.049 71.0 0.9
TL 1790360632.149 270.9 4.0
TL 1790360632.250 300.8 3.6
TL 1790360632.350 255.6 3.7
TL 1790360632.450 159.7 0.7
TL 1790360632.550 134.8 2.4
TL 1790360632.650 330.4 4.3
TL 1790360632.750 318.8 4.1
TL 1790360632.850 59.7 2.8
TL 1790360632.950 60.8 1.7
TL 1790360633.050 105.8 1.7
TL 1790360633.150 125.8 3.3
TL 1790360633.251 58.4 3.0
TL 1790360633.351 61.2 2.9
TL 1790360633.451 117.3 1.7
TL 1790360633.551 183.9 2.2
TL 1790360633.651 144.1 1.9
TL 1790360633.751 103.7 4.0
TL 1790360633.852 253.4 1.9
TL 1790360633.952 87.8 1.1
TL 1790360634.052 77.7 1.7
TL 1790360634.152 115.3 1.9
TL 1790360634.252 229.1 2.0
TL 1790360634.352 266.6 2.0
TL 1790360634.452 138.8 1.7
TL 1790360634.552 117.1 2.2
TL 1790360634.652 65.9 1.8
TL 1790360634.752 95.3 2.7
TL 1790360634.853 212.8 1.6
TL 1790360634.953 79.0 1.4
TL 1790360635.053 64.9 1.1
TL 1790360635.153 61.7 1.7
TL 1790360635.253 155.9 2.0
TL 1790360635.353 106.8 2.3
TL 1790360635.453 74.2 1.3
TL 1790360635.554 482.9 1.8
TL 1790360635.653 72.3 1.7
TL 1790360635.753 60.1 3.0
TL 1790360635.854 128.1 2.4
TL 1790360635.954 366.1 0.7
TL 1790360636.054 761.3 1.7
TL 1790360636.154 94.3 1.8
TL 1790360636.254 74.8 2.8
TL 1790360636.354 75.7 2.8
TL 1790360636.454 130.5 2.3
TL 1790360636.554 82.4 1.9
TL 1790360636.655 420.7 2.7
TL 1790360636.755 72.8 2.9
TL 1790360636.856 964.5 3.0
TL 1790360636.955 190.8 1.7
TL 1790360637.056 248.4 1.7
TL 1790360637.156 94.2 3.0
TL 1790360637.256 389.1 2.1
TL 1790360637.356 45.4 2.4
TL 1790360637.456 181.0 1.0
TL 1790360637.559 3093.5 2.1
TL 1790360637.656 84.0 2.0
TL 1790360637.757 162.1 2.1
TL 1790360637.857 423.5 3.6
TL 1790360637.957 55.6 0.8
TL 1790360638.057 256.7 3.0
TL 1790360638.157 213.0 2.8
TL 1790360638.259 396.8 4.1
TL 1790360638.359 184.2 2.2
TL 1790360638.459 150.5 0.8
TL 1790360638.559 121.8 1.7
TL 1790360638.659 71.2 1.5
TL 1790360638.759 391.5 4.2
TL 1790360638.859 169.0 2.0
TL 1790360638.959 106.7 0.8
TL 1790360639.060 315.5 1.7
TL 1790360639.160 110.4 3.0
TL 1790360639.260 236.9 3.4
TL 1790360639.360 125.8 2.6
TL 1790360639.460 98.8 0.8
TL 1790360639.560 257.0 2.4
TL 1790360639.661 268.0 2.9
TL 1790360639.761 300.4 4.6
TL 1790360639.861 301.4 3.6
TL 1790360639.961 296.5 1.9
TL 1790360640.061 215.4 2.2
TL 1790360640.161 148.5 2.1
TL 1790360640.261 115.1 2.7
TL 1790360640.361 82.2 1.9
TL 1790360640.462 155.8 2.0
TL 1790360640.562 463.4 2.5
TL 1790360640.662 237.8 2.6
TL 1790360640.762 207.7 1.8
TL 1790360640.862 242.3 3.7
TL 1790360640.962 102.3 0.6
TL 1790360641.063 159.1 1.4
TL 1790360641.163 259.4 2.8
TL 1790360641.263 337.7 3.1
TL 1790360641.363 167.6 1.9
TL 1790360641.463 80.9 0.7
TL 1790360641.564 437.6 3.4
TL 1790360641.664 335.3 2.6
TL 1790360641.764 309.3 3.2
TL 1790360641.864 192.7 4.3
TL 1790360641.964 342.6 2.5
TL 1790360642.064 296.3 2.6
TL 1790360642.165 494.4 3.2
TL 1790360642.265 88.4 1.2
TL 1790360642.365 105.5 3.3
TL 1790360642.465 110.9 1.3
TL 1790360642.565 64.2 1.6
TL 1790360642.665 264.1 5.3
TL 1790360642.766 313.0 3.7
TL 1790360642.866 87.3 1.8
TL 1790360642.966 357.9 2.6
TL 1790360643.066 260.9 3.4
TL 1790360643.167 391.8 3.9
TL 1790360643.267 245.6 1.7
TL 1790360643.367 230.9 2.9
TL 1790360643.467 204.6 2.2
TL 1790360643.567 173.4 1.1
TL 1790360643.668 185.6 2.6
TL 1790360643.768 503.3 3.6
TL 1790360643.868 180.0 2.1
TL 1790360643.968 214.8 2.2
TL 1790360644.069 341.1 2.9
TL 1790360644.169 366.4 4.2
TL 1790360644.269 141.8 2.6
TL 1790360644.369 384.2 5.5
TL 1790360644.470 297.0 2.7
TL 1790360644.570 152.9 1.9
TL 1790360644.670 320.1 2.1
TL 1790360644.770 99.6 2.9
TL 1790360644.871 363.2 5.5
TL 1790360644.970 101.1 0.8
TL 1790360645.071 326.3 2.9
TL 1790360645.171 188.4 3.2
TL 1790360645.271 304.1 4.4
TL 1790360645.371 134.7 1.6
TL 1790360645.471 70.1 0.7
TL 1790360645.572 439.7 3.7
TL 1790360645.672 672.8 3.7
TL 1790360645.772 378.2 4.5
TL 1790360645.872 254.5 4.5
TL 1790360645.972 212.8 2.3
TL 1790360646.072 232.8 3.6
TL 1790360646.173 294.7 3.9
TL 1790360646.273 118.5 1.0
TL 1790360646.373 116.7 2.1
TL 1790360646.473 228.2 2.0
TL 1790360646.573 75.9 1.7
TL 1790360646.674 265.1 3.7
TL 1790360646.774 272.4 2.3
TL 1790360646.874 67.1 2.8
TL 1790360646.974 90.2 0.9
TL 1790360647.074 84.2 1.7
TL 1790360647.175 220.6 2.0
TL 1790360647.275 74.3 1.7
TL 1790360647.375 366.6 3.7
TL 1790360647.475 208.1 2.6
TL 1790360647.575 259.5 3.6
TL 1790360647.675 224.2 3.7
TL 1790360647.775 111.8 2.3
TL 1790360647.876 329.8 2.5
TL 1790360647.976 115.8 0.9
TL 1790360648.076 370.8 2.8
TL 1790360648.176 328.0 6.1
TL 1790360648.276 269.5 4.2
TL 1790360648.377 366.3 3.7
TL 1790360648.477 209.8 1.8
TL 1790360648.577 99.9 1.7
TL 1790360648.677 58.0 2.1
TL 1790360648.778 226.7 2.3
TL 1790360648.878 260.4 2.2
TL 1790360648.978 396.9 2.8
TL 1790360649.079 644.2 93.5
TL 1790360649.178 149.8 3.7
TL 1790360649.278 159.4 1.7
TL 1790360649.379 298.7 5.1
TL 1790360649.479 100.0 0.8
TL 1790360649.579 108.9 0.8
TL 1790360649.679 251.9 4.0
TL 1790360649.779 253.3 5.2
TL 1790360649.880 534.5 3.0
TL 1790360649.979 55.9 0.6
TL 1790360650.080 120.7 1.8
TL 1790360650.180 187.2 2.6
TL 1790360650.280 208.2 2.7
TL 1790360650.380 219.2 3.5
TL 1790360650.480 100.5 0.8
TL 1790360650.582 1518.2 3.6
TL 1790360650.681 103.6 2.6
TL 1790360650.781 163.1 1.9
TL 1790360650.881 268.5 2.8
TL 1790360650.982 214.1 1.7
TL 1790360651.082 333.9 4.6
TL 1790360651.182 251.8 4.9
TL 1790360651.282 399.0 5.3
TL 1790360651.382 64.8 1.4
TL 1790360651.482 84.6 1.0
TL 1790360651.582 163.2 2.5
TL 1790360651.683 419.1 4.6
TL 1790360651.783 291.4 3.3
TL 1790360651.883 191.6 3.7
TL 1790360651.983 356.3 2.8
TL 1790360652.084 297.4 3.6
TL 1790360652.184 347.5 3.7
TL 1790360652.284 123.3 0.9
TL 1790360652.384 389.1 3.0
TL 1790360652.484 324.2 2.2
TL 1790360652.585 332.3 3.8
TL 1790360652.685 386.3 4.0
TL 1790360652.785 91.1 1.8
TL 1790360652.885 105.4 0.9
TL 1790360652.985 112.0 0.5
TL 1790360653.085 192.2 2.1
TL 1790360653.185 281.2 3.1
TL 1790360653.285 239.6 2.8
TL 1790360653.386 302.4 3.6
TL 1790360653.486 250.1 2.8
TL 1790360653.586 309.7 4.9
TL 1790360653.686 71.3 1.6
TL 1790360653.786 106.4 2.8
TL 1790360653.886 62.9 2.0
TL 1790360653.986 112.0 1.3
TL 1790360654.087 292.0 2.3
TL 1790360654.187 308.5 3.5
TL 1790360654.287 394.1 2.2
TL 1790360654.387 245.8 2.1
TL 1790360654.487 210.9 2.7
TL 1790360654.587 199.3 3.4
TL 1790360654.687 77.3 1.4
TL 1790360654.788 446.2 3.0
TL 1790360654.888 384.2 4.0
TL 1790360654.988 180.1 0.9
TL 1790360655.088 141.4 2.0
TL 1790360655.188 422.2 4.3
TL 1790360655.288 372.4 3.1
TL 1790360655.389 348.3 3.5
TL 1790360655.489 502.3 1.9
TL 1790360655.589 228.0 3.9
TL 1790360655.689 84.8 2.3
TL 1790360655.789 305.6 2.3
TL 1790360655.889 66.3 1.8
TL 1790360655.989 83.0 1.2
TL 1790360656.090 303.0 1.9
TL 1790360656.190 327.7 4.4
TL 1790360656.290 582.0 6.3
TL 1790360656.390 314.8 5.6
TL 1790360656.490 107.8 0.7
TL 1790360656.590 60.0 2.4
TL 1790360656.691 333.1 5.4
TL 1790360656.791 262.9 4.4
TL 1790360656.891 294.7 2.7
TL 1790360656.991 245.0 1.7
TL 1790360657.091 72.4 1.9
TL 1790360657.191 77.5 3.5
TL 1790360657.292 134.9 2.6
TL 1790360657.392 70.1 2.4
TL 1790360657.492 114.8 1.5
TL 1790360657.592 72.1 3.2
TL 1790360657.692 461.9 1.9
TL 1790360657.792 52.0 1.9
TL 1790360657.892 65.7 2.1
TL 1790360657.993 66.4 1.8
TL 1790360658.093 78.5 2.9
TL 1790360658.193 43.3 2.2
TL 1790360658.293 72.4 3.4
TL 1790360658.394 474.2 3.0
TL 1790360658.493 140.2 0.8
TL 1790360658.593 142.2 3.3
TL 1790360658.694 78.8 1.7
TL 1790360658.794 114.9 3.7
TL 1790360658.894 84.8 3.0
TL 1790360658.994 80.3 2.2
TL 1790360659.094 89.5 1.8
TL 1790360659.194 62.1 2.2
TL 1790360659.294 94.1 1.6
TL 1790360659.394 70.9 1.8
TL 1790360659.495 67.6 0.8
TL 1790360659.595 122.3 2.3
TL 1790360659.695 176.8 1.9
TL 1790360659.795 56.9 2.1
TL 1790360659.895 101.6 2.1
TL 1790360659.995 152.7 1.4
TL 1790360660.095 229.1 2.7
TL 1790360660.195 191.4 2.0
TL 1790360660.295 118.7 2.4
TL 1790360660.396 316.7 3.4
TL 1790360660.496 79.1 1.8
TL 1790360660.596 223.0 3.5
TL 1790360660.696 112.3 1.6
TL 1790360660.796 75.2 1.4
TL 1790360660.897 427.2 3.8
TL 1790360660.997 143.1 1.2
TL 1790360661.098 697.1 5.5
TL 1790360661.198 466.6 14.4
TL 1790360661.298 150.4 2.1
TL 1790360661.398 213.0 4.2
TL 1790360661.498 295.2 2.8
TL 1790360661.599 392.2 4.8
TL 1790360661.699 345.7 4.9
TL 1790360661.799 250.9 3.4
TL 1790360661.899 65.6 1.4
TL 1790360661.999 100.9 0.7
TL 1790360662.099 445.1 2.9
TL 1790360662.200 585.9 5.3
TL 1790360662.300 391.7 5.1
TL 1790360662.400 663.9 4.0
TL 1790360662.500 167.9 1.2
TL 1790360662.600 421.6 3.6
TL 1790360662.700 312.9 4.4
TL 1790360662.800 130.5 2.9
TL 1790360662.900 55.8 2.4
TL 1790360663.001 92.2 1.1
TL 1790360663.101 60.1 2.5
TL 1790360663.201 306.8 4.2
TL 1790360663.301 309.4 3.7
TL 1790360663.401 79.8 2.2
TL 1790360663.501 75.2 1.0
TL 1790360663.602 347.3 3.9
TL 1790360663.702 259.4 3.7
TL 1790360663.802 281.1 4.0
TL 1790360663.902 234.6 2.8
TL 1790360664.002 77.7 1.2
TL 1790360664.102 100.9 2.9
TL 1790360664.202 111.1 1.9
TL 1790360664.302 98.4 2.5
TL 1790360664.405 527.1 3.1
TL 1790360664.505 148.9 0.9
TL 1790360664.605 168.4 2.9
TL 1790360664.705 78.7 1.4
TL 1790360664.806 246.8 4.2
TL 1790360664.906 458.8 4.7
TL 1790360665.006 209.0 1.0
TL 1790360665.106 128.9 2.2
TL 1790360665.206 137.4 2.7
TL 1790360665.306 98.8 1.8
TL 1790360665.407 101.4 2.1
TL 1790360665.507 158.2 1.0
TL 1790360665.607 110.1 1.9
TL 1790360665.707 114.9 1.8
TL 1790360665.807 140.4 3.3
TL 1790360665.907 84.6 3.2
TL 1790360666.008 342.1 2.3
TL 1790360666.108 76.9 2.9
TL 1790360666.208 220.5 2.1
TL 1790360666.308 252.3 3.9
TL 1790360666.408 79.2 1.7
TL 1790360666.509 76.4 1.0
TL 1790360666.609 481.6 3.7
TL 1790360666.709 202.4 2.7
TL 1790360666.810 406.2 3.5
TL 1790360666.910 88.7 1.7
TL 1790360667.010 419.8 1.4
TL 1790360667.110 106.4 2.2
TL 1790360667.210 221.2 3.9
TL 1790360667.310 71.3 3.0
TL 1790360667.410 128.2 3.3
TL 1790360667.510 60.7 1.3
TL 1790360667.611 389.5 2.7
TL 1790360667.711 270.9 3.7
TL 1790360667.811 233.9 2.7
TL 1790360667.911 105.7 1.6
TL 1790360668.011 128.6 1.0
TL 1790360668.111 48.9 1.9
TL 1790360668.212 96.1 1.7
TL 1790360668.312 131.1 2.3
TL 1790360668.412 74.9 1.7
TL 1790360668.512 392.6 2.2
TL 1790360668.612 296.5 3.1
TL 1790360668.713 326.8 4.5
TL 1790360668.813 198.6 3.9
TL 1790360668.913 282.0 3.4
TL 1790360669.013 194.4 1.9
TL 1790360669.113 89.2 1.6
TL 1790360669.214 470.9 2.3
TL 1790360669.313 182.1 2.9
TL 1790360669.414 360.5 5.9
TL 1790360669.514 84.0 2.3
TL 1790360669.615 341.3 3.8
TL 1790360669.714 58.9 1.8
TL 1790360669.815 96.6 3.5
TL 1790360669.915 157.5 2.4
TL 1790360670.015 156.2 1.0
TL 1790360670.115 99.1 1.9
TL 1790360670.215 446.3 3.4
TL 1790360670.315 114.0 1.4
TL 1790360670.418 2930.2 2.1
TL 1790360670.516 686.3 1.9
TL 1790360670.616 198.2 3.9
TL 1790360670.716 298.2 2.7
TL 1790360670.816 78.7 2.4
TL 1790360670.916 136.8 2.9
TL 1790360671.017 638.4 2.6
TL 1790360671.117 346.3 4.2
TL 1790360671.217 529.1 1.6
TL 1790360671.317 323.7 3.6
TL 1790360671.417 73.6 1.6
TL 1790360671.518 1041.6 1.0
TL 1790360671.617 108.2 2.7
TL 1790360671.718 164.4 2.8
TL 1790360671.817 59.6 2.8
TL 1790360671.918 443.7 2.2
TL 1790360672.018 78.0 0.6
TL 1790360672.118 84.0 2.9
TL 1790360672.219 221.7 1.9
TL 1790360672.319 432.6 4.4
TL 1790360672.419 89.8 1.5
TL 1790360672.519 57.0 0.7
TL 1790360672.619 142.1 2.1
TL 1790360672.719 147.5 1.7
TL 1790360672.819 225.3 4.1
TL 1790360672.919 113.4 1.8
TL 1790360673.019 79.0 1.2
TL 1790360673.120 176.1 3.7
TL 1790360673.220 380.2 4.4
TL 1790360673.320 224.7 3.7
TL 1790360673.421 418.7 5.4
TL 1790360673.521 116.8 0.8
TL 1790360673.621 78.7 1.6
TL 1790360673.721 144.1 2.3
TL 1790360673.822 612.9 1.9
TL 1790360673.922 94.2 2.3
TL 1790360674.022 101.5 0.9
TL 1790360674.122 131.6 2.3
TL 1790360674.222 111.1 2.1
TL 1790360674.322 55.7 2.1
TL 1790360674.422 77.7 2.1
TL 1790360674.523 385.5 2.6
TL 1790360674.623 366.2 3.9
TL 1790360674.723 175.9 2.8
TL 1790360674.823 77.1 1.9
TL 1790360674.923 98.1 1.5
TL 1790360675.023 103.0 1.2
TL 1790360675.123 226.2 1.7
TL 1790360675.223 292.4 2.0
TL 1790360675.323 124.1 2.2
TL 1790360675.423 114.2 2.0
TL 1790360675.523 65.2 1.2
TL 1790360675.624 436.4 5.3
TL 1790360675.724 394.5 4.4
TL 1790360675.825 839.8 3.0
TL 1790360675.924 185.9 1.4
TL 1790360676.024 143.8 1.3
TL 1790360676.124 72.3 2.1
TL 1790360676.224 82.6 1.5
TL 1790360676.325 265.1 4.0
TL 1790360676.425 286.0 3.1
TL 1790360676.525 296.7 0.8
TL 1790360676.625 87.8 3.2
TL 1790360676.725 111.5 1.6
TL 1790360676.825 184.8 4.4
TL 1790360676.925 135.8 1.8
TL 1790360677.026 94.0 0.9
TL 1790360677.126 83.3 2.0
TL 1790360677.226 249.1 2.6
TL 1790360677.326 70.9 1.5
TL 1790360677.426 396.5 3.8
TL 1790360677.526 321.5 2.3
TL 1790360677.626 79.2 2.1
TL 1790360677.727 86.6 1.9
TL 1790360677.827 82.0 2.0
TL 1790360677.927 90.0 1.8
TL 1790360678.027 148.2 0.9
TL 1790360678.127 212.1 2.3
TL 1790360678.227 61.6 1.5
TL 1790360678.327 64.6 2.0
TL 1790360678.428 276.8 1.6
TL 1790360678.528 192.6 1.0
TL 1790360678.628 529.8 3.4
TL 1790360678.728 271.7 1.6
TL 1790360678.828 152.0 2.2
TL 1790360678.928 71.2 2.1
TL 1790360679.028 159.8 1.8
TL 1790360679.129 355.2 5.0
TL 1790360679.229 230.8 3.0
TL 1790360679.329 106.4 1.6
TL 1790360679.429 123.6 1.6
TL 1790360679.529 205.1 1.4
TL 1790360679.630 486.6 20.5
TL 1790360679.730 372.3 4.6
TL 1790360679.829 64.5 2.0
TL 1790360679.930 177.1 2.2
TL 1790360680.030 88.1 1.0
TL 1790360680.130 131.7 2.1
TL 1790360680.230 384.4 3.8
TL 1790360680.330 124.0 2.3
TL 1790360680.431 325.0 2.6
TL 1790360680.530 75.6 1.4
TL 1790360680.631 310.6 1.9
TL 1790360680.731 404.3 3.5
TL 1790360680.832 389.0 4.2
TL 1790360680.932 221.1 3.2
TL 1790360681.032 133.2 1.7
TL 1790360681.132 118.9 2.9
TL 1790360681.232 69.4 1.8
TL 1790360681.332 61.2 1.4
TL 1790360681.432 172.1 2.2
TL 1790360681.533 523.0 1.9
TL 1790360681.633 407.7 6.4
TL 1790360681.733 163.1 1.9
TL 1790360681.833 71.2 1.6
TL 1790360681.934 1159.2 2.2
TL 1790360682.033 88.9 2.4
TL 1790360682.134 442.2 3.9
TL 1790360682.234 272.5 3.9
TL 1790360682.334 281.1 3.8
TL 1790360682.434 327.0 4.0
TL 1790360682.534 321.7 2.2
TL 1790360682.634 63.4 1.3
TL 1790360682.734 232.0 2.9
TL 1790360682.834 234.3 1.6
TL 1790360682.935 275.7 3.0
TL 1790360683.035 65.0 1.1
TL 1790360683.135 76.0 1.8
TL 1790360683.235 163.4 3.8
TL 1790360683.335 57.2 2.2
TL 1790360683.435 144.9 1.6
TL 1790360683.536 290.2 2.9
TL 1790360683.636 254.3 3.0
TL 1790360683.736 292.4 3.6
TL 1790360683.836 119.8 1.7
TL 1790360683.939 2717.6 1.7
TL 1790360684.037 222.8 1.3
TL 1790360684.137 86.7 2.2
TL 1790360684.237 318.3 4.6
TL 1790360684.337 351.0 3.7
TL 1790360684.437 285.7 4.0
TL 1790360684.537 170.9 1.6
TL 1790360684.638 308.7 3.8
TL 1790360684.738 300.9 4.0
TL 1790360684.839 311.7 3.3
TL 1790360684.938 87.9 2.0
TL 1790360685.039 307.8 1.1
TL 1790360685.139 101.5 1.9
TL 1790360685.239 469.0 3.9
TL 1790360685.339 93.6 2.1
TL 1790360685.439 192.2 3.5
TL 1790360685.539 79.3 1.7
TL 1790360685.639 57.2 2.0
TL 1790360685.740 118.2 2.6
TL 1790360685.840 94.8 4.0
TL 1790360685.940 462.4 3.2
TL 1790360686.040 189.9 1.8
TL 1790360686.141 1460.5 1.5
TL 1790360686.240 185.9 3.6
TL 1790360686.341 491.8 4.6
TL 1790360686.441 312.0 3.2
TL 1790360686.541 206.8 2.7
TL 1790360686.641 246.3 3.2
TL 1790360686.742 285.8 3.9
TL 1790360686.841 106.7 1.6
TL 1790360686.942 194.2 1.6
TL 1790360687.042 59.1 1.6
TL 1790360687.142 554.3 2.4
TL 1790360687.242 91.7 2.3
TL 1790360687.342 114.7 1.5
TL 1790360687.442 255.1 4.6
TL 1790360687.543 489.8 3.0
TL 1790360687.643 208.3 3.5
TL 1790360687.743 92.0 1.5
TL 1790360687.843 77.2 1.4
TL 1790360687.943 166.4 1.4
TL 1790360688.043 84.1 1.3
TL 1790360688.143 45.7 1.5
TL 1790360688.243 142.1 1.7
TL 1790360688.343 354.2 3.8
TL 1790360688.444 363.0 4.9
TL 1790360688.544 346.8 2.7
TL 1790360688.644 474.2 3.9
TL 1790360688.744 312.1 4.4
TL 1790360688.844 84.8 2.9
TL 1790360688.944 221.3 4.1
TL 1790360689.044 226.2 2.6
TL 1790360689.144 99.3 1.5
TL 1790360689.246 1284.1 2.8
TL 1790360689.346 1122.6 1.9
TL 1790360689.445 339.3 2.6
TL 1790360689.545 92.5 0.7
TL 1790360689.645 385.3 3.5
TL 1790360689.745 283.8 3.1
TL 1790360689.846 609.9 4.8
TL 1790360689.946 166.6 2.3
TL 1790360690.046 63.1 1.1
TL 1790360690.146 103.2 2.4
TL 1790360690.246 58.3 2.0
TL 1790360690.347 71.7 1.7
TL 1790360690.447 88.3 2.1
TL 1790360690.547 120.7 0.8
TL 1790360690.647 384.4 3.3
TL 1790360690.747 229.2 2.8
TL 1790360690.848 361.4 3.1
TL 1790360690.947 105.4 1.7
TL 1790360691.048 191.0 2.5
TL 1790360691.148 267.7 1.8
TL 1790360691.248 205.2 3.7
TL 1790360691.351 2704.2 3.7
TL 1790360691.448 145.9 2.1
TL 1790360691.549 142.2 1.0
TL 1790360691.649 184.2 3.0
TL 1790360691.749 330.6 3.6
TL 1790360691.850 317.7 3.9
TL 1790360691.950 179.2 3.1
TL 1790360692.050 166.1 2.8
TL 1790360692.150 133.2 1.5
TL 1790360692.250 61.5 2.2
TL 1790360692.350 322.2 2.3
TL 1790360692.451 465.9 3.3
TL 1790360692.551 129.9 3.1
TL 1790360692.651 365.0 3.7
TL 1790360692.751 353.5 3.9
TL 1790360692.851 229.6 3.0
TL 1790360692.952 485.6 3.6
TL 1790360693.051 213.9 2.0
TL 1790360693.152 322.3 30.1
TL 1790360693.252 314.7 3.9
TL 1790360693.352 73.2 1.7
TL 1790360693.452 254.4 2.0
TL 1790360693.552 323.2 1.0
TL 1790360693.653 252.6 3.7
TL 1790360693.753 130.1 2.6
TL 1790360693.853 222.7 6.0
TL 1790360693.953 265.9 4.0
TL 1790360694.054 520.8 3.4
TL 1790360694.154 229.2 2.7
TL 1790360694.254 236.9 4.1
TL 1790360694.354 107.3 1.3
TL 1790360694.454 97.9 1.9
TL 1790360694.555 752.9 1.0
TL 1790360694.654 56.1 2.8
TL 1790360694.755 76.1 3.2
TL 1790360694.855 221.5 3.6
TL 1790360694.955 312.7 4.5
TL 1790360695.055 303.1 2.7
TL 1790360695.156 333.0 4.3
TL 1790360695.256 344.9 2.9
TL 1790360695.356 152.2 1.4
TL 1790360695.456 135.9 1.9
TL 1790360695.556 306.6 0.8
TL 1790360695.657 287.0 3.5
TL 1790360695.757 320.8 5.2
TL 1790360695.857 505.8 3.5
TL 1790360695.957 503.4 3.5
TL 1790360696.057 323.6 2.7
TL 1790360696.158 289.8 5.1
TL 1790360696.258 83.3 1.7
TL 1790360696.358 103.8 1.6
TL 1790360696.458 55.9 1.5
TL 1790360696.558 96.5 1.5
TL 1790360696.659 367.0 5.4
TL 1790360696.759 380.9 3.6
TL 1790360696.859 252.1 2.5
TL 1790360696.959 110.6 1.8
TL 1790360697.059 87.7 2.4
TL 1790360697.159 296.5 3.9
TL 1790360697.259 89.3 1.3
TL 1790360697.359 76.0 1.7
TL 1790360697.459 75.2 1.4
TL 1790360697.560 120.5 0.9
TL 1790360697.660 354.5 4.3
TL 1790360697.760 348.7 3.8
TL 1790360697.860 84.6 2.9
TL 1790360697.961 596.1 4.7
TL 1790360698.062 388.1 2.2
TL 1790360698.162 359.4 3.9
TL 1790360698.262 145.2 3.1
TL 1790360698.362 303.1 1.8
TL 1790360698.462 102.8 1.4
TL 1790360698.562 61.6 1.4
TL 1790360698.662 70.5 1.7
TL 1790360698.763 432.4 4.0
TL 1790360698.863 383.0 4.8
TL 1790360698.964 371.3 5.5
TL 1790360699.064 360.8 1.9
TL 1790360699.164 385.4 1.8
TL 1790360699.264 72.0 3.7
TL 1790360699.364 220.6 2.0
TL 1790360699.464 83.9 1.6
TL 1790360699.564 94.5 1.3
TL 1790360699.664 176.4 3.2
TL 1790360699.764 137.5 1.9
TL 1790360699.866 1468.9 2.2
TL 1790360699.965 67.6 2.1
TL 1790360700.065 518.0 2.7
TL 1790360700.166 357.2 3.5
TL 1790360700.266 243.1 3.9
TL 1790360700.366 136.5 2.3
TL 1790360700.466 115.3 2.1
TL 1790360700.566 94.0 1.1
TL 1790360700.666 54.7 1.6
TL 1790360700.767 801.0 2.3
TL 1790360700.867 178.4 3.4
TL 1790360700.967 534.5 4.7
TL 1790360701.067 246.7 2.2
TL 1790360701.168 1384.6 2.2
TL 1790360701.267 242.1 3.9
TL 1790360701.367 107.5 1.7
TL 1790360701.467 61.3 3.0
TL 1790360701.568 169.6 3.2
TL 1790360701.668 173.5 1.6
TL 1790360701.768 46.7 1.4
TL 1790360701.869 1439.5 5.7
TL 1790360701.968 362.7 4.9
TL 1790360702.068 92.4 0.7
TL 1790360702.169 322.6 3.4
TL 1790360702.269 375.9 3.8
TL 1790360702.369 409.8 3.5
TL 1790360702.469 296.5 4.4
TL 1790360702.569 71.1 0.6
TL 1790360702.670 931.3 2.7
TL 1790360702.771 1572.0 2.2
TL 1790360702.870 459.1 3.4
TL 1790360702.969 155.1 2.7
TL 1790360703.070 269.9 1.0
TL 1790360703.170 145.8 2.1
TL 1790360703.270 341.6 2.8
TL 1790360703.370 84.0 1.5
TL 1790360703.471 256.1 3.4
TL 1790360703.571 177.3 2.0
TL 1790360703.671 95.7 1.7
TL 1790360703.771 99.7 1.5
TL 1790360703.872 595.2 4.1
TL 1790360703.971 101.6 4.0
TL 1790360704.072 342.0 2.9
TL 1790360704.172 398.2 3.7
TL 1790360704.273 952.0 3.7
TL 1790360704.372 350.5 4.0
TL 1790360704.473 357.0 3.5
TL 1790360704.573 240.8 2.3
TL 1790360704.673 99.1 1.4
TL 1790360704.773 58.1 3.0
TL 1790360704.874 892.5 1.7
TL 1790360704.973 305.1 3.2
TL 1790360705.074 308.0 2.2
TL 1790360705.174 390.0 3.7
TL 1790360705.274 242.8 4.2
TL 1790360705.374 277.9 2.8
TL 1790360705.474 177.4 2.6
TL 1790360705.575 243.6 2.6
TL 1790360705.675 359.1 3.1
TL 1790360705.775 58.7 1.4
TL 1790360705.875 87.0 1.5
TL 1790360705.975 108.3 1.6
TL 1790360706.079 3882.7 2.0
TL 1790360706.175 91.0 1.9
TL 1790360706.276 152.3 3.4
TL 1790360706.376 347.7 4.0
TL 1790360706.476 339.2 4.1
TL 1790360706.576 175.4 1.0
TL 1790360706.676 64.5 2.1
TL 1790360706.777 282.7 1.7
TL 1790360706.877 168.8 2.9
TL 1790360706.977 86.5 1.7
TL 1790360707.078 1404.3 0.8
TL 1790360707.177 227.4 4.1
TL 1790360707.278 295.3 4.2
TL 1790360707.378 125.3 1.6
TL 1790360707.478 158.0 1.8
TL 1790360707.578 510.2 2.7
TL 1790360707.678 162.9 2.9
TL 1790360707.780 668.9 2.7
TL 1790360707.879 117.3 1.8
TL 1790360707.980 99.0 1.4
TL 1790360708.080 95.0 1.1
TL 1790360708.181 1258.9 3.6
TL 1790360708.280 167.5 2.2
TL 1790360708.380 81.8 3.4
TL 1790360708.480 160.9 2.1
TL 1790360708.580 83.2 2.3
TL 1790360708.681 269.4 3.6
TL 1790360708.781 304.2 4.5
TL 1790360708.881 342.9 4.8
TL 1790360708.981 193.6 1.2
TL 1790360709.081 80.5 1.1
TL 1790360709.182 466.8 3.3
TL 1790360709.282 1007.1 2.2
TL 1790360709.381 105.0 0.7
TL 1790360709.482 195.9 1.8
TL 1790360709.582 847.6 2.1
TL 1790360709.682 352.6 4.9
TL 1790360709.782 421.7 3.3
TL 1790360709.883 531.1 91.2
TL 1790360709.983 118.6 2.0
TL 1790360710.083 162.1 0.9
TL 1790360710.183 282.2 3.2
TL 1790360710.283 47.9 1.8
TL 1790360710.384 837.2 1.9
TL 1790360710.484 306.3 3.1
TL 1790360710.584 228.2 2.3
TL 1790360710.684 223.6 1.5
TL 1790360710.784 75.8 30.1
TL 1790360710.884 193.6 1.7
TL 1790360710.984 83.2 2.0
TL 1790360711.084 70.6 0.8
TL 1790360711.184 127.9 2.2
TL 1790360711.284 84.0 1.9
TL 1790360711.385 726.6 2.0
TL 1790360711.485 286.2 4.9
TL 1790360711.585 564.0 2.4
TL 1790360711.685 298.0 5.5
TL 1790360711.785 400.6 4.2
TL 1790360711.886 297.6 8.2
TL 1790360711.986 107.8 1.7
TL 1790360712.086 298.4 2.6
TL 1790360712.186 59.1 1.5
TL 1790360712.290 3824.6 2.2
TL 1790360712.386 362.9 2.6
TL 1790360712.487 570.7 4.2
TL 1790360712.587 600.2 3.6
TL 1790360712.687 323.3 6.4
TL 1790360712.787 368.1 2.4
TL 1790360712.887 161.8 2.4
TL 1790360712.987 61.5 2.1
TL 1790360713.087 36.1 1.0
TL 1790360713.188 134.4 3.4
TL 1790360713.288 47.2 1.3
TL 1790360713.388 283.5 1.7
TL 1790360713.488 377.1 5.2
TL 1790360713.589 298.9 1.8
TL 1790360713.689 360.1 3.9
TL 1790360713.789 353.0 4.4
TL 1790360713.889 158.2 2.1
TL 1790360713.989 289.4 4.2
TL 1790360714.089 135.9 1.7
TL 1790360714.189 167.3 1.5
TL 1790360714.289 54.2 1.7
TL 1790360714.390 230.1 1.7
TL 1790360714.490 348.3 3.9
TL 1790360714.590 287.0 2.2
TL 1790360714.690 311.7 4.5
TL 1790360714.790 66.8 1.5
TL 1790360714.890 268.2 4.4
TL 1790360714.991 208.4 2.3
TL 1790360715.091 99.7 0.8
TL 1790360715.191 132.7 1.6
TL 1790360715.291 71.3 2.0
TL 1790360715.391 51.9 2.4
TL 1790360715.491 234.7 3.7
TL 1790360715.591 292.1 2.7
TL 1790360715.692 368.5 5.2
TL 1790360715.792 162.3 2.6
TL 1790360715.892 87.6 3.0
TL 1790360715.992 429.8 3.5
TL 1790360716.093 408.1 24.5
TL 1790360716.193 99.4 1.9
TL 1790360716.293 109.4 1.6
TL 1790360716.394 1379.0 2.1
TL 1790360716.493 379.7 6.1
TL 1790360716.593 239.6 2.3
TL 1790360716.694 368.4 4.4
TL 1790360716.793 129.0 3.4
TL 1790360716.894 649.0 2.5
TL 1790360716.994 268.5 3.0
TL 1790360717.094 290.9 2.5
TL 1790360717.195 727.4 4.2
TL 1790360717.295 170.7 3.1
TL 1790360717.395 112.2 17.3
TL 1790360717.497 2369.3 2.9
TL 1790360717.595 81.3 1.7
TL 1790360717.695 170.5 1.8
TL 1790360717.796 149.3 2.3
TL 1790360717.896 89.8 2.5
TL 1790360717.996 217.9 3.6
TL 1790360718.097 547.3 2.3
TL 1790360718.196 255.3 4.3
TL 1790360718.296 89.1 1.3
TL 1790360718.396 75.7 1.8
TL 1790360718.497 215.8 2.9
TL 1790360718.597 92.2 1.0
TL 1790360718.698 579.1 5.7
TL 1790360718.798 198.1 4.2
TL 1790360718.899 374.8 4.8
TL 1790360718.999 208.5 3.9
TL 1790360719.099 180.0 1.5
TL 1790360719.199 200.6 3.5
TL 1790360719.299 77.0 1.4
TL 1790360719.399 53.5 1.5
TL 1790360719.499 91.1 1.5
TL 1790360719.599 132.9 2.1
TL 1790360719.700 303.5 1.7
TL 1790360719.800 120.4 2.0
TL 1790360719.900 141.2 2.1
TL 1790360720.000 357.5 4.8
TL 1790360720.101 188.6 2.8
TL 1790360720.201 146.5 2.6
TL 1790360720.301 234.3 2.6
TL 1790360720.401 122.0 2.9
TL 1790360720.501 114.5 1.6
TL 1790360720.601 88.2 1.8
TL 1790360720.701 156.7 2.3
TL 1790360720.802 254.3 4.5
TL 1790360720.902 337.3 4.8
TL 1790360721.002 384.2 5.0
TL 1790360721.102 332.4 2.0
TL 1790360721.203 417.8 5.0
TL 1790360721.303 271.7 3.4
TL 1790360721.403 223.1 3.1
TL 1790360721.503 73.0 2.2
TL 1790360721.606 3326.4 1.4
TL 1790360721.703 177.9 4.5
TL 1790360721.804 406.7 3.7
TL 1790360721.904 344.7 6.6
TL 1790360722.004 158.4 2.1
TL 1790360722.104 151.5 0.9
TL 1790360722.204 47.4 2.6
TL 1790360722.304 259.4 4.3
TL 1790360722.404 260.7 4.3
TL 1790360722.505 337.0 4.4
TL 1790360722.605 464.8 3.0
TL 1790360722.705 101.9 1.8
TL 1790360722.805 205.7 2.4
TL 1790360722.905 308.9 4.3
TL 1790360723.005 305.4 3.8
TL 1790360723.105 116.8 0.9
TL 1790360723.206 266.1 4.5
TL 1790360723.306 283.6 4.1
TL 1790360723.406 420.5 2.3
TL 1790360723.506 160.4 2.9
TL 1790360723.607 1153.3 2.6
TL 1790360723.706 80.1 1.8
TL 1790360723.807 146.1 1.5
TL 1790360723.907 445.5 3.4
TL 1790360724.008 948.2 3.9
TL 1790360724.107 410.8 2.8
TL 1790360724.207 116.4 1.6
TL 1790360724.308 95.4 2.8
TL 1790360724.408 57.8 2.8
TL 1790360724.509 364.7 3.4
TL 1790360724.609 274.0 2.2
TL 1790360724.709 133.5 2.2
TL 1790360724.809 79.9 2.8
TL 1790360724.909 176.4 2.5
TL 1790360725.010 249.6 3.6
TL 1790360725.110 320.2 2.9
TL 1790360725.210 116.2 3.4
TL 1790360725.310 81.9 2.0
TL 1790360725.412 815.8 3.1
TL 1790360725.511 306.0 3.5
TL 1790360725.611 209.7 1.7
TL 1790360725.711 100.1 1.8
TL 1790360725.816 4842.1 1.7
TL 1790360725.912 69.0 2.3
TL 1790360726.012 389.9 5.5
TL 1790360726.112 213.9 3.5
TL 1790360726.212 130.7 1.9
TL 1790360726.313 94.8 2.0
TL 1790360726.413 251.3 4.1
TL 1790360726.513 263.8 3.7
TL 1790360726.613 70.5 2.3
TL 1790360726.713 125.7 2.5
TL 1790360726.814 120.5 2.1
TL 1790360726.914 147.1 3.7
TL 1790360727.014 343.8 6.5
TL 1790360727.114 110.7 1.2
TL 1790360727.214 227.8 4.0
TL 1790360727.315 375.2 3.5
TL 1790360727.415 457.8 5.3
TL 1790360727.515 108.2 12.8
TL 1790360727.616 344.1 2.4
TL 1790360727.716 264.3 3.3
TL 1790360727.816 77.1 1.7
TL 1790360727.918 2082.6 1.7
TL 1790360728.017 73.9 1.5
TL 1790360728.117 301.6 2.3
TL 1790360728.217 91.7 1.9
TL 1790360728.317 491.5 3.7
TL 1790360728.417 232.9 3.4
TL 1790360728.518 400.9 3.4
TL 1790360728.618 402.9 4.0
TL 1790360728.718 419.8 4.1
TL 1790360728.818 58.9 2.0
TL 1790360728.918 55.4 1.5
TL 1790360729.018 66.7 2.2
TL 1790360729.123 3859.4 1.3
TL 1790360729.219 260.5 3.6
TL 1790360729.319 408.8 4.2
TL 1790360729.420 452.6 4.2
TL 1790360729.520 298.8 3.5
TL 1790360729.619 70.5 1.5
TL 1790360729.720 140.1 1.5
TL 1790360729.820 275.7 3.0
TL 1790360729.920 114.1 1.4
TL 1790360730.020 72.7 1.4
TL 1790360730.121 609.7 3.1
TL 1790360730.221 278.4 3.4
TL 1790360730.322 508.6 5.8
TL 1790360730.422 276.3 4.9
TL 1790360730.522 265.4 4.1
TL 1790360730.622 301.4 2.9
TL 1790360730.722 359.8 3.1
TL 1790360730.822 189.6 2.4
TL 1790360730.922 219.9 3.1
TL 1790360731.022 167.1 2.8
TL 1790360731.123 364.6 2.3
TL 1790360731.223 350.3 1.8
TL 1790360731.323 116.0 1.7
TL 1790360731.423 279.5 3.9
TL 1790360731.523 443.3 3.6
TL 1790360731.623 317.7 5.1
TL 1790360731.724 277.2 2.3
TL 1790360731.824 481.3 4.3
TL 1790360731.924 432.8 3.7
TL 1790360732.024 271.9 4.1
TL 1790360732.124 272.2 2.9
TL 1790360732.224 52.9 2.3
TL 1790360732.325 272.4 3.8
TL 1790360732.425 374.5 4.7
TL 1790360732.525 259.0 4.2
TL 1790360732.625 128.3 1.3
TL 1790360732.725 102.9 3.5
TL 1790360732.825 314.0 4.0
TL 1790360732.926 344.0 4.1
TL 1790360733.026 259.9 3.3
TL 1790360733.126 286.7 2.6
TL 1790360733.226 80.8 2.8
TL 1790360733.326 73.9 3.1
TL 1790360733.430 3912.8 1.9
TL 1790360733.526 110.3 4.2
TL 1790360733.627 226.0 2.9
TL 1790360733.727 229.5 3.5
TL 1790360733.827 62.6 1.5
TL 1790360733.927 348.7 4.0
TL 1790360734.028 430.2 3.1
TL 1790360734.128 204.1 2.0
TL 1790360734.229 387.9 3.1
TL 1790360734.328 49.7 1.6
TL 1790360734.429 286.5 2.7
TL 1790360734.529 317.8 2.2
TL 1790360734.629 101.9 1.4
TL 1790360734.729 122.4 2.7
TL 1790360734.829 534.8 4.9
TL 1790360734.930 370.1 5.5
TL 1790360735.031 848.0 4.5
TL 1790360735.131 541.5 4.2
TL 1790360735.232 1068.1 4.1
TL 1790360735.331 158.9 2.4
TL 1790360735.431 42.2 1.4
TL 1790360735.531 126.5 2.0
TL 1790360735.632 230.7 2.0
TL 1790360735.732 140.8 2.0
TL 1790360735.832 55.0 2.4
TL 1790360735.932 149.1 2.8
TL 1790360736.032 120.6 2.2
TL 1790360736.133 376.5 3.5
TL 1790360736.233 250.6 4.1
TL 1790360736.333 112.7 2.6
TL 1790360736.433 66.5 1.5
TL 1790360736.533 62.6 2.1
TL 1790360736.634 970.3 1.9
TL 1790360736.734 462.4 3.4
TL 1790360736.833 66.7 1.8
TL 1790360736.934 329.7 3.7
TL 1790360737.034 107.8 2.6
TL 1790360737.134 172.5 1.9
TL 1790360737.234 100.2 2.3
TL 1790360737.335 315.4 4.3
TL 1790360737.435 169.0 2.8
TL 1790360737.535 219.2 3.5
TL 1790360737.635 168.2 1.6
TL 1790360737.736 1301.9 2.3
TL 1790360737.835 121.4 1.9
TL 1790360737.936 363.3 5.9
TL 1790360738.035 79.3 2.0
TL 1790360738.136 72.2 2.1
TL 1790360738.236 56.5 2.5
TL 1790360738.336 290.3 2.8
TL 1790360738.436 276.2 3.1
TL 1790360738.536 72.1 1.6
TL 1790360738.638 1936.4 1.7
TL 1790360738.737 600.6 3.8
TL 1790360738.837 367.6 3.9
TL 1790360738.937 364.3 4.9
TL 1790360739.037 347.1 4.7
TL 1790360739.137 514.1 2.8
TL 1790360739.239 1477.8 3.5
TL 1790360739.338 59.2 2.1
TL 1790360739.438 266.2 3.7
TL 1790360739.538 100.1 1.3
TL 1790360739.638 57.4 1.3
TL 1790360739.739 1279.3 1.8
TL 1790360739.838 251.8 4.1
TL 1790360739.939 422.5 3.8
TL 1790360740.039 381.3 4.3
TL 1790360740.139 300.4 5.1
TL 1790360740.239 132.6 1.4
TL 1790360740.339 125.5 2.9
TL 1790360740.439 64.3 1.8
TL 1790360740.539 176.9 1.9
TL 1790360740.639 53.4 1.7
TL 1790360740.740 781.3 1.6
TL 1790360740.840 247.1 4.5
TL 1790360740.940 547.9 3.3
TL 1790360741.040 327.4 3.7
TL 1790360741.140 189.8 2.3
TL 1790360741.240 196.4 2.1
TL 1790360741.340 96.5 1.7
TL 1790360741.440 63.9 2.2
TL 1790360741.541 129.0 1.9
TL 1790360741.642 400.9 2.0
TL 1790360741.743 388.6 4.1
TL 1790360741.842 93.5 2.0
TL 1790360741.943 321.1 4.1
TL 1790360742.043 316.8 4.6
TL 1790360742.143 269.8 3.3
TL 1790360742.243 242.3 3.0
TL 1790360742.343 117.4 1.4
TL 1790360742.443 105.3 1.8
TL 1790360742.543 76.5 1.9
TL 1790360742.652 8649.6 1.9
TL 1790360742.744 85.3 3.3
TL 1790360742.844 68.0 1.6
TL 1790360742.944 439.9 4.1
TL 1790360743.044 384.0 3.7
TL 1790360743.144 151.1 1.7
TL 1790360743.244 165.2 2.5
TL 1790360743.344 66.0 2.1
TL 1790360743.445 102.8 1.8
TL 1790360743.545 99.2 2.1
TL 1790360743.646 1302.3 2.1
TL 1790360743.745 95.8 1.9
TL 1790360743.845 96.2 2.4
TL 1790360743.945 254.3 3.7
TL 1790360744.046 352.6 4.6
TL 1790360744.146 334.6 1.9
TL 1790360744.246 235.9 4.0
TL 1790360744.346 121.5 2.9
TL 1790360744.446 247.6 1.8
TL 1790360744.546 98.3 1.2
TL 1790360744.646 69.1 2.3
TL 1790360744.746 73.9 1.9
TL 1790360744.849 2268.1 3.0
TL 1790360744.947 115.2 2.4
TL 1790360745.047 136.0 4.0
TL 1790360745.147 454.7 4.7
TL 1790360745.247 370.3 3.6
TL 1790360745.348 371.2 2.9
TL 1790360745.448 406.0 4.2
TL 1790360745.549 270.5 2.9
TL 1790360745.649 226.4 2.1
TL 1790360745.749 96.4 1.6
TL 1790360745.850 79.6 1.5
TL 1790360745.952 2565.1 1.8
TL 1790360746.050 329.3 2.4
TL 1790360746.150 269.5 2.3
TL 1790360746.250 256.6 3.9
TL 1790360746.351 343.4 2.2
TL 1790360746.451 299.1 3.4
TL 1790360746.551 155.5 2.3
TL 1790360746.651 105.2 2.2
TL 1790360746.752 429.6 2.8
TL 1790360746.852 335.8 1.7
TL 1790360746.952 304.9 4.0
TL 1790360747.052 209.0 1.7
TL 1790360747.152 110.6 1.9
TL 1790360747.253 110.3 2.0
TL 1790360747.353 77.8 2.4
TL 1790360747.453 159.6 2.8
TL 1790360747.553 260.8 3.9
TL 1790360747.653 242.1 2.7
TL 1790360747.754 262.9 1.6
TL 1790360747.854 231.2 3.8
TL 1790360747.954 126.1 2.0
TL 1790360748.054 92.0 1.5
TL 1790360748.154 293.8 2.0
TL 1790360748.254 487.4 4.4
TL 1790360748.354 105.5 2.4
TL 1790360748.455 610.7 2.6
TL 1790360748.555 464.0 2.8
TL 1790360748.655 389.0 2.3
TL 1790360748.755 131.2 1.9
TL 1790360748.855 160.3 3.4
TL 1790360748.955 136.9 2.2
TL 1790360749.057 1647.2 1.6
TL 1790360749.156 133.3 1.8
TL 1790360749.256 338.4 5.6
TL 1790360749.356 152.7 1.9
TL 1790360749.456 42.0 1.5
TL 1790360749.556 54.4 2.9
TL 1790360749.656 228.0 2.9
TL 1790360749.757 451.0 4.5
TL 1790360749.857 327.0 3.5
TL 1790360749.957 204.6 2.6
TL 1790360750.057 149.5 1.9
TL 1790360750.157 340.4 3.9
TL 1790360750.258 460.6 4.2
TL 1790360750.359 871.5 4.6
TL 1790360750.458 86.9 1.9
TL 1790360750.558 72.8 1.7
TL 1790360750.659 314.0 4.6
TL 1790360750.759 286.4 4.0
TL 1790360750.859 205.4 2.4
TL 1790360750.960 242.8 2.4
TL 1790360751.060 150.1 3.0
TL 1790360751.160 124.4 1.7
TL 1790360751.261 1213.3 2.1
TL 1790360751.360 345.1 3.7
TL 1790360751.460 138.4 2.1
TL 1790360751.560 115.5 2.6
TL 1790360751.661 510.2 4.2
TL 1790360751.761 68.1 2.5
TL 1790360751.861 75.2 1.7
TL 1790360751.961 257.2 3.0
TL 1790360752.061 193.3 1.8
TL 1790360752.161 101.7 0.9
TL 1790360752.261 90.1 2.7
TL 1790360752.361 215.0 3.5
TL 1790360752.462 331.3 3.1
TL 1790360752.562 261.9 3.0
TL 1790360752.662 162.4 2.7
TL 1790360752.762 354.6 4.0
TL 1790360752.862 115.7 1.8
TL 1790360752.962 289.1 3.4
TL 1790360753.062 75.1 1.7
TL 1790360753.162 59.9 1.3
TL 1790360753.264 1984.2 1.9
TL 1790360753.363 146.5 2.3
TL 1790360753.463 285.8 3.5
TL 1790360753.563 89.3 1.6
TL 1790360753.664 161.9 3.1
TL 1790360753.765 852.4 5.2
TL 1790360753.865 561.0 3.0
TL 1790360753.965 62.2 2.1
TL 1790360754.065 119.9 1.7
TL 1790360754.166 80.3 3.0
TL 1790360754.266 202.7 2.0
TL 1790360754.366 95.5 2.3
TL 1790360754.466 223.2 4.7
TL 1790360754.567 518.6 3.9
TL 1790360754.667 310.9 4.0
TL 1790360754.767 307.6 3.8
TL 1790360754.867 242.8 4.3
TL 1790360754.967 79.9 1.6
TL 1790360755.068 422.9 6.7
TL 1790360755.168 103.4 1.3
TL 1790360755.268 160.1 2.1
TL 1790360755.368 71.3 1.4
TL 1790360755.468 187.9 2.4
TL 1790360755.569 570.5 3.4
TL 1790360755.669 377.6 2.9
TL 1790360755.769 271.2 4.6
TL 1790360755.869 290.1 4.5
TL 1790360755.969 247.6 3.1
TL 1790360756.070 369.9 3.4
TL 1790360756.170 96.3 1.7
TL 1790360756.270 466.2 2.6
TL 1790360756.375 4687.3 2.5
TL 1790360756.470 131.9 1.9
TL 1790360756.571 393.8 4.1
TL 1790360756.671 166.0 2.1
TL 1790360756.771 374.2 6.3
TL 1790360756.871 153.7 2.2
TL 1790360756.971 348.3 4.0
TL 1790360757.071 70.9 2.6
TL 1790360757.171 103.0 1.4
TL 1790360757.272 139.6 4.5
TL 1790360757.372 81.9 2.1
TL 1790360757.472 614.1 3.5
TL 1790360757.572 490.7 4.0
TL 1790360757.672 319.0 3.3
TL 1790360757.773 313.2 3.3
TL 1790360757.873 248.0 4.6
TL 1790360757.974 294.7 3.2
TL 1790360758.074 302.8 3.9
TL 1790360758.175 444.9 3.9
TL 1790360758.274 57.9 2.0
TL 1790360758.375 62.0 1.5
TL 1790360758.477 1907.7 2.0
TL 1790360758.575 106.3 2.7
TL 1790360758.675 107.3 2.4
TL 1790360758.776 437.4 3.3
TL 1790360758.876 386.4 2.8
TL 1790360758.976 251.4 4.6
TL 1790360759.076 326.3 4.5
TL 1790360759.176 428.6 2.4
TL 1790360759.277 300.1 4.0
TL 1790360759.376 68.6 1.6
TL 1790360759.477 500.4 2.6
TL 1790360759.577 311.7 3.6
TL 1790360759.677 283.2 1.9
TL 1790360759.777 260.9 4.2
TL 1790360759.878 507.0 4.0
TL 1790360759.978 130.6 1.7
TL 1790360760.078 165.9 3.6
TL 1790360760.178 146.2 2.2
TL 1790360760.278 120.5 1.8
TL 1790360760.378 85.9 3.6
TL 1790360760.478 294.9 1.9
TL 1790360760.579 477.8 5.0
TL 1790360760.679 268.8 2.7
TL 1790360760.779 78.7 2.8
TL 1790360760.879 103.4 1.9
TL 1790360760.979 139.0 1.7
TL 1790360761.080 454.5 3.9
TL 1790360761.180 235.3 1.1
TL 1790360761.280 134.6 3.8
TL 1790360761.380 107.8 1.7
TL 1790360761.481 848.5 14.3
TL 1790360761.581 309.4 4.5
TL 1790360761.681 286.9 2.2
TL 1790360761.781 356.9 4.7
TL 1790360761.881 142.7 2.2
TL 1790360761.982 224.0 5.3
TL 1790360762.082 346.9 3.2
TL 1790360762.182 174.8 1.6
TL 1790360762.282 89.7 1.7
TL 1790360762.382 178.6 2.8
TL 1790360762.483 377.9 4.3
TL 1790360762.583 279.3 3.7
TL 1790360762.683 355.1 2.2
TL 1790360762.783 352.9 5.4
TL 1790360762.883 295.1 4.0
TL 1790360762.984 306.4 3.2
TL 1790360763.084 71.7 2.3
TL 1790360763.184 82.1 1.7
TL 1790360763.284 73.9 2.2
TL 1790360763.384 103.6 1.7
TL 1790360763.486 1083.4 11.4
TL 1790360763.585 449.2 4.1
TL 1790360763.686 369.2 2.3
TL 1790360763.786 101.7 2.1
TL 1790360763.886 101.1 2.2
TL 1790360763.986 265.9 3.6
TL 1790360764.086 190.7 2.4
TL 1790360764.186 130.5 0.9
TL 1790360764.286 117.2 1.7
TL 1790360764.386 87.0 1.5
TL 1790360764.488 1666.6 2.8
TL 1790360764.587 72.8 2.1
TL 1790360764.687 283.7 2.9
TL 1790360764.787 173.9 3.9
TL 1790360764.887 109.2 1.4
TL 1790360764.987 204.1 3.5
TL 1790360765.087 215.6 3.4
TL 1790360765.187 78.8 1.6
TL 1790360765.288 209.4 1.9
TL 1790360765.388 212.0 1.8
TL 1790360765.488 103.1 2.2
TL 1790360765.588 91.0 2.1
TL 1790360765.688 116.8 1.1
TL 1790360765.788 284.3 3.0
TL 1790360765.889 413.2 4.9
TL 1790360765.989 639.0 4.4
TL 1790360766.090 331.6 4.0
TL 1790360766.190 209.4 2.7
TL 1790360766.290 188.3 4.1
TL 1790360766.390 80.7 1.5
TL 1790360766.490 55.1 2.3
TL 1790360766.593 2828.2 2.6
TL 1790360766.691 308.0 2.1
TL 1790360766.791 424.4 4.0
TL 1790360766.892 1120.1 2.5
TL 1790360766.992 1027.5 4.7
TL 1790360767.092 492.7 3.7
TL 1790360767.192 161.2 1.5
TL 1790360767.293 665.3 3.0
TL 1790360767.392 219.4 1.4
TL 1790360767.492 88.5 1.8
TL 1790360767.593 119.6 2.6
TL 1790360767.693 84.4 1.5
TL 1790360767.793 96.7 2.8
TL 1790360767.893 246.9 3.5
TL 1790360767.993 233.3 4.2
TL 1790360768.094 192.5 2.7
TL 1790360768.194 69.0 2.3
TL 1790360768.294 121.2 2.4
TL 1790360768.394 329.5 5.8
TL 1790360768.495 611.1 3.3
TL 1790360768.594 95.5 1.5
TL 1790360768.694 116.8 1.9
TL 1790360768.794 90.7 1.6
TL 1790360768.897 2054.8 2.2
TL 1790360768.995 455.1 5.2
TL 1790360769.096 632.2 3.7
TL 1790360769.196 476.9 0.9
TL 1790360769.295 155.7 2.7
TL 1790360769.396 130.3 3.0
TL 1790360769.496 375.9 4.0
TL 1790360769.596 285.3 3.0
TL 1790360769.696 65.3 1.4
TL 1790360769.797 225.2 1.6
TL 1790360769.897 110.8 3.1
TL 1790360769.997 64.3 3.2
TL 1790360770.097 79.4 1.4
TL 1790360770.197 85.8 2.1
TL 1790360770.297 273.2 4.2
TL 1790360770.397 235.7 3.4
TL 1790360770.497 84.0 1.9
TL 1790360770.598 52.1 1.2
TL 1790360770.698 231.7 2.3
TL 1790360770.798 101.2 1.5
TL 1790360770.898 131.8 1.3
TL 1790360770.998 535.3 2.7
TL 1790360771.099 851.0 2.2
TL 1790360771.199 346.2 3.3
TL 1790360771.299 248.1 4.7
TL 1790360771.399 321.1 6.1
TL 1790360771.499 124.7 2.2
TL 1790360771.599 89.7 1.7
TL 1790360771.700 319.7 0.9
TL 1790360771.800 259.8 3.4
TL 1790360771.900 66.2 1.9
TL 1790360772.001 227.7 44.6
TL 1790360772.100 50.6 1.9
TL 1790360772.201 303.3 1.3
TL 1790360772.302 1208.6 2.1
TL 1790360772.401 70.2 3.2
TL 1790360772.501 303.5 3.9
TL 1790360772.601 108.5 2.2
TL 1790360772.702 349.1 3.1
TL 1790360772.802 267.1 260.2
TL 1790360772.902 216.3 2.1
TL 1790360773.002 106.4 1.4
TL 1790360773.102 137.1 2.7
TL 1790360773.202 48.4 1.2
TL 1790360773.302 145.5 1.9
TL 1790360773.403 341.0 4.0
TL 1790360773.503 78.9 3.4
TL 1790360773.603 369.3 3.7
TL 1790360773.703 86.0 2.6
TL 1790360773.804 416.2 4.7
TL 1790360773.904 242.8 3.1
TL 1790360774.004 94.5 1.4
TL 1790360774.104 81.0 2.1
TL 1790360774.204 322.2 1.2
TL 1790360774.304 286.2 3.7
TL 1790360774.404 269.8 4.5
TL 1790360774.504 47.1 2.2
TL 1790360774.604 78.6 1.5
TL 1790360774.705 140.3 1.5
TL 1790360774.805 273.0 5.1
TL 1790360774.905 228.0 3.3
TL 1790360775.005 130.4 3.2
TL 1790360775.105 115.6 2.0
TL 1790360775.205 122.8 1.5
TL 1790360775.306 321.1 5.2
TL 1790360775.406 229.4 2.1
TL 1790360775.506 90.7 3.6
TL 1790360775.606 58.2 2.4
TL 1790360775.707 374.3 2.8
TL 1790360775.807 293.8 3.6
TL 1790360775.907 307.7 4.9
TL 1790360776.007 271.6 3.1
TL 1790360776.107 105.7 1.6
TL 1790360776.207 95.4 1.9
TL 1790360776.308 279.9 3.5
TL 1790360776.408 175.3 2.2
TL 1790360776.508 92.9 2.2
TL 1790360776.608 530.5 3.3
TL 1790360776.709 358.7 2.8
TL 1790360776.809 87.2 2.8
TL 1790360776.909 90.8 2.2
TL 1790360777.009 175.6 2.0
TL 1790360777.109 81.7 2.1
TL 1790360777.210 72.2 1.3
TL 1790360777.311 1226.8 1.7
TL 1790360777.410 346.7 4.8
TL 1790360777.510 349.6 5.0
TL 1790360777.610 376.2 3.3
TL 1790360777.710 74.6 1.3
TL 1790360777.811 327.7 4.2
TL 1790360777.911 325.4 4.4
TL 1790360778.011 97.6 1.5
TL 1790360778.111 164.0 2.8
TL 1790360778.211 126.7 1.2
TL 1790360778.312 624.0 3.9
TL 1790360778.412 399.9 4.5
TL 1790360778.512 662.2 3.6
TL 1790360778.612 336.9 3.5
TL 1790360778.712 90.6 1.1
TL 1790360778.812 386.0 3.1
TL 1790360778.913 229.9 3.6
TL 1790360779.013 310.9 3.5
TL 1790360779.113 65.4 2.9
TL 1790360779.213 65.1 1.4
TL 1790360779.313 81.1 2.3
TL 1790360779.413 65.5 2.3
TL 1790360779.513 87.2 2.6
TL 1790360779.613 314.1 3.5
TL 1790360779.713 82.1 1.6
TL 1790360779.813 73.2 1.8
TL 1790360779.914 131.0 2.2
TL 1790360780.015 878.0 4.2
TL 1790360780.114 212.0 3.3
TL 1790360780.215 301.8 2.6
TL 1790360780.315 165.1 3.6
TL 1790360780.415 113.5 2.7
TL 1790360780.516 939.1 1.9
TL 1790360780.616 273.8 3.0
TL 1790360780.716 200.9 1.4
TL 1790360780.816 77.7 1.7
TL 1790360780.916 269.6 4.0
TL 1790360781.016 313.0 4.2
TL 1790360781.117 487.2 4.0
TL 1790360781.217 420.4 3.0
TL 1790360781.317 108.5 1.9
TL 1790360781.417 138.4 2.9
TL 1790360781.518 1053.5 1.6
TL 1790360781.617 317.1 4.0
TL 1790360781.718 350.9 3.6
TL 1790360781.819 2114.5 3.3
TL 1790360781.918 95.9 2.6
TL 1790360782.018 616.4 4.0
TL 1790360782.118 415.7 4.2
TL 1790360782.218 307.2 2.8
TL 1790360782.319 242.7 4.0
TL 1790360782.419 274.9 3.2
TL 1790360782.519 314.4 4.0
TL 1790360782.619 101.6 1.7
TL 1790360782.719 149.1 2.1
TL 1790360782.819 436.1 1.8
TL 1790360782.919 177.6 2.7
TL 1790360783.020 320.7 3.8
TL 1790360783.120 150.1 2.3
TL 1790360783.220 250.4 2.4
TL 1790360783.320 345.6 6.0
TL 1790360783.420 142.4 2.0
TL 1790360783.520 62.9 1.7
TL 1790360783.620 83.7 3.5
TL 1790360783.721 53.4 1.5
TL 1790360783.821 87.2 1.8
TL 1790360783.921 117.6 1.9
TL 1790360784.023 1704.7 1.9
TL 1790360784.122 350.3 6.5
TL 1790360784.222 379.3 3.5
TL 1790360784.322 268.3 4.6
TL 1790360784.423 366.6 6.5
TL 1790360784.523 267.6 4.1
TL 1790360784.623 140.0 1.8
TL 1790360784.723 94.2 1.4
TL 1790360784.823 359.7 4.1
TL 1790360784.923 125.8 1.5
TL 1790360785.024 627.2 1.8
TL 1790360785.124 209.5 2.8
TL 1790360785.224 430.2 2.1
TL 1790360785.324 216.9 3.7
TL 1790360785.425 371.0 4.0
TL 1790360785.525 233.2 4.2
TL 1790360785.625 84.2 3.1
TL 1790360785.726 328.0 2.3
TL 1790360785.827 785.4 3.6
TL 1790360785.927 1140.9 2.0
TL 1790360786.026 56.1 1.6
TL 1790360786.127 120.2 2.9
TL 1790360786.227 187.3 2.1
TL 1790360786.327 98.6 2.3
TL 1790360786.427 95.3 1.9
TL 1790360786.527 132.2 2.3
TL 1790360786.627 223.9 3.9
TL 1790360786.728 191.2 2.9
TL 1790360786.828 667.8 3.0
TL 1790360786.928 241.5 3.2
TL 1790360787.031 2680.2 1.5
TL 1790360787.128 261.1 4.3
TL 1790360787.229 144.6 1.3
TL 1790360787.329 83.6 2.8
TL 1790360787.429 348.8 4.7
TL 1790360787.529 659.6 3.6
TL 1790360787.630 386.3 76.4
TL 1790360787.729 99.3 1.3
TL 1790360787.830 483.8 260.4
TL 1790360787.930 104.4 1.5
TL 1790360788.031 269.5 75.1
TL 1790360788.133 2547.1 3.8
TL 1790360788.231 107.9 1.6
TL 1790360788.331 80.8 4.4
TL 1790360788.432 533.2 3.7
TL 1790360788.532 292.8 5.2
TL 1790360788.632 415.6 3.9
TL 1790360788.732 146.8 1.6
TL 1790360788.832 121.8 2.2
TL 1790360788.933 221.2 3.3
TL 1790360789.033 175.8 1.5
TL 1790360789.133 56.0 1.6
TL 1790360789.233 348.4 1.6
TL 1790360789.333 89.5 2.7
TL 1790360789.434 278.7 5.1
TL 1790360789.534 333.2 4.8
TL 1790360789.634 244.0 3.4
TL 1790360789.734 131.0 1.2
TL 1790360789.834 174.3 3.1
TL 1790360789.934 320.5 3.7
TL 1790360790.034 70.5 1.7
TL 1790360790.134 47.2 2.0
TL 1790360790.235 701.9 1.5
TL 1790360790.335 302.2 3.6
TL 1790360790.435 63.4 2.3
TL 1790360790.535 132.2 1.8
TL 1790360790.635 68.9 1.8
TL 1790360790.736 397.0 3.0
TL 1790360790.836 112.1 1.6
TL 1790360790.936 84.4 1.6
TL 1790360791.036 241.8 3.3
TL 1790360791.136 182.1 1.5
TL 1790360791.236 74.1 1.4
TL 1790360791.343 6664.7 4.9
TL 1790360791.437 240.2 3.0
TL 1790360791.538 330.4 4.0
TL 1790360791.638 361.4 3.6
TL 1790360791.738 236.0 3.3
TL 1790360791.838 142.0 2.6
TL 1790360791.938 72.3 1.9
TL 1790360792.038 258.3 2.7
TL 1790360792.139 472.7 3.0
TL 1790360792.239 233.0 2.0
TL 1790360792.339 123.1 5.8
TL 1790360792.441 2228.4 1.6
TL 1790360792.539 90.2 1.9
TL 1790360792.639 285.2 3.1
TL 1790360792.739 66.0 2.8
TL 1790360792.839 54.4 1.5
TL 1790360792.940 114.2 1.9
TL 1790360793.040 51.7 1.7
TL 1790360793.140 270.1 3.2
TL 1790360793.240 105.5 1.1
TL 1790360793.340 139.8 1.2
TL 1790360793.440 157.8 1.2
TL 1790360793.541 325.7 4.2
TL 1790360793.641 204.9 4.1
TL 1790360793.741 402.6 2.3
TL 1790360793.841 361.6 4.1
TL 1790360793.942 785.0 2.4
TL 1790360794.042 243.2 2.5
TL 1790360794.142 269.8 3.0
TL 1790360794.242 66.5 1.2
TL 1790360794.342 512.9 1.8
TL 1790360794.442 187.1 2.0
TL 1790360794.542 167.7 3.6
TL 1790360794.642 82.1 1.9
TL 1790360794.743 409.0 2.2
TL 1790360794.843 334.0 5.6
TL 1790360794.944 382.3 6.0
TL 1790360795.044 183.7 3.4
TL 1790360795.144 119.1 2.5
TL 1790360795.245 123.3 2.2
TL 1790360795.345 451.2 3.6
TL 1790360795.445 243.1 3.2
TL 1790360795.548 786.0 2.4
TL 1790360795.648 238.7 3.4
TL 1790360795.748 144.6 1.2
TL 1790360795.848 337.1 4.2
TL 1790360795.949 280.4 4.2
TL 1790360796.049 257.7 3.5
TL 1790360796.149 123.2 1.7
TL 1790360796.249 143.2 2.0
TL 1790360796.349 65.0 1.1
TL 1790360796.449 90.6 1.6
TL 1790360796.549 87.2 4.3
TL 1790360796.650 568.0 4.7
TL 1790360796.750 147.9 1.8
TL 1790360796.850 418.4 5.5
TL 1790360796.950 381.8 4.1
TL 1790360797.050 298.3 5.1
TL 1790360797.150 324.3 4.9
TL 1790360797.250 172.6 1.4
TL 1790360797.351 89.1 3.2
TL 1790360797.451 94.9 2.1
TL 1790360797.551 73.3 1.9
TL 1790360797.651 115.4 2.1
TL 1790360797.751 47.3 1.3
TL 1790360797.851 110.8 2.2
TL 1790360797.951 157.7 4.1
TL 1790360798.052 393.7 4.7
TL 1790360798.152 272.6 4.1
TL 1790360798.252 243.9 3.2
TL 1790360798.352 51.9 2.1
TL 1790360798.452 102.9 2.0
TL 1790360798.553 186.7 3.5
TL 1790360798.653 367.9 3.5
TL 1790360798.753 516.8 2.1
TL 1790360798.853 295.6 4.3
TL 1790360798.954 515.0 3.5
TL 1790360799.054 74.1 1.5
TL 1790360799.154 484.5 5.3
TL 1790360799.254 352.0 2.6
TL 1790360799.355 420.1 2.1
TL 1790360799.455 338.7 2.8
TL 1790360799.555 57.0 0.9
TL 1790360799.655 71.4 1.9
TL 1790360799.755 128.8 2.2
TL 1790360799.855 300.7 2.4
TL 1790360799.955 88.9 1.4
TL 1790360800.056 426.7 2.1
TL 1790360800.156 350.1 2.6
TL 1790360800.256 251.4 2.3
TL 1790360800.356 337.3 2.1
TL 1790360800.456 62.3 1.3
TL 1790360800.557 152.0 19.1
TL 1790360800.657 382.1 4.7
TL 1790360800.757 207.8 1.1
TL 1790360800.857 168.8 3.0
TL 1790360800.957 76.2 1.1
TL 1790360801.058 424.7 3.9
TL 1790360801.158 345.8 3.9
TL 1790360801.258 303.7 2.0
TL 1790360801.358 376.9 2.8
TL 1790360801.458 352.5 4.0
TL 1790360801.558 128.0 2.4
TL 1790360801.659 363.2 2.8
TL 1790360801.759 128.4 0.8
TL 1790360801.859 105.2 3.0
TL 1790360801.959 267.7 1.4
TL 1790360802.059 121.6 1.7
TL 1790360802.159 429.1 3.6
TL 1790360802.259 211.6 1.3
TL 1790360802.359 197.0 2.4
TL 1790360802.460 363.2 2.7
TL 1790360802.560 151.3 0.7
TL 1790360802.660 518.5 4.7
TL 1790360802.760 85.0 1.0
TL 1790360802.860 98.8 2.8
TL 1790360802.961 408.2 3.2
TL 1790360803.061 382.7 1.9
TL 1790360803.161 393.9 5.8
TL 1790360803.261 510.8 1.9
TL 1790360803.361 263.4 2.1
TL 1790360803.461 291.3 2.3
TL 1790360803.562 208.8 2.8
TL 1790360803.662 207.0 3.7
TL 1790360803.762 160.4 1.4
TL 1790360803.862 69.9 1.4
TL 1790360803.962 216.8 2.6
TL 1790360804.062 330.0 2.8
TL 1790360804.162 57.6 2.5
TL 1790360804.262 73.6 2.4
TL 1790360804.362 95.2 2.3
TL 1790360804.463 86.4 1.9
TL 1790360804.563 122.0 2.1
TL 1790360804.663 123.8 2.1
TL 1790360804.763 341.9 2.0
TL 1790360804.863 297.5 4.4
TL 1790360804.964 338.5 2.3
TL 1790360805.064 312.5 3.4
TL 1790360805.164 266.2 3.3
TL 1790360805.264 515.8 3.2
TL 1790360805.365 310.5 3.0
TL 1790360805.465 235.6 2.4
TL 1790360805.565 319.3 2.7
TL 1790360805.665 94.8 1.8
TL 1790360805.765 163.0 2.4
TL 1790360805.866 321.2 4.2
TL 1790360805.966 107.0 1.4
TL 1790360806.066 365.7 2.1
TL 1790360806.167 410.8 4.1
TL 1790360806.267 130.0 1.7
TL 1790360806.368 597.2 3.7
TL 1790360806.468 303.3 3.7
TL 1790360806.568 143.4 1.6
TL 1790360806.668 101.9 2.4
TL 1790360806.768 87.9 1.4
TL 1790360806.868 315.8 3.6
TL 1790360806.968 244.2 2.2
TL 1790360807.069 310.3 3.8
TL 1790360807.169 368.7 3.9
TL 1790360807.269 222.5 3.5
TL 1790360807.369 83.6 1.6
TL 1790360807.469 78.2 1.9
TL 1790360807.569 352.4 3.1
TL 1790360807.669 204.0 3.5
TL 1790360807.770 366.1 2.7
TL 1790360807.870 336.4 3.4
TL 1790360807.970 327.0 2.1
TL 1790360808.070 295.2 3.5
TL 1790360808.170 185.0 3.0
TL 1790360808.270 224.1 2.6
TL 1790360808.371 121.7 0.8
TL 1790360808.471 78.4 0.7
TL 1790360808.571 228.7 1.5
TL 1790360808.671 487.9 3.7
TL 1790360808.771 346.6 1.2
TL 1790360808.871 227.9 1.3
TL 1790360808.971 117.6 1.1
TL 1790360809.072 282.1 4.3
TL 1790360809.172 83.9 1.5
TL 1790360809.272 449.5 2.8
TL 1790360809.374 1851.8 1.5
TL 1790360809.472 99.3 2.1
TL 1790360809.572 109.4 2.9
TL 1790360809.672 71.8 2.9
TL 1790360809.773 83.0 1.7
TL 1790360809.873 54.6 2.9
TL 1790360809.973 132.6 1.7
TL 1790360810.073 268.6 2.6
TL 1790360810.173 98.0 2.6
TL 1790360810.273 96.3 1.2
TL 1790360810.373 113.6 2.1
TL 1790360810.473 70.2 1.8
TL 1790360810.573 106.1 4.6
TL 1790360810.674 77.5 3.7
TL 1790360810.774 153.3 1.6
TL 1790360810.874 147.6 3.3
TL 1790360810.974 119.2 2.1
TL 1790360811.074 80.4 2.3
TL 1790360811.174 85.4 2.4
TL 1790360811.274 260.4 2.1
TL 1790360811.374 115.6 1.8
TL 1790360811.475 107.0 3.6
TL 1790360811.575 345.7 2.6
TL 1790360811.675 206.9 4.0
TL 1790360811.775 81.6 3.0
TL 1790360811.875 129.7 2.0
TL 1790360811.975 110.5 1.7
TL 1790360812.076 148.4 3.2
TL 1790360812.176 91.2 3.8
TL 1790360812.276 207.6 2.9
TL 1790360812.376 109.6 2.7
TL 1790360812.478 1954.3 2.6
TL 1790360812.576 65.6 1.4
TL 1790360812.677 98.1 3.4
TL 1790360812.777 193.7 2.7
TL 1790360812.877 395.5 1.5
TL 1790360812.977 336.2 3.1
TL 1790360813.077 92.6 2.1
TL 1790360813.178 1115.1 1.7
TL 1790360813.277 56.8 1.8
TL 1790360813.377 67.8 1.3
TL 1790360813.477 58.2 3.0
TL 1790360813.578 69.1 2.7
TL 1790360813.678 147.6 2.5
TL 1790360813.778 68.3 1.3
TL 1790360813.878 71.6 2.0
TL 1790360813.978 59.8 2.8
TL 1790360814.078 173.2 3.0
TL 1790360814.180 2249.1 1.4
TL 1790360814.278 109.1 2.6
TL 1790360814.379 66.0 3.8
TL 1790360814.479 310.6 6.7
TL 1790360814.579 99.0 1.0
TL 1790360814.679 106.2 2.8
TL 1790360814.779 106.7 1.6
TL 1790360814.879 166.2 3.0
TL 1790360814.980 438.0 1.4
TL 1790360815.080 346.3 2.6
TL 1790360815.180 346.0 6.0
TL 1790360815.280 358.1 3.7
TL 1790360815.380 219.1 3.2
TL 1790360815.481 177.4 1.8
TL 1790360815.581 222.3 4.4
TL 1790360815.681 97.2 3.0
TL 1790360815.781 278.8 2.2
TL 1790360815.881 282.2 3.9
TL 1790360815.981 234.9 2.6
TL 1790360816.082 239.8 3.0
TL 1790360816.182 176.2 3.4
TL 1790360816.282 113.3 1.1
TL 1790360816.382 151.3 3.1
TL 1790360816.482 279.4 1.8
TL 1790360816.582 65.9 1.6
TL 1790360816.683 324.1 4.1
TL 1790360816.783 78.3 1.4
TL 1790360816.883 89.5 1.5
TL 1790360816.983 246.0 4.0
TL 1790360817.083 273.1 2.9
TL 1790360817.183 153.4 2.4
TL 1790360817.284 326.7 2.6
TL 1790360817.384 368.4 4.5
TL 1790360817.484 284.9 3.7
TL 1790360817.584 134.9 1.2
TL 1790360817.684 92.9 2.6
TL 1790360817.785 400.2 2.2
TL 1790360817.885 238.4 1.9
TL 1790360817.985 333.6 4.4
TL 1790360818.087 398.0 2.2
TL 1790360818.187 331.0 4.5
TL 1790360818.287 238.0 2.9
TL 1790360818.387 202.6 3.3
TL 1790360818.488 546.3 4.0
TL 1790360818.588 197.2 3.3
TL 1790360818.688 105.9 3.3
TL 1790360818.788 255.9 3.5
TL 1790360818.888 217.3 2.6
TL 1790360818.988 75.9 1.3
TL 1790360819.089 242.0 3.1
TL 1790360819.189 258.8 3.9
TL 1790360819.289 78.0 1.4
TL 1790360819.390 317.6 3.6
TL 1790360819.490 309.1 3.4
TL 1790360819.590 255.9 3.9
TL 1790360819.690 240.2 3.2
TL 1790360819.790 271.8 1.9
TL 1790360819.891 332.4 4.9
TL 1790360819.991 311.6 4.4
TL 1790360820.091 109.6 2.1
TL 1790360820.191 464.6 2.0
TL 1790360820.291 80.7 1.4
TL 1790360820.391 87.8 0.7
TL 1790360820.492 546.8 0.6
TL 1790360820.592 150.6 2.7
TL 1790360820.692 355.7 4.5
TL 1790360820.792 307.7 2.1
TL 1790360820.892 268.9 3.6
TL 1790360820.992 302.6 2.8
TL 1790360821.092 112.2 1.6
TL 1790360821.193 186.5 3.7
TL 1790360821.293 182.2 1.1
TL 1790360821.393 224.8 3.5
TL 1790360821.493 314.8 3.3
TL 1790360821.594 264.2 3.1
TL 1790360821.694 370.4 4.3
TL 1790360821.794 270.7 2.4
TL 1790360821.894 218.5 2.7
TL 1790360821.995 240.6 2.8
TL 1790360822.095 355.5 3.8
TL 1790360822.195 183.5 3.9
TL 1790360822.295 106.6 1.8
TL 1790360822.395 61.1 2.6
TL 1790360822.495 351.4 3.4
TL 1790360822.596 397.9 3.3
TL 1790360822.696 102.2 1.9
TL 1790360822.796 273.1 2.0
TL 1790360822.896 200.4 2.5
TL 1790360822.996 243.4 2.7
TL 1790360823.097 407.3 70.0
TL 1790360823.196 63.8 3.1
TL 1790360823.297 90.1 0.7
TL 1790360823.397 64.5 1.8
TL 1790360823.497 327.6 3.1
TL 1790360823.597 271.1 2.6
TL 1790360823.697 455.5 3.8
TL 1790360823.798 664.7 2.6
TL 1790360823.898 216.3 4.6
TL 1790360823.998 312.1 3.7
TL 1790360824.098 330.7 3.5
TL 1790360824.198 223.9 4.2
TL 1790360824.298 81.3 1.5
TL 1790360824.399 188.7 3.3
TL 1790360824.499 294.5 4.2
TL 1790360824.599 331.0 5.1
TL 1790360824.699 250.4 4.0
TL 1790360824.799 146.7 2.0
TL 1790360824.900 345.5 5.2
TL 1790360825.000 299.3 3.6
TL 1790360825.100 144.2 2.0
TL 1790360825.200 168.9 4.0
TL 1790360825.300 150.6 1.0
TL 1790360825.401 312.6 4.8
TL 1790360825.501 223.1 3.3
TL 1790360825.601 333.8 4.6
TL 1790360825.701 484.0 5.1
TL 1790360825.801 351.1 3.0
TL 1790360825.902 249.7 3.5
TL 1790360826.002 147.0 1.8
TL 1790360826.102 78.1 2.3
TL 1790360826.202 99.7 2.8
TL 1790360826.302 427.8 2.6
TL 1790360826.402 226.8 1.0
TL 1790360826.502 234.6 2.6
TL 1790360826.602 249.3 1.7
TL 1790360826.703 292.9 3.5
TL 1790360826.803 95.8 0.9
TL 1790360826.903 150.3 2.0
TL 1790360827.003 84.4 1.5
TL 1790360827.103 76.5 1.4
TL 1790360827.203 223.8 2.9
TL 1790360827.304 347.0 2.2
TL 1790360827.404 97.5 1.6
TL 1790360827.504 620.7 3.0
TL 1790360827.604 248.2 2.4
TL 1790360827.704 273.7 4.3
TL 1790360827.804 215.8 3.1
TL 1790360827.904 86.7 1.5
TL 1790360828.005 229.6 3.1
TL 1790360828.105 157.2 2.0
TL 1790360828.205 86.7 2.5
TL 1790360828.305 205.6 1.9
TL 1790360828.405 246.2 2.4
TL 1790360828.506 379.3 4.0
TL 1790360828.606 211.5 2.8
TL 1790360828.706 179.4 2.7
TL 1790360828.806 321.3 4.0
TL 1790360828.907 317.3 3.4
TL 1790360829.007 158.6 1.4
TL 1790360829.107 101.8 1.5
TL 1790360829.207 268.9 1.9
TL 1790360829.307 275.2 2.0
TL 1790360829.407 318.6 2.6
TL 1790360829.507 184.6 1.3
TL 1790360829.607 108.5 1.4
TL 1790360829.708 359.2 4.4
TL 1790360829.808 116.4 0.8
TL 1790360829.908 65.8 1.0
TL 1790360830.008 385.7 1.9
TL 1790360830.109 546.4 3.6
TL 1790360830.209 320.1 4.5
TL 1790360830.309 281.4 2.4
TL 1790360830.409 277.5 3.8
TL 1790360830.509 286.5 2.7
TL 1790360830.610 370.5 3.8
TL 1790360830.710 280.1 4.2
TL 1790360830.810 94.1 1.0
TL 1790360830.910 357.2 2.9
TL 1790360831.010 295.8 2.9
TL 1790360831.110 90.6 1.4
TL 1790360831.210 176.5 3.2
TL 1790360831.311 280.6 2.7
TL 1790360831.411 258.6 2.2
TL 1790360831.511 323.7 3.3
TL 1790360831.611 201.3 2.8
TL 1790360831.711 77.6 1.6
TL 1790360831.811 105.1 1.3
TL 1790360831.912 218.5 2.0
TL 1790360832.012 199.0 2.8
TL 1790360832.112 205.2 2.3
TL 1790360832.212 64.6 0.8
TL 1790360832.312 271.9 2.3
TL 1790360832.413 335.1 3.7
TL 1790360832.513 155.5 1.0
TL 1790360832.613 215.6 2.6
TL 1790360832.713 69.6 1.8
TL 1790360832.813 201.5 1.9
TL 1790360832.914 374.7 2.4
TL 1790360833.014 214.8 2.2
TL 1790360833.114 204.9 2.1
TL 1790360833.214 337.7 3.9
TL 1790360833.314 330.4 3.6
TL 1790360833.414 202.7 2.7
TL 1790360833.514 225.5 2.4
TL 1790360833.615 98.2 1.4
TL 1790360833.715 165.7 3.4
TL 1790360833.815 100.7 0.9
TL 1790360833.915 275.3 2.3
TL 1790360834.015 311.2 4.7
TL 1790360834.115 250.0 2.2
TL 1790360834.216 323.2 3.6
TL 1790360834.316 223.2 3.6
TL 1790360834.416 79.8 1.7
TL 1790360834.516 94.9 2.0
TL 1790360834.617 235.7 2.7
TL 1790360834.717 312.9 4.1
TL 1790360834.817 79.8 0.9
TL 1790360834.917 365.6 3.1
TL 1790360835.017 280.4 2.7
TL 1790360835.118 196.9 2.4
TL 1790360835.218 86.6 1.0
TL 1790360835.318 354.2 2.6
TL 1790360835.418 99.0 2.2
TL 1790360835.519 653.1 2.0
TL 1790360835.618 335.7 4.2
TL 1790360835.719 347.1 3.8
TL 1790360835.819 175.0 2.2
TL 1790360835.919 94.3 1.1
TL 1790360836.019 277.7 2.7
TL 1790360836.119 327.7 3.2
TL 1790360836.219 228.7 3.7
TL 1790360836.320 114.4 0.9
TL 1790360836.420 73.9 1.2
TL 1790360836.520 265.9 3.7
TL 1790360836.620 351.6 2.6
TL 1790360836.720 431.0 4.2
TL 1790360836.820 225.3 2.7
TL 1790360836.920 86.7 1.7
TL 1790360837.021 242.1 3.0
TL 1790360837.121 240.5 1.7
TL 1790360837.221 162.7 2.8
TL 1790360837.321 93.5 0.8
TL 1790360837.421 324.1 2.8
TL 1790360837.522 249.4 2.8
TL 1790360837.622 207.2 2.7
TL 1790360837.722 306.4 4.5
TL 1790360837.823 901.9 3.1
TL 1790360837.922 206.6 3.0
TL 1790360838.023 370.3 3.6
TL 1790360838.123 224.5 2.4
TL 1790360838.223 116.5 2.3
TL 1790360838.323 402.6 2.9
TL 1790360838.423 235.1 1.9
TL 1790360838.523 74.5 1.8
TL 1790360838.624 318.9 3.5
TL 1790360838.724 109.8 4.5
TL 1790360838.824 402.9 4.6
TL 1790360838.924 137.7 2.6
TL 1790360839.024 66.5 0.7
TL 1790360839.125 122.8 1.4
TL 1790360839.225 357.7 3.9
TL 1790360839.325 234.6 3.5
TL 1790360839.425 325.1 5.9
TL 1790360839.526 229.5 3.0
TL 1790360839.626 238.1 3.9
TL 1790360839.726 100.3 26.8
TL 1790360839.826 71.3 0.8
TL 1790360839.926 138.2 1.7
TL 1790360840.026 319.9 3.1
TL 1790360840.127 220.8 3.9
TL 1790360840.227 249.7 4.6
TL 1790360840.327 201.1 1.8
TL 1790360840.427 115.1 1.0
TL 1790360840.527 73.3 1.1
TL 1790360840.627 66.8 1.4
TL 1790360840.727 136.3 2.7
TL 1790360840.828 241.5 2.0
TL 1790360840.928 169.6 1.4
TL 1790360841.028 402.2 3.0
TL 1790360841.128 305.1 5.1
TL 1790360841.229 380.0 4.0
TL 1790360841.329 196.4 2.6
TL 1790360841.429 378.4 2.5
TL 1790360841.529 302.8 2.4
TL 1790360841.629 93.9 0.9
TL 1790360841.729 80.7 2.6
TL 1790360841.831 1061.1 2.1
TL 1790360841.931 324.1 3.2
TL 1790360842.031 284.4 0.8
TL 1790360842.133 397.9 2.9
TL 1790360842.233 93.3 2.1
TL 1790360842.333 262.7 2.5
TL 1790360842.433 145.7 2.2
TL 1790360842.533 328.7 2.9
TL 1790360842.634 273.6 2.8
TL 1790360842.734 333.2 1.5
TL 1790360842.834 233.6 2.4
TL 1790360842.934 260.4 2.2
TL 1790360843.034 215.7 2.9
TL 1790360843.136 235.5 3.8
TL 1790360843.236 333.2 5.3
TL 1790360843.336 191.6 2.3
TL 1790360843.437 191.3 1.8
TL 1790360843.537 120.5 1.9
TL 1790360843.637 137.1 2.3
TL 1790360843.737 149.2 4.1
TL 1790360843.837 292.3 4.4
TL 1790360843.938 219.1 2.7
TL 1790360844.038 244.8 3.5
TL 1790360844.138 86.5 1.8
TL 1790360844.238 156.1 3.2
TL 1790360844.338 59.6 0.6
TL 1790360844.438 159.3 2.3
TL 1790360844.538 154.0 1.5
TL 1790360844.639 654.9 5.1
TL 1790360844.739 258.8 3.8
TL 1790360844.839 328.9 2.8
TL 1790360844.939 470.8 3.4
TL 1790360845.039 109.3 1.4
TL 1790360845.139 92.7 1.4
TL 1790360845.239 75.9 1.2
TL 1790360845.340 208.8 1.9
TL 1790360845.440 328.1 3.4
TL 1790360845.540 122.1 1.8
TL 1790360845.640 241.3 4.1
TL 1790360845.741 317.4 4.3
TL 1790360845.841 186.3 1.4
TL 1790360845.941 155.2 1.4
TL 1790360846.041 194.7 3.8
TL 1790360846.141 146.3 1.8
TL 1790360846.241 148.7 2.4
TL 1790360846.341 170.8 0.9
TL 1790360846.442 427.2 2.7
TL 1790360846.542 258.9 3.9
TL 1790360846.642 251.0 3.5
TL 1790360846.742 198.4 2.6
TL 1790360846.843 213.7 1.8
TL 1790360846.943 198.4 2.8
TL 1790360847.043 84.4 1.3
TL 1790360847.143 219.4 2.6
TL 1790360847.243 173.2 1.4
TL 1790360847.343 309.5 2.5
TL 1790360847.443 105.5 0.6
TL 1790360847.544 305.8 4.2
TL 1790360847.644 361.9 3.9
TL 1790360847.744 349.6 3.5
TL 1790360847.844 259.9 39.6
TL 1790360847.945 216.6 292.6
TL 1790360848.044 57.9 2.1
TL 1790360848.145 221.3 3.7
TL 1790360848.245 183.1 2.7
TL 1790360848.345 67.4 2.0
TL 1790360848.445 57.8 1.6
TL 1790360848.545 77.5 3.4
TL 1790360848.645 50.1 1.7
TL 1790360848.745 99.0 4.6
TL 1790360848.845 107.2 3.5
TL 1790360848.946 97.8 1.7
TL 1790360849.046 87.7 1.5
TL 1790360849.146 55.4 2.6
TL 1790360849.246 95.3 2.1
TL 1790360849.346 105.4 1.2
TL 1790360849.446 332.0 3.4
TL 1790360849.546 76.1 3.0
TL 1790360849.647 381.5 1.6
TL 1790360849.747 71.7 2.7
TL 1790360849.847 112.4 2.1
TL 1790360849.947 77.7 4.2
TL 1790360850.047 82.2 2.0
TL 1790360850.147 97.4 1.8
TL 1790360850.247 131.9 2.0
TL 1790360850.348 353.3 1.8
TL 1790360850.448 238.7 2.0
TL 1790360850.548 604.0 2.3
TL 1790360850.648 224.6 2.6
TL 1790360850.748 198.1 3.5
TL 1790360850.848 188.2 2.7
TL 1790360850.949 254.5 3.0
TL 1790360851.049 162.8 2.1
TL 1790360851.149 71.2 1.8
TL 1790360851.249 111.2 2.0
TL 1790360851.350 1429.0 2.5
TL 1790360851.449 51.3 1.5
TL 1790360851.549 130.8 2.5
TL 1790360851.650 302.1 3.4
TL 1790360851.750 113.6 3.4
TL 1790360851.850 91.5 2.4
TL 1790360851.950 81.6 3.3
TL 1790360852.051 461.5 1.7
TL 1790360852.151 92.9 1.7
TL 1790360852.251 94.6 1.4
