1790360370.851794138  293395 1003342
1790360373.279025752       0       0
1790360375.560969501   56172 1003257
1790360377.817763719   72732 1003376
1790360380.074592520       0       0
1790360382.345690280       0       0
1790360384.604459498       0       0
1790360386.853271059       0       0
1790360389.110465642       0       0
1790360391.379895381       0       0
1790360393.644137359       0       0
1790360395.910329910   59784 1003894
1790360398.193947982       0       0
1790360400.467665898   45081 1002886
1790360402.730021522   41519 1002640
1790360404.993136521   59932 1002413
1790360407.391294958   48724 1002540
1790360409.645285738   92307 1003477
1790360411.927887977   50248 1002423
1790360414.204059955   56351 1002671
1790360416.461546309   54657 1002496
1790360418.727589433   66903 1002553
1790360420.987217817   59893 1002632
1790360423.218980993   50400 1002503
1790360425.489976982   84126 1003354
1790360427.780649013   80356 1002808
1790360430.044717241   58153 1002433
1790360432.315589636   66580 1002462
1790360434.575785937   63038 1002358
1790360436.859387394   66930 1002397
1790360439.106256977   69556 1002387
1790360441.510544789   82921 1003096
1790360443.769019163   66819 1003114
1790360446.024956922   85218 1003141
1790360448.279381244   63539 1002534
1790360450.567613952   55748 1002517
1790360452.837831347   49516 1002393
1790360455.112754210   48790 1002428
1790360457.379265928   72814 1002774
1790360459.649440823   55117 1002580
1790360461.921311187   70229 1002896
1790360464.184636811       0       0
1790360466.456578217   56564 1002368
1790360468.710118841   52740 1002442
1790360470.968931236       0       0
1790360473.244526443   95947 1002884
1790360475.644943526   74268 1002752
1790360477.915912431   57539 1002932
1790360480.203249618   59564 1002449
1790360482.465472065       0       0
1790360484.722578782   56320 1002501
1790360486.969883782       0       0
1790360489.226462427   97890 1002895
1790360491.483570082   61279 1002729
1790360493.752660862       0       0
1790360496.038545497   57825 1002431
1790360498.307262527   53245 1002372
1790360500.585243724   49025 1002636
1790360502.850876901   50046 1002384
1790360505.129610702   70661 1002405
1790360507.393719086   76860 1002803
1790360509.799175700   80958 1002627
1790360512.057169866   57190 1002368
1790360514.323612261   45309 1002599
1790360516.594003458       0       0
1790360518.864290697   50844 1002721
1790360521.125673144   52178 1002499
1790360523.378020695   74056 1002745
1790360525.647908611       0       0
1790360527.911949808   53943 1002455
1790360530.193631369   53240 1002377
1790360532.467411941   59360 1002229
1790360534.744215065   48406 1002338
1790360537.011049752   68478 1003150
1790360539.252420689       0       0
1790360541.535752771       0       0
1790360543.942490062       0       0
1790360546.211549072       0       0
1790360548.481542300       0       0
1790360550.803761622       0       0
1790360553.114283913       0       0
