TL 1790356780.868 143.0 0.9
TL 1790356780.968 232.0 2.8
TL 1790356781.069 324.6 4.1
TL 1790356781.169 339.0 3.4
TL 1790356781.269 330.7 3.1
TL 1790356781.369 487.4 5.3
TL 1790356781.469 286.7 4.9
TL 1790356781.569 241.1 3.3
TL 1790356781.670 242.3 3.6
TL 1790356781.770 235.8 2.8
TL 1790356781.871 890.7 3.4
TL 1790356781.970 194.5 3.2
TL 1790356782.071 133.5 2.0
TL 1790356782.172 288.0 3.3
TL 1790356782.272 205.3 2.4
TL 1790356782.372 352.1 2.9
TL 1790356782.473 734.3 4.1
TL 1790356782.573 678.0 4.9
TL 1790356782.673 547.7 3.6
TL 1790356782.773 521.9 3.7
TL 1790356782.874 592.0 12.0
TL 1790356782.974 444.0 2.3
TL 1790356783.074 515.9 3.3
TL 1790356783.174 390.9 4.5
TL 1790356783.275 960.1 3.6
TL 1790356783.375 373.1 4.0
TL 1790356783.475 487.4 4.3
TL 1790356783.576 453.8 3.9
TL 1790356783.676 336.0 4.1
TL 1790356783.776 424.5 4.1
TL 1790356783.876 224.0 3.2
TL 1790356783.977 520.2 3.4
TL 1790356784.076 325.2 3.2
TL 1790356784.177 363.9 5.7
TL 1790356784.277 314.6 4.1
TL 1790356784.378 980.5 4.4
TL 1790356784.477 476.4 4.0
TL 1790356784.578 641.5 3.0
TL 1790356784.678 478.1 3.7
TL 1790356784.778 337.3 4.1
TL 1790356784.878 238.7 3.5
TL 1790356784.978 347.7 5.0
TL 1790356785.078 354.1 4.4
TL 1790356785.179 405.9 4.1
TL 1790356785.279 518.6 4.3
TL 1790356785.380 440.5 4.2
TL 1790356785.480 608.7 3.0
TL 1790356785.580 361.6 4.3
TL 1790356785.680 616.0 3.2
TL 1790356785.780 419.7 4.2
TL 1790356785.880 209.6 3.2
TL 1790356785.981 343.5 5.3
TL 1790356786.081 311.8 4.7
TL 1790356786.182 409.8 4.7
TL 1790356786.282 310.4 4.2
TL 1790356786.382 307.7 5.0
TL 1790356786.482 338.9 5.1
TL 1790356786.582 294.0 4.5
TL 1790356786.683 300.3 5.1
TL 1790356786.783 362.8 159.6
TL 1790356786.883 287.7 4.4
TL 1790356786.984 355.3 4.3
TL 1790356787.084 339.0 4.1
TL 1790356787.184 575.1 4.2
TL 1790356787.284 675.2 3.5
TL 1790356787.384 313.4 3.6
TL 1790356787.484 133.5 2.4
TL 1790356787.588 216.9 3.3
TL 1790356787.688 256.4 3.2
TL 1790356787.789 256.0 3.3
TL 1790356787.889 273.6 4.4
TL 1790356787.989 422.2 4.1
TL 1790356788.089 301.5 3.2
TL 1790356788.189 273.9 4.4
TL 1790356788.289 338.0 4.6
TL 1790356788.390 410.2 4.3
TL 1790356788.490 262.9 3.4
TL 1790356788.590 123.8 2.6
TL 1790356788.690 115.5 2.7
TL 1790356788.790 345.3 3.4
TL 1790356788.890 570.9 4.4
TL 1790356788.990 259.3 2.6
TL 1790356789.091 337.5 4.4
TL 1790356789.191 262.2 2.2
TL 1790356789.292 478.2 3.6
TL 1790356789.391 222.2 3.3
TL 1790356789.492 252.4 2.1
TL 1790356789.592 237.5 3.5
TL 1790356789.692 201.1 2.0
TL 1790356789.792 254.4 4.0
TL 1790356789.893 460.9 4.8
TL 1790356789.993 228.9 2.4
TL 1790356790.093 288.2 5.2
TL 1790356790.194 356.2 5.1
TL 1790356790.294 554.4 3.8
TL 1790356790.394 385.8 3.6
TL 1790356790.495 823.0 3.6
TL 1790356790.595 466.5 5.1
TL 1790356790.695 319.6 5.0
TL 1790356790.795 91.0 3.4
TL 1790356790.895 108.6 4.3
TL 1790356790.996 334.4 2.4
TL 1790356791.096 769.9 4.4
TL 1790356791.197 359.0 4.4
TL 1790356791.297 314.6 4.4
TL 1790356791.397 316.9 3.6
TL 1790356791.497 133.7 2.7
TL 1790356791.598 423.1 4.5
TL 1790356791.698 399.3 3.3
TL 1790356791.798 523.3 4.3
TL 1790356791.899 509.4 3.6
TL 1790356791.998 276.4 3.1
TL 1790356792.099 196.5 2.7
TL 1790356792.199 330.8 4.2
TL 1790356792.299 769.6 3.4
TL 1790356792.399 315.6 4.6
TL 1790356792.500 501.9 3.9
TL 1790356792.601 658.3 3.3
TL 1790356792.701 691.3 4.1
TL 1790356792.801 480.9 3.5
TL 1790356792.901 650.3 3.9
TL 1790356793.001 561.9 4.0
TL 1790356793.102 772.3 4.1
TL 1790356793.202 614.9 4.6
TL 1790356793.302 763.9 3.2
TL 1790356793.402 260.1 3.3
TL 1790356793.502 158.2 4.2
TL 1790356793.602 329.2 3.2
TL 1790356793.702 329.2 4.8
TL 1790356793.802 280.7 3.2
TL 1790356793.903 372.9 6.4
TL 1790356794.003 332.0 4.3
TL 1790356794.103 353.3 5.1
TL 1790356794.203 190.9 2.6
TL 1790356794.304 492.7 3.9
TL 1790356794.404 723.7 2.9
TL 1790356794.504 416.1 3.7
TL 1790356794.604 348.0 3.7
TL 1790356794.705 562.0 4.7
TL 1790356794.805 142.1 2.4
TL 1790356794.905 257.8 4.2
TL 1790356795.005 304.9 3.6
TL 1790356795.106 457.7 3.3
TL 1790356795.206 662.6 3.4
TL 1790356795.306 679.5 3.2
TL 1790356795.407 1665.4 3.2
TL 1790356795.506 468.5 3.7
TL 1790356795.607 633.7 3.9
TL 1790356795.707 675.3 3.0
TL 1790356795.807 317.7 3.5
TL 1790356795.908 389.1 2.5
TL 1790356796.008 436.4 3.4
TL 1790356796.108 398.0 4.1
TL 1790356796.208 319.1 4.4
TL 1790356796.309 861.0 3.4
TL 1790356796.409 601.9 3.8
TL 1790356796.509 338.5 4.0
TL 1790356796.609 300.2 4.2
TL 1790356796.710 326.1 4.9
TL 1790356796.810 415.7 3.6
TL 1790356796.910 669.1 3.5
TL 1790356797.010 454.9 3.6
TL 1790356797.110 297.6 4.6
TL 1790356797.211 434.2 4.2
TL 1790356797.311 767.8 3.2
TL 1790356797.411 539.1 2.8
TL 1790356797.512 714.1 3.4
TL 1790356797.612 796.4 4.0
TL 1790356797.712 708.4 3.5
TL 1790356797.812 599.1 3.0
TL 1790356797.912 352.9 2.4
TL 1790356798.012 328.1 2.6
TL 1790356798.113 844.6 3.0
TL 1790356798.213 517.7 4.4
TL 1790356798.313 393.4 3.7
TL 1790356798.413 281.2 4.0
TL 1790356798.513 810.9 4.7
TL 1790356798.614 986.4 4.0
TL 1790356798.714 649.7 3.5
TL 1790356798.814 181.8 2.7
TL 1790356798.914 301.4 4.4
TL 1790356799.014 347.4 3.5
TL 1790356799.115 527.4 3.7
TL 1790356799.216 702.5 3.2
TL 1790356799.316 378.6 3.0
TL 1790356799.417 688.1 4.1
TL 1790356799.517 578.9 4.1
TL 1790356799.617 465.9 3.2
TL 1790356799.717 314.2 4.0
TL 1790356799.817 250.3 3.3
TL 1790356799.919 1580.4 4.0
TL 1790356800.018 274.6 3.3
TL 1790356800.118 315.0 4.6
TL 1790356800.218 178.1 3.2
TL 1790356800.318 384.1 4.7
TL 1790356800.419 366.3 4.1
TL 1790356800.519 292.3 3.4
TL 1790356800.619 464.2 4.3
TL 1790356800.719 229.0 3.8
TL 1790356800.819 228.5 2.7
TL 1790356800.919 334.7 3.8
TL 1790356801.020 332.2 3.7
TL 1790356801.120 445.0 5.7
TL 1790356801.221 889.6 3.5
TL 1790356801.320 356.8 4.3
TL 1790356801.420 293.4 4.6
TL 1790356801.520 277.1 3.7
TL 1790356801.621 293.4 4.5
TL 1790356801.721 350.0 4.8
TL 1790356801.821 364.3 4.5
TL 1790356801.922 1021.7 4.9
TL 1790356802.022 276.2 4.6
TL 1790356802.122 340.7 4.5
TL 1790356802.222 289.2 4.1
TL 1790356802.322 306.3 4.6
TL 1790356802.423 540.1 4.7
TL 1790356802.523 378.9 4.5
TL 1790356802.624 840.7 3.3
TL 1790356802.724 438.2 3.4
TL 1790356802.824 468.4 3.5
TL 1790356802.925 678.6 3.0
TL 1790356803.026 892.8 4.0
TL 1790356803.125 317.3 5.1
TL 1790356803.226 387.8 3.7
TL 1790356803.326 389.1 3.0
TL 1790356803.426 427.6 2.7
TL 1790356803.527 850.0 3.4
TL 1790356803.627 605.0 4.7
TL 1790356803.727 341.1 4.1
TL 1790356803.827 363.5 4.2
TL 1790356803.927 294.3 3.1
TL 1790356804.027 258.0 3.0
TL 1790356804.128 749.2 2.8
TL 1790356804.228 272.0 4.7
TL 1790356804.329 890.3 2.9
TL 1790356804.428 565.0 4.2
TL 1790356804.529 478.2 4.3
TL 1790356804.629 299.1 144.9
TL 1790356804.729 720.7 4.8
TL 1790356804.830 1104.3 3.2
TL 1790356804.929 281.8 5.1
TL 1790356805.029 232.5 3.7
TL 1790356805.131 1217.9 4.1
TL 1790356805.231 725.5 4.3
TL 1790356805.331 696.7 3.9
TL 1790356805.431 224.3 3.6
TL 1790356805.532 531.7 5.0
TL 1790356805.632 268.6 4.2
TL 1790356805.732 457.4 2.6
TL 1790356805.833 1364.8 3.3
TL 1790356805.933 511.4 4.9
TL 1790356806.033 580.9 2.4
TL 1790356806.133 289.9 4.0
TL 1790356806.233 816.5 3.5
TL 1790356806.334 400.8 3.6
TL 1790356806.435 442.4 4.7
TL 1790356806.536 371.7 3.3
TL 1790356806.635 116.4 3.1
TL 1790356806.736 158.3 3.3
TL 1790356806.836 326.2 4.4
TL 1790356806.936 375.3 3.7
TL 1790356807.037 579.5 3.4
TL 1790356807.137 354.0 4.1
TL 1790356807.237 914.4 4.2
TL 1790356807.337 594.3 3.6
TL 1790356807.438 852.3 3.4
TL 1790356807.538 574.5 4.7
TL 1790356807.637 223.4 3.4
TL 1790356807.738 380.2 3.7
TL 1790356807.838 491.3 3.9
TL 1790356807.938 407.5 2.6
TL 1790356808.038 225.7 3.1
TL 1790356808.138 291.4 4.7
TL 1790356808.239 321.6 4.5
TL 1790356808.339 353.6 4.1
TL 1790356808.439 378.1 5.4
TL 1790356808.540 643.7 34.1
TL 1790356808.640 948.8 74.3
TL 1790356808.740 472.1 2.4
TL 1790356808.840 297.1 4.9
TL 1790356808.940 392.4 4.6
TL 1790356809.040 357.4 3.4
TL 1790356809.141 358.1 3.3
TL 1790356809.241 223.7 3.1
TL 1790356809.342 867.0 10.5
TL 1790356809.441 279.2 3.6
TL 1790356809.543 405.1 3.7
TL 1790356809.643 204.4 3.3
TL 1790356809.744 354.5 3.2
TL 1790356809.844 491.8 3.8
TL 1790356809.944 373.7 3.7
TL 1790356810.044 267.3 4.1
TL 1790356810.144 721.1 4.4
TL 1790356810.245 685.5 2.9
TL 1790356810.345 660.4 3.7
TL 1790356810.445 670.2 4.0
TL 1790356810.545 823.5 3.2
TL 1790356810.645 249.3 3.6
TL 1790356810.745 382.2 4.0
TL 1790356810.845 414.2 4.6
TL 1790356810.946 536.3 3.4
TL 1790356811.046 365.6 2.1
TL 1790356811.146 304.2 5.0
TL 1790356811.247 305.8 4.8
TL 1790356811.347 725.1 3.1
TL 1790356811.447 304.8 4.2
TL 1790356811.547 311.5 4.7
TL 1790356811.648 641.0 3.9
TL 1790356811.748 347.7 4.1
TL 1790356811.848 592.0 3.9
TL 1790356811.948 294.0 4.3
TL 1790356812.049 395.8 3.7
TL 1790356812.149 304.4 4.0
TL 1790356812.249 448.2 3.6
TL 1790356812.349 481.9 3.9
TL 1790356812.449 305.5 4.6
TL 1790356812.550 574.0 4.2
TL 1790356812.651 382.1 4.1
TL 1790356812.751 513.4 3.7
TL 1790356812.851 270.9 4.3
TL 1790356812.952 552.1 4.0
TL 1790356813.051 292.6 4.3
TL 1790356813.152 273.3 4.1
TL 1790356813.252 333.9 3.8
TL 1790356813.353 309.5 4.6
TL 1790356813.453 317.9 4.9
TL 1790356813.554 976.4 3.3
TL 1790356813.653 651.1 4.1
TL 1790356813.753 405.7 3.1
TL 1790356813.854 598.0 3.6
TL 1790356813.954 597.7 4.3
TL 1790356814.054 340.7 2.8
TL 1790356814.154 369.9 3.6
TL 1790356814.254 399.5 3.0
TL 1790356814.355 396.6 3.9
TL 1790356814.455 348.4 4.3
TL 1790356814.555 356.0 3.7
TL 1790356814.656 882.2 4.6
TL 1790356814.756 598.0 2.4
TL 1790356814.856 274.8 4.4
TL 1790356814.956 286.6 4.0
TL 1790356815.057 630.8 2.9
TL 1790356815.157 880.4 4.2
TL 1790356815.257 356.7 3.4
TL 1790356815.358 464.0 5.2
TL 1790356815.458 692.3 3.1
TL 1790356815.558 265.0 2.6
TL 1790356815.659 876.3 4.2
TL 1790356815.758 408.7 4.1
TL 1790356815.859 1279.5 5.4
TL 1790356815.958 186.5 2.1
TL 1790356816.059 277.1 3.1
TL 1790356816.159 645.8 3.2
TL 1790356816.259 290.9 4.2
TL 1790356816.359 261.1 3.6
TL 1790356816.460 686.2 4.2
TL 1790356816.560 331.5 5.1
TL 1790356816.660 406.0 6.1
TL 1790356816.760 134.4 2.8
TL 1790356816.860 276.5 3.9
TL 1790356816.960 324.2 4.7
TL 1790356817.061 280.6 3.6
TL 1790356817.161 354.3 4.7
TL 1790356817.261 715.7 3.5
TL 1790356817.362 307.2 4.5
TL 1790356817.462 607.9 4.2
TL 1790356817.563 784.0 3.9
TL 1790356817.664 821.6 3.2
TL 1790356817.763 226.6 3.3
TL 1790356817.864 293.1 4.6
TL 1790356817.964 656.5 2.7
TL 1790356818.064 247.8 2.2
TL 1790356818.164 328.6 4.4
TL 1790356818.264 365.4 3.2
TL 1790356818.365 530.2 5.2
TL 1790356818.465 459.0 5.4
TL 1790356818.565 680.3 3.0
TL 1790356818.665 348.2 5.1
TL 1790356818.765 391.3 4.6
TL 1790356818.865 283.2 4.4
TL 1790356818.966 347.4 4.4
TL 1790356819.066 267.7 3.6
TL 1790356819.166 428.2 4.2
TL 1790356819.267 313.1 4.6
TL 1790356819.367 338.6 4.7
TL 1790356819.467 474.9 3.9
TL 1790356819.567 298.3 2.8
TL 1790356819.667 524.8 4.1
TL 1790356819.767 402.6 3.8
TL 1790356819.868 309.0 3.4
TL 1790356819.969 1030.1 3.9
TL 1790356820.068 451.5 2.9
TL 1790356820.168 347.4 4.2
TL 1790356820.268 263.4 3.6
TL 1790356820.369 303.9 4.3
TL 1790356820.469 400.3 4.8
TL 1790356820.570 1069.7 3.7
TL 1790356820.670 758.3 5.0
TL 1790356820.770 214.4 3.8
TL 1790356820.870 319.1 2.8
TL 1790356820.971 927.6 3.2
TL 1790356821.070 334.1 5.1
TL 1790356821.172 1286.0 2.8
TL 1790356821.272 1275.9 5.0
TL 1790356821.372 341.9 3.3
TL 1790356821.473 650.2 3.2
TL 1790356821.573 308.2 3.5
TL 1790356821.673 420.6 4.0
TL 1790356821.773 279.4 3.9
TL 1790356821.874 442.1 4.5
TL 1790356821.974 595.7 3.3
TL 1790356822.074 298.6 3.2
TL 1790356822.175 293.4 3.8
TL 1790356822.275 310.1 4.8
TL 1790356822.375 287.6 3.6
TL 1790356822.475 302.3 4.7
TL 1790356822.576 920.9 3.4
TL 1790356822.676 443.9 3.0
TL 1790356822.776 378.8 3.3
TL 1790356822.876 265.6 3.0
TL 1790356822.976 473.7 4.6
TL 1790356823.077 332.7 2.3
TL 1790356823.177 310.0 4.4
TL 1790356823.277 306.5 4.2
TL 1790356823.377 445.7 4.8
TL 1790356823.478 773.6 3.4
TL 1790356823.578 480.4 3.6
TL 1790356823.678 355.8 3.5
TL 1790356823.778 197.2 2.6
TL 1790356823.878 462.0 5.2
TL 1790356823.978 391.9 5.1
TL 1790356824.078 374.4 1.6
TL 1790356824.179 806.6 3.0
TL 1790356824.279 633.7 3.4
TL 1790356824.379 769.8 3.9
TL 1790356824.479 744.7 3.0
TL 1790356824.580 892.2 3.5
TL 1790356824.680 875.7 4.2
TL 1790356824.780 388.9 2.4
TL 1790356824.880 290.2 3.9
TL 1790356824.981 786.6 3.6
TL 1790356825.081 222.0 2.5
TL 1790356825.181 386.4 4.1
TL 1790356825.282 749.9 4.3
TL 1790356825.382 472.2 6.5
TL 1790356825.482 417.5 4.7
TL 1790356825.582 301.3 4.3
TL 1790356825.683 691.5 3.4
TL 1790356825.784 489.4 3.7
TL 1790356825.884 377.9 3.7
TL 1790356825.984 355.1 3.5
TL 1790356826.084 190.1 2.0
TL 1790356826.185 655.4 3.7
TL 1790356826.286 1141.4 4.4
TL 1790356826.386 688.7 3.3
TL 1790356826.485 319.9 4.4
TL 1790356826.585 340.1 4.1
TL 1790356826.686 329.7 4.0
TL 1790356826.786 300.9 3.7
TL 1790356826.886 350.5 4.0
TL 1790356826.986 297.8 3.5
TL 1790356827.086 313.6 2.2
TL 1790356827.187 486.4 3.1
TL 1790356827.287 664.9 4.3
TL 1790356827.387 560.3 3.7
TL 1790356827.487 282.4 4.1
TL 1790356827.588 1075.9 3.8
TL 1790356827.688 852.0 4.0
TL 1790356827.788 253.6 4.0
TL 1790356827.888 908.9 3.2
TL 1790356827.988 541.0 3.7
TL 1790356828.088 189.7 1.1
TL 1790356828.188 301.4 3.8
TL 1790356828.289 430.5 4.3
TL 1790356828.389 378.4 4.8
TL 1790356828.490 409.4 5.9
TL 1790356828.590 735.4 3.9
TL 1790356828.690 366.7 4.7
TL 1790356828.791 851.9 3.4
TL 1790356828.891 729.9 3.0
TL 1790356828.992 1056.1 152.4
TL 1790356829.091 164.3 0.9
TL 1790356829.191 292.8 3.3
TL 1790356829.292 489.7 2.3
TL 1790356829.392 343.1 4.1
TL 1790356829.493 1111.4 3.2
TL 1790356829.592 304.0 3.1
TL 1790356829.692 410.7 4.2
TL 1790356829.793 939.2 4.0
TL 1790356829.893 497.4 3.4
TL 1790356829.993 422.2 4.4
TL 1790356830.093 137.2 1.7
TL 1790356830.193 464.0 2.8
TL 1790356830.293 352.4 4.8
TL 1790356830.394 727.2 5.5
TL 1790356830.494 286.1 4.4
TL 1790356830.594 364.4 3.6
TL 1790356830.695 400.4 4.8
TL 1790356830.795 431.0 4.2
TL 1790356830.895 337.1 4.1
TL 1790356830.995 407.7 3.7
TL 1790356831.096 363.8 2.9
TL 1790356831.196 363.6 4.0
TL 1790356831.296 661.6 4.6
TL 1790356831.396 472.7 3.7
TL 1790356831.497 254.1 3.9
TL 1790356831.598 263.7 3.2
TL 1790356831.699 415.4 53.9
TL 1790356831.799 454.3 3.7
TL 1790356831.899 366.5 4.2
TL 1790356832.000 828.4 3.8
TL 1790356832.100 313.5 1.3
TL 1790356832.200 344.2 4.4
TL 1790356832.300 342.9 5.1
TL 1790356832.401 328.4 4.8
TL 1790356832.501 336.0 5.3
TL 1790356832.601 347.9 6.0
TL 1790356832.701 575.7 5.1
TL 1790356832.801 243.3 3.5
TL 1790356832.901 361.2 4.0
TL 1790356833.002 421.1 4.1
TL 1790356833.102 247.7 4.0
TL 1790356833.202 278.7 2.8
TL 1790356833.302 301.8 4.9
TL 1790356833.403 377.3 4.3
TL 1790356833.503 449.5 4.7
TL 1790356833.603 491.3 5.5
TL 1790356833.704 577.9 5.5
TL 1790356833.804 388.9 3.8
TL 1790356833.904 645.2 4.0
TL 1790356834.004 268.1 3.5
TL 1790356834.105 409.6 3.5
TL 1790356834.205 327.6 3.7
TL 1790356834.306 916.6 3.3
TL 1790356834.405 329.0 4.6
TL 1790356834.506 543.6 3.8
TL 1790356834.606 1076.5 3.3
TL 1790356834.706 666.6 3.9
TL 1790356834.806 321.0 4.0
TL 1790356834.906 453.3 3.2
TL 1790356835.007 343.0 3.8
TL 1790356835.107 420.9 4.0
TL 1790356835.209 2190.2 3.9
TL 1790356835.307 287.9 4.5
TL 1790356835.408 364.0 4.0
TL 1790356835.508 599.3 2.7
TL 1790356835.608 433.4 4.7
TL 1790356835.709 685.0 5.0
TL 1790356835.809 386.9 3.7
TL 1790356835.909 400.8 3.9
TL 1790356836.010 929.3 4.3
TL 1790356836.110 510.3 4.0
TL 1790356836.210 481.7 3.7
TL 1790356836.310 331.5 4.8
TL 1790356836.411 390.5 4.1
TL 1790356836.511 220.4 3.5
TL 1790356836.612 831.3 4.0
TL 1790356836.712 433.7 4.4
TL 1790356836.812 340.3 3.9
TL 1790356836.912 646.7 3.0
TL 1790356837.013 817.8 4.5
TL 1790356837.113 801.2 2.7
TL 1790356837.213 697.8 3.3
TL 1790356837.314 823.1 3.7
TL 1790356837.414 1200.5 3.9
TL 1790356837.514 438.2 3.9
TL 1790356837.615 1083.6 3.1
TL 1790356837.715 343.5 4.5
TL 1790356837.815 577.3 3.6
TL 1790356837.916 963.0 3.5
TL 1790356838.015 321.5 3.6
TL 1790356838.115 471.0 4.4
TL 1790356838.216 313.8 4.2
TL 1790356838.317 583.7 4.4
TL 1790356838.417 419.7 4.8
TL 1790356838.517 402.4 4.9
TL 1790356838.617 547.9 4.8
TL 1790356838.718 1191.7 4.2
TL 1790356838.817 254.4 6.1
TL 1790356838.918 539.9 3.9
TL 1790356839.018 329.2 4.0
TL 1790356839.118 352.8 4.1
TL 1790356839.219 511.4 2.6
TL 1790356839.319 479.1 4.4
TL 1790356839.419 659.7 3.9
TL 1790356839.519 602.5 3.4
TL 1790356839.620 812.8 2.8
TL 1790356839.720 746.6 3.2
TL 1790356839.820 429.5 3.9
TL 1790356839.920 563.3 1.6
TL 1790356840.021 1169.6 4.7
TL 1790356840.121 317.6 4.6
TL 1790356840.221 401.2 4.3
TL 1790356840.322 503.1 4.4
TL 1790356840.422 337.2 4.8
TL 1790356840.522 302.9 5.4
TL 1790356840.622 297.5 4.8
TL 1790356840.723 623.1 4.4
TL 1790356840.823 311.7 3.9
TL 1790356840.923 578.1 5.4
TL 1790356841.024 999.5 3.7
TL 1790356841.124 670.3 2.7
TL 1790356841.223 101.6 3.5
TL 1790356841.324 155.5 4.0
TL 1790356841.424 165.4 4.8
TL 1790356841.524 284.0 3.9
TL 1790356841.624 96.6 2.0
TL 1790356841.724 212.4 2.2
TL 1790356841.824 182.3 3.5
TL 1790356841.925 230.7 2.8
TL 1790356842.025 125.2 3.0
TL 1790356842.125 197.0 4.4
TL 1790356842.225 180.8 1.8
TL 1790356842.325 242.7 2.7
TL 1790356842.426 246.1 2.9
TL 1790356842.526 244.4 4.3
TL 1790356842.626 117.8 2.5
TL 1790356842.726 154.0 3.2
TL 1790356842.826 141.5 2.8
TL 1790356842.927 290.6 3.9
TL 1790356843.027 191.3 3.1
TL 1790356843.127 142.0 2.8
TL 1790356843.227 147.6 3.0
TL 1790356843.327 153.2 2.9
TL 1790356843.427 446.7 2.7
TL 1790356843.527 383.2 2.5
TL 1790356843.627 130.9 2.4
TL 1790356843.728 232.9 2.9
TL 1790356843.828 158.3 3.1
TL 1790356843.928 147.6 2.8
TL 1790356844.028 602.2 2.6
TL 1790356844.128 274.9 2.9
TL 1790356844.228 137.6 2.6
TL 1790356844.328 155.1 2.9
TL 1790356844.429 138.8 2.7
TL 1790356844.529 149.0 2.8
TL 1790356844.629 116.5 2.9
TL 1790356844.729 310.1 2.8
TL 1790356844.829 224.0 2.6
TL 1790356844.929 184.5 2.5
TL 1790356845.030 474.0 2.3
TL 1790356845.130 321.3 2.5
TL 1790356845.230 419.1 2.0
TL 1790356845.331 587.3 2.8
TL 1790356845.430 232.0 2.0
TL 1790356845.530 133.8 2.1
TL 1790356845.630 196.9 2.1
TL 1790356845.730 148.3 2.8
TL 1790356845.831 262.8 2.2
TL 1790356845.931 105.9 2.4
TL 1790356846.031 153.3 2.8
TL 1790356846.131 141.2 2.6
TL 1790356846.231 148.1 3.0
TL 1790356846.331 157.2 3.3
TL 1790356846.431 142.9 2.7
TL 1790356846.531 128.2 3.0
TL 1790356846.632 171.8 3.1
TL 1790356846.732 227.7 2.5
TL 1790356846.832 382.7 3.2
TL 1790356846.932 164.8 2.4
TL 1790356847.033 221.8 3.2
TL 1790356847.133 266.1 4.1
TL 1790356847.233 91.9 3.7
TL 1790356847.334 341.8 1.9
TL 1790356847.434 122.5 2.3
TL 1790356847.534 165.6 2.7
TL 1790356847.634 180.9 4.2
TL 1790356847.734 103.9 2.0
TL 1790356847.834 122.7 1.9
TL 1790356847.935 121.0 2.5
TL 1790356848.035 100.8 2.0
TL 1790356848.135 124.4 2.1
TL 1790356848.235 110.2 1.4
TL 1790356848.335 242.9 3.3
TL 1790356848.435 125.3 2.2
TL 1790356848.535 328.6 2.3
TL 1790356848.635 109.1 2.1
TL 1790356848.735 120.4 2.6
TL 1790356848.836 199.1 2.6
TL 1790356848.936 101.8 1.9
TL 1790356849.036 128.2 2.2
TL 1790356849.136 166.5 2.9
TL 1790356849.236 174.7 2.2
TL 1790356849.336 208.6 2.6
TL 1790356849.436 239.7 3.3
TL 1790356849.536 182.1 2.3
TL 1790356849.637 203.2 3.6
TL 1790356849.737 165.7 2.4
TL 1790356849.837 365.6 2.1
TL 1790356849.937 173.7 2.1
TL 1790356850.039 130.0 1.9
TL 1790356850.139 282.9 2.4
TL 1790356850.239 155.2 1.8
TL 1790356850.339 399.9 1.6
TL 1790356850.439 267.7 3.8
TL 1790356850.539 154.6 2.5
TL 1790356850.639 211.8 2.0
TL 1790356850.741 1807.4 2.2
TL 1790356850.840 172.3 2.0
TL 1790356850.940 140.4 2.0
TL 1790356851.040 436.9 4.0
TL 1790356851.140 127.9 2.4
TL 1790356851.240 188.2 2.1
TL 1790356851.340 459.4 2.0
TL 1790356851.440 248.2 3.3
TL 1790356851.540 186.4 2.6
TL 1790356851.640 104.4 2.3
TL 1790356851.741 274.4 4.3
TL 1790356851.841 262.6 3.0
TL 1790356851.941 173.7 2.6
TL 1790356852.041 165.9 2.4
TL 1790356852.141 279.2 3.7
TL 1790356852.241 112.4 1.1
TL 1790356852.341 267.8 3.5
TL 1790356852.442 334.2 3.6
TL 1790356852.542 371.8 3.1
TL 1790356852.642 115.0 1.7
TL 1790356852.742 323.2 3.5
TL 1790356852.843 708.4 2.6
TL 1790356852.942 196.7 2.5
TL 1790356853.043 377.7 3.5
TL 1790356853.142 163.0 2.4
TL 1790356853.243 167.0 2.1
TL 1790356853.343 273.9 3.5
TL 1790356853.443 222.4 3.1
TL 1790356853.543 164.9 2.4
TL 1790356853.643 138.6 2.9
TL 1790356853.743 182.9 4.1
TL 1790356853.843 189.0 1.9
TL 1790356853.943 145.4 2.1
TL 1790356854.043 134.7 2.4
TL 1790356854.144 132.0 2.6
TL 1790356854.244 136.9 1.4
TL 1790356854.344 155.5 2.2
TL 1790356854.444 145.6 2.3
TL 1790356854.544 287.4 3.6
TL 1790356854.644 231.6 3.2
TL 1790356854.745 435.7 3.4
TL 1790356854.845 285.9 2.3
TL 1790356854.945 133.5 2.6
TL 1790356855.045 146.5 2.5
TL 1790356855.146 1393.1 3.6
TL 1790356855.245 78.3 1.1
TL 1790356855.345 220.6 2.7
TL 1790356855.445 155.2 2.5
TL 1790356855.545 242.4 3.0
TL 1790356855.645 214.3 4.0
TL 1790356855.745 170.8 2.5
TL 1790356855.846 212.0 1.7
TL 1790356855.946 117.2 2.0
TL 1790356856.046 132.1 1.7
TL 1790356856.146 127.3 1.8
TL 1790356856.246 82.3 0.6
TL 1790356856.346 401.4 1.9
TL 1790356856.446 240.8 4.3
TL 1790356856.546 145.7 2.2
TL 1790356856.646 98.6 1.8
TL 1790356856.747 140.6 2.5
TL 1790356856.847 163.3 2.2
TL 1790356856.947 129.4 2.7
TL 1790356857.047 158.3 2.3
TL 1790356857.147 164.0 2.4
TL 1790356857.247 170.0 2.0
TL 1790356857.347 119.8 1.8
TL 1790356857.447 264.4 2.0
TL 1790356857.547 163.6 2.2
TL 1790356857.647 99.2 1.9
TL 1790356857.748 147.7 2.2
TL 1790356857.848 129.4 2.4
TL 1790356857.948 126.0 2.3
TL 1790356858.048 228.2 2.2
TL 1790356858.148 213.0 2.6
TL 1790356858.248 153.9 2.3
TL 1790356858.348 140.9 2.0
TL 1790356858.448 189.1 2.8
TL 1790356858.548 149.3 2.3
TL 1790356858.649 267.4 1.9
TL 1790356858.749 401.7 2.2
TL 1790356858.853 886.2 1.7
TL 1790356858.953 276.0 2.0
TL 1790356859.053 129.4 1.9
TL 1790356859.153 165.2 2.1
TL 1790356859.253 178.2 2.2
TL 1790356859.353 126.4 2.0
TL 1790356859.453 161.8 2.1
TL 1790356859.553 129.7 1.9
TL 1790356859.653 94.7 2.0
TL 1790356859.753 124.2 2.4
TL 1790356859.854 119.0 1.6
TL 1790356859.954 147.2 2.6
TL 1790356860.054 164.4 2.6
TL 1790356860.154 137.6 2.4
TL 1790356860.254 170.2 2.2
TL 1790356860.355 148.2 2.1
TL 1790356860.455 401.5 2.1
TL 1790356860.555 118.2 2.1
TL 1790356860.655 96.2 2.0
TL 1790356860.756 124.4 2.6
TL 1790356860.856 118.7 2.0
TL 1790356860.956 161.9 2.0
TL 1790356861.056 159.1 2.5
TL 1790356861.156 160.0 2.1
TL 1790356861.256 190.9 2.7
TL 1790356861.356 143.7 2.1
TL 1790356861.456 137.0 2.1
TL 1790356861.557 419.1 2.3
TL 1790356861.656 153.3 2.4
TL 1790356861.757 158.5 2.3
TL 1790356861.857 522.7 1.6
TL 1790356861.957 213.3 1.8
TL 1790356862.057 150.3 2.1
TL 1790356862.157 239.5 2.0
TL 1790356862.258 126.4 2.6
TL 1790356862.358 170.8 2.0
TL 1790356862.458 275.7 2.0
TL 1790356862.559 438.5 2.5
TL 1790356862.659 116.3 2.1
TL 1790356862.759 135.1 2.9
TL 1790356862.859 392.4 1.9
TL 1790356862.959 139.6 2.8
TL 1790356863.059 126.4 2.4
TL 1790356863.159 218.3 3.4
TL 1790356863.259 157.1 2.8
TL 1790356863.359 103.0 1.8
TL 1790356863.459 140.3 2.3
TL 1790356863.560 141.7 2.4
TL 1790356863.660 101.1 1.7
TL 1790356863.760 142.4 2.6
TL 1790356863.860 112.4 1.9
TL 1790356863.960 122.1 2.2
TL 1790356864.060 123.0 2.2
TL 1790356864.160 133.9 2.2
TL 1790356864.260 133.7 2.4
TL 1790356864.360 120.3 2.3
TL 1790356864.461 112.3 2.4
TL 1790356864.561 149.7 2.9
TL 1790356864.661 134.1 2.6
TL 1790356864.761 184.7 2.6
TL 1790356864.861 154.6 2.0
TL 1790356864.961 205.7 1.8
TL 1790356865.061 287.1 3.6
TL 1790356865.161 242.2 3.6
TL 1790356865.262 245.9 3.1
TL 1790356865.362 152.0 2.1
TL 1790356865.462 261.1 3.9
TL 1790356865.563 155.3 2.2
TL 1790356865.663 102.5 2.1
TL 1790356865.764 176.3 2.6
TL 1790356865.864 124.7 2.2
TL 1790356865.965 124.6 2.0
TL 1790356866.065 292.0 2.9
TL 1790356866.165 277.4 3.9
TL 1790356866.265 178.6 2.7
TL 1790356866.365 152.0 1.9
TL 1790356866.466 215.9 3.3
TL 1790356866.566 177.6 2.8
TL 1790356866.666 175.1 4.1
TL 1790356866.766 137.3 2.4
TL 1790356866.866 189.8 2.9
TL 1790356866.966 198.6 2.6
TL 1790356867.066 162.8 2.5
TL 1790356867.166 176.2 2.6
TL 1790356867.267 148.5 2.4
TL 1790356867.367 154.8 2.1
TL 1790356867.467 174.1 2.6
TL 1790356867.567 177.9 2.8
TL 1790356867.667 124.9 2.1
TL 1790356867.767 176.6 2.7
TL 1790356867.867 203.1 2.5
TL 1790356867.968 459.5 2.0
TL 1790356868.067 183.0 2.9
TL 1790356868.168 799.2 1.9
TL 1790356868.268 373.2 4.7
TL 1790356868.368 160.5 2.1
TL 1790356868.468 196.8 3.3
TL 1790356868.569 216.6 2.5
TL 1790356868.669 127.9 2.4
TL 1790356868.769 265.5 2.5
TL 1790356868.869 290.5 2.3
TL 1790356868.970 701.2 2.4
TL 1790356869.069 208.1 2.3
TL 1790356869.170 373.0 2.9
TL 1790356869.270 220.1 2.7
TL 1790356869.370 233.0 1.4
TL 1790356869.470 292.7 2.9
TL 1790356869.570 192.8 3.9
TL 1790356869.670 136.6 2.4
TL 1790356869.770 145.2 3.3
TL 1790356869.871 200.7 2.2
TL 1790356869.971 145.5 2.1
TL 1790356870.071 449.9 3.3
TL 1790356870.171 170.5 2.3
TL 1790356870.271 325.7 2.3
TL 1790356870.373 213.4 2.8
TL 1790356870.473 453.7 1.9
TL 1790356870.573 161.4 2.4
TL 1790356870.674 187.9 3.0
TL 1790356870.774 160.8 2.0
TL 1790356870.874 162.3 2.9
TL 1790356870.974 152.3 2.3
TL 1790356871.075 766.5 3.7
TL 1790356871.174 153.2 2.0
TL 1790356871.275 103.4 1.7
TL 1790356871.376 263.9 1.8
TL 1790356871.476 220.5 2.7
TL 1790356871.577 1103.8 2.2
TL 1790356871.677 339.4 1.8
TL 1790356871.777 178.6 1.9
TL 1790356871.877 336.1 3.4
TL 1790356871.977 268.1 2.3
TL 1790356872.077 150.2 2.8
TL 1790356872.177 445.5 2.2
TL 1790356872.278 713.5 2.2
TL 1790356872.377 149.4 2.3
TL 1790356872.478 615.6 2.2
TL 1790356872.578 270.5 2.8
TL 1790356872.679 126.0 2.0
TL 1790356872.779 284.6 3.2
TL 1790356872.879 240.0 2.8
TL 1790356872.979 336.5 4.1
TL 1790356873.079 437.6 1.7
TL 1790356873.179 213.1 3.0
TL 1790356873.279 286.1 2.9
TL 1790356873.380 280.2 1.5
TL 1790356873.480 192.8 3.0
TL 1790356873.580 257.0 3.9
TL 1790356873.680 172.9 2.2
TL 1790356873.780 271.8 3.3
TL 1790356873.880 183.4 2.4
TL 1790356873.981 659.0 2.2
TL 1790356874.081 306.8 3.0
TL 1790356874.181 218.4 2.7
TL 1790356874.281 198.0 2.4
TL 1790356874.381 196.5 2.3
TL 1790356874.481 155.6 2.3
TL 1790356874.581 148.5 2.4
TL 1790356874.681 119.1 2.4
TL 1790356874.782 155.3 2.4
TL 1790356874.882 285.8 1.9
TL 1790356874.982 157.8 2.1
TL 1790356875.082 196.0 2.1
TL 1790356875.182 205.0 2.3
TL 1790356875.283 319.8 2.9
TL 1790356875.382 147.7 1.9
TL 1790356875.483 153.3 2.4
TL 1790356875.583 802.9 1.9
TL 1790356875.683 92.2 1.9
TL 1790356875.783 148.2 2.6
TL 1790356875.883 455.1 2.2
TL 1790356875.983 330.3 1.6
TL 1790356876.084 359.5 2.9
TL 1790356876.184 175.6 2.7
TL 1790356876.284 860.3 2.6
TL 1790356876.384 139.8 1.6
TL 1790356876.484 378.2 2.4
TL 1790356876.584 292.3 2.9
TL 1790356876.684 180.5 2.1
TL 1790356876.785 330.8 2.2
TL 1790356876.885 385.2 3.3
TL 1790356876.985 285.0 2.7
TL 1790356877.085 337.9 2.8
TL 1790356877.185 559.7 2.4
TL 1790356877.285 193.8 2.5
TL 1790356877.386 246.5 1.5
TL 1790356877.486 252.5 2.4
TL 1790356877.586 196.0 3.6
TL 1790356877.686 293.1 2.4
TL 1790356877.787 1503.0 3.0
TL 1790356877.886 166.5 2.9
TL 1790356877.986 229.1 4.1
TL 1790356878.087 725.5 2.0
TL 1790356878.187 175.8 2.7
TL 1790356878.287 166.8 3.0
TL 1790356878.388 529.3 2.5
TL 1790356878.488 417.9 2.5
TL 1790356878.589 192.7 2.8
TL 1790356878.690 391.9 2.1
TL 1790356878.791 488.5 2.1
TL 1790356878.891 181.2 3.1
TL 1790356878.993 2161.0 2.4
TL 1790356879.091 143.0 2.8
TL 1790356879.191 273.0 2.8
TL 1790356879.291 477.8 1.8
TL 1790356879.391 180.2 2.6
TL 1790356879.492 406.4 2.1
TL 1790356879.592 179.1 43.1
TL 1790356879.692 275.1 2.4
TL 1790356879.792 240.4 2.9
TL 1790356879.893 566.7 2.4
TL 1790356879.992 301.6 2.6
TL 1790356880.092 206.8 3.6
TL 1790356880.193 277.9 4.0
TL 1790356880.294 608.4 2.0
TL 1790356880.394 332.2 3.5
TL 1790356880.494 225.1 2.5
TL 1790356880.594 160.0 2.9
TL 1790356880.695 627.0 2.3
TL 1790356880.794 179.5 2.6
TL 1790356880.895 300.3 2.6
TL 1790356880.995 223.7 2.9
TL 1790356881.095 153.5 2.9
TL 1790356881.195 573.9 1.9
TL 1790356881.295 382.3 114.7
TL 1790356881.395 235.4 2.0
TL 1790356881.495 154.0 2.2
TL 1790356881.595 163.1 2.9
TL 1790356881.695 161.3 2.7
TL 1790356881.796 173.2 2.5
TL 1790356881.896 144.8 2.4
TL 1790356881.996 172.0 2.8
TL 1790356882.096 446.6 1.5
TL 1790356882.196 167.4 2.3
TL 1790356882.296 147.0 2.4
TL 1790356882.396 293.8 2.1
TL 1790356882.496 154.9 2.1
TL 1790356882.597 220.4 2.7
TL 1790356882.697 469.8 1.9
TL 1790356882.798 1325.8 2.3
TL 1790356882.898 373.5 2.3
TL 1790356882.999 439.3 2.9
TL 1790356883.099 324.5 3.5
TL 1790356883.199 276.4 2.5
TL 1790356883.299 404.4 9.1
TL 1790356883.399 324.0 2.7
TL 1790356883.499 275.7 2.4
TL 1790356883.600 564.8 1.8
TL 1790356883.700 217.3 3.4
TL 1790356883.800 142.4 3.3
TL 1790356883.900 260.7 2.8
TL 1790356884.000 226.7 2.9
TL 1790356884.100 219.6 2.8
TL 1790356884.200 174.0 2.1
TL 1790356884.301 240.4 3.2
TL 1790356884.401 388.8 3.2
TL 1790356884.501 264.0 3.0
TL 1790356884.601 229.8 3.4
TL 1790356884.702 281.7 2.9
TL 1790356884.802 131.5 2.3
TL 1790356884.902 278.5 2.2
TL 1790356885.002 145.1 2.5
TL 1790356885.102 353.2 2.8
TL 1790356885.202 257.9 2.6
TL 1790356885.302 176.4 2.6
TL 1790356885.402 214.7 2.6
TL 1790356885.502 173.3 2.3
TL 1790356885.603 255.8 2.7
TL 1790356885.704 612.1 2.1
TL 1790356885.804 339.3 3.3
TL 1790356885.904 476.3 3.7
TL 1790356886.004 279.1 2.8
TL 1790356886.104 333.2 3.5
TL 1790356886.205 490.9 3.5
TL 1790356886.304 159.8 2.4
TL 1790356886.405 216.1 3.3
TL 1790356886.505 188.9 2.4
TL 1790356886.605 224.6 2.4
TL 1790356886.705 276.0 3.4
TL 1790356886.805 178.9 2.4
TL 1790356886.905 229.6 2.9
TL 1790356887.006 297.6 4.1
TL 1790356887.106 249.7 3.0
TL 1790356887.206 311.6 2.4
TL 1790356887.306 156.0 2.4
TL 1790356887.406 186.3 2.3
TL 1790356887.506 186.2 2.1
TL 1790356887.606 180.1 3.2
TL 1790356887.706 141.4 2.8
TL 1790356887.807 218.5 2.8
TL 1790356887.907 444.8 2.8
TL 1790356888.007 515.1 4.2
TL 1790356888.107 161.4 2.7
TL 1790356888.207 254.1 3.2
TL 1790356888.308 560.3 2.0
TL 1790356888.407 193.9 2.2
TL 1790356888.508 247.1 1.0
TL 1790356888.608 591.5 3.1
TL 1790356888.708 418.0 3.4
TL 1790356888.808 294.5 3.6
TL 1790356888.908 190.0 2.4
TL 1790356889.008 288.8 3.2
TL 1790356889.109 306.9 3.7
TL 1790356889.209 715.8 3.4
TL 1790356889.309 253.4 2.8
TL 1790356889.409 560.6 2.4
TL 1790356889.509 352.2 1.1
TL 1790356889.609 162.7 3.5
TL 1790356889.709 154.8 2.4
TL 1790356889.810 149.8 2.7
TL 1790356889.910 182.1 2.5
TL 1790356890.010 351.2 2.7
TL 1790356890.110 222.2 2.4
TL 1790356890.210 248.6 1.8
TL 1790356890.310 231.0 2.0
TL 1790356890.410 151.9 2.3
TL 1790356890.510 229.2 2.0
TL 1790356890.611 207.1 3.1
TL 1790356890.711 159.1 2.2
TL 1790356890.811 122.2 2.9
TL 1790356890.911 195.4 2.7
TL 1790356891.011 236.7 3.0
TL 1790356891.111 202.4 3.0
TL 1790356891.211 172.0 2.2
TL 1790356891.312 459.3 1.9
TL 1790356891.412 206.9 2.6
TL 1790356891.513 126.6 29.0
TL 1790356891.615 2290.1 2.0
TL 1790356891.713 140.1 3.0
TL 1790356891.814 313.5 2.5
TL 1790356891.914 144.6 2.4
TL 1790356892.014 145.4 2.7
TL 1790356892.114 228.4 2.2
TL 1790356892.214 184.4 2.3
TL 1790356892.314 163.4 2.3
TL 1790356892.414 142.6 2.7
TL 1790356892.514 145.4 2.5
TL 1790356892.614 165.2 2.3
TL 1790356892.715 174.0 3.6
TL 1790356892.815 257.6 177.2
TL 1790356892.915 250.7 2.7
TL 1790356893.016 359.4 3.0
TL 1790356893.116 443.3 1.5
TL 1790356893.216 210.3 2.7
TL 1790356893.316 144.0 2.2
TL 1790356893.416 144.9 3.0
TL 1790356893.516 286.1 3.0
TL 1790356893.616 181.2 2.2
TL 1790356893.717 161.0 2.3
TL 1790356893.817 368.0 3.5
TL 1790356893.917 282.0 4.0
TL 1790356894.017 211.5 3.5
TL 1790356894.118 334.6 4.6
TL 1790356894.218 535.1 3.4
TL 1790356894.318 248.0 3.2
TL 1790356894.418 324.4 3.5
TL 1790356894.518 324.4 2.6
TL 1790356894.618 206.3 2.9
TL 1790356894.718 252.3 3.7
TL 1790356894.819 255.7 4.0
TL 1790356894.919 300.3 3.9
TL 1790356895.019 277.6 4.1
TL 1790356895.119 299.0 3.5
TL 1790356895.219 209.2 3.1
TL 1790356895.319 200.1 2.7
TL 1790356895.419 262.7 2.4
TL 1790356895.520 282.8 4.4
TL 1790356895.620 411.6 2.2
TL 1790356895.720 260.8 3.6
TL 1790356895.820 276.9 4.1
TL 1790356895.920 258.7 3.4
TL 1790356896.021 323.1 3.2
TL 1790356896.121 292.8 2.3
TL 1790356896.221 181.6 2.7
TL 1790356896.321 205.4 2.2
TL 1790356896.421 435.0 3.0
TL 1790356896.521 353.5 1.9
TL 1790356896.621 219.9 1.9
TL 1790356896.721 154.3 2.9
TL 1790356896.822 144.4 2.6
TL 1790356896.922 200.8 2.3
TL 1790356897.022 327.8 2.7
TL 1790356897.122 351.8 3.2
TL 1790356897.223 1409.7 3.2
TL 1790356897.323 174.7 2.4
TL 1790356897.423 179.1 3.0
TL 1790356897.524 591.0 2.9
TL 1790356897.623 193.4 2.5
TL 1790356897.724 420.0 3.4
TL 1790356897.824 185.7 3.1
TL 1790356897.924 322.8 3.1
TL 1790356898.024 271.2 2.3
TL 1790356898.124 143.5 2.4
TL 1790356898.225 290.4 4.8
TL 1790356898.325 312.0 4.4
TL 1790356898.425 502.6 4.1
TL 1790356898.525 560.7 3.8
TL 1790356898.625 303.1 3.3
TL 1790356898.726 313.9 4.1
TL 1790356898.826 264.6 3.3
TL 1790356898.927 301.0 4.2
TL 1790356899.027 301.5 4.1
TL 1790356899.127 859.1 3.1
TL 1790356899.227 587.2 3.2
TL 1790356899.328 886.7 3.1
TL 1790356899.428 727.1 2.4
TL 1790356899.528 292.4 3.5
TL 1790356899.628 277.0 3.3
TL 1790356899.728 320.2 4.2
TL 1790356899.829 579.6 4.2
TL 1790356899.929 727.5 3.4
TL 1790356900.029 454.3 3.5
TL 1790356900.129 307.1 3.8
TL 1790356900.230 1367.8 3.7
TL 1790356900.330 441.1 3.6
TL 1790356900.432 1374.9 3.4
TL 1790356900.531 331.5 4.0
TL 1790356900.632 417.9 2.7
TL 1790356900.732 338.9 3.2
TL 1790356900.834 965.4 2.8
TL 1790356900.934 602.2 3.3
TL 1790356901.034 449.3 3.8
TL 1790356901.134 254.7 3.5
TL 1790356901.235 652.8 2.6
TL 1790356901.335 800.2 2.9
TL 1790356901.435 295.8 3.5
TL 1790356901.535 294.2 4.0
TL 1790356901.635 325.0 3.5
TL 1790356901.735 182.8 4.1
TL 1790356901.836 364.7 3.9
TL 1790356901.936 597.2 3.6
TL 1790356902.036 482.4 2.7
TL 1790356902.136 432.0 2.4
TL 1790356902.237 539.8 3.1
TL 1790356902.337 539.1 3.2
TL 1790356902.437 430.1 3.9
TL 1790356902.538 391.9 3.8
TL 1790356902.638 290.2 3.7
TL 1790356902.738 109.9 2.3
TL 1790356902.838 289.7 3.6
TL 1790356902.939 676.9 3.4
TL 1790356903.039 318.3 4.2
TL 1790356903.139 174.0 2.6
TL 1790356903.239 211.2 2.7
TL 1790356903.340 356.8 3.7
TL 1790356903.441 250.1 2.9
TL 1790356903.541 304.8 3.7
TL 1790356903.641 192.6 2.3
TL 1790356903.741 201.6 3.0
TL 1790356903.841 308.0 3.5
TL 1790356903.942 411.2 4.1
TL 1790356904.042 402.3 4.1
TL 1790356904.142 520.6 4.6
TL 1790356904.242 415.5 4.4
TL 1790356904.343 1089.5 3.6
TL 1790356904.442 190.1 2.6
TL 1790356904.543 1171.4 3.9
TL 1790356904.643 169.9 1.7
TL 1790356904.743 117.3 2.3
TL 1790356904.843 266.1 3.4
TL 1790356904.943 245.2 3.5
TL 1790356905.044 565.6 2.5
TL 1790356905.144 410.7 3.9
TL 1790356905.244 546.0 3.0
TL 1790356905.344 889.6 2.6
TL 1790356905.444 637.1 3.1
TL 1790356905.545 1221.3 3.4
TL 1790356905.644 350.6 2.9
TL 1790356905.745 709.8 2.8
TL 1790356905.845 531.4 4.2
TL 1790356905.945 282.4 3.2
TL 1790356906.045 583.0 2.2
TL 1790356906.145 330.0 3.5
TL 1790356906.247 1535.1 3.7
TL 1790356906.346 347.6 3.9
TL 1790356906.447 1128.5 3.9
TL 1790356906.546 145.6 3.1
TL 1790356906.646 103.4 0.9
TL 1790356906.746 133.1 2.7
TL 1790356906.847 145.5 2.9
TL 1790356906.947 160.0 2.2
TL 1790356907.047 227.7 2.9
TL 1790356907.147 152.6 3.1
TL 1790356907.247 153.7 2.8
TL 1790356907.347 201.7 2.9
TL 1790356907.448 514.2 2.6
TL 1790356907.548 626.6 3.3
TL 1790356907.648 137.6 1.3
TL 1790356907.748 261.6 3.2
TL 1790356907.848 177.8 2.6
TL 1790356907.948 281.0 3.4
TL 1790356908.049 837.7 3.5
TL 1790356908.149 208.9 2.8
TL 1790356908.249 810.2 3.1
TL 1790356908.349 666.5 3.2
TL 1790356908.450 743.0 3.1
TL 1790356908.549 216.7 3.3
TL 1790356908.650 647.5 3.2
TL 1790356908.750 114.9 2.8
TL 1790356908.850 331.7 4.3
TL 1790356908.950 358.0 3.4
TL 1790356909.051 385.5 4.0
TL 1790356909.151 832.1 2.9
TL 1790356909.251 178.8 3.4
TL 1790356909.351 332.9 3.7
TL 1790356909.452 711.2 2.2
TL 1790356909.551 360.7 4.1
TL 1790356909.652 304.5 4.0
TL 1790356909.751 116.6 2.4
TL 1790356909.852 243.6 3.1
TL 1790356909.952 334.5 3.6
TL 1790356910.053 367.9 4.1
TL 1790356910.153 484.8 2.2
TL 1790356910.253 374.8 3.4
TL 1790356910.353 209.6 2.6
TL 1790356910.453 444.1 2.7
TL 1790356910.553 199.7 2.9
TL 1790356910.653 257.0 2.7
TL 1790356910.753 282.1 2.5
TL 1790356910.853 325.3 3.7
TL 1790356910.954 1039.6 3.1
TL 1790356911.054 272.1 4.1
TL 1790356911.154 337.4 3.6
TL 1790356911.255 295.6 3.0
TL 1790356911.355 387.1 3.5
TL 1790356911.456 591.0 2.8
TL 1790356911.555 307.8 3.8
TL 1790356911.656 696.4 3.5
TL 1790356911.756 213.9 3.7
TL 1790356911.856 283.4 3.9
TL 1790356911.957 603.5 3.2
TL 1790356912.057 326.2 4.1
TL 1790356912.157 292.9 3.9
TL 1790356912.257 276.4 3.2
TL 1790356912.358 754.5 2.6
TL 1790356912.458 673.5 2.3
TL 1790356912.558 639.1 3.2
TL 1790356912.658 154.4 2.6
TL 1790356912.758 149.9 2.5
TL 1790356912.858 540.9 4.0
TL 1790356912.958 293.0 3.9
TL 1790356913.059 548.5 2.7
TL 1790356913.159 475.2 2.1
TL 1790356913.259 841.6 2.8
TL 1790356913.359 163.4 2.8
TL 1790356913.459 231.6 2.8
TL 1790356913.559 573.7 2.3
TL 1790356913.659 153.3 2.4
TL 1790356913.759 164.8 3.6
TL 1790356913.859 273.9 4.4
TL 1790356913.960 248.6 2.7
TL 1790356914.060 352.6 4.3
TL 1790356914.160 351.1 5.1
TL 1790356914.260 437.3 4.8
TL 1790356914.361 685.5 15.8
TL 1790356914.461 638.3 3.8
TL 1790356914.562 841.9 3.3
TL 1790356914.661 460.4 3.9
TL 1790356914.762 544.3 3.5
TL 1790356914.861 198.1 2.7
TL 1790356914.962 343.7 3.6
TL 1790356915.062 347.3 2.3
TL 1790356915.162 496.0 2.3
TL 1790356915.262 389.3 2.7
TL 1790356915.362 351.1 3.9
TL 1790356915.463 421.0 4.4
TL 1790356915.563 791.5 3.0
TL 1790356915.663 755.9 3.0
TL 1790356915.763 380.7 3.0
TL 1790356915.863 314.9 3.7
TL 1790356915.964 627.1 2.8
TL 1790356916.064 514.1 3.3
TL 1790356916.165 904.3 3.2
TL 1790356916.265 724.8 3.7
TL 1790356916.365 829.0 3.8
TL 1790356916.464 341.2 3.8
TL 1790356916.565 422.7 4.6
TL 1790356916.665 350.5 4.2
TL 1790356916.765 718.9 3.5
TL 1790356916.865 378.7 3.9
TL 1790356916.966 345.7 3.8
TL 1790356917.066 1022.0 3.9
TL 1790356917.166 423.7 4.3
TL 1790356917.267 679.1 3.7
TL 1790356917.366 209.7 3.4
TL 1790356917.467 757.6 4.0
TL 1790356917.567 650.2 2.2
TL 1790356917.667 741.1 2.4
TL 1790356917.767 150.4 2.1
TL 1790356917.867 174.6 3.0
TL 1790356917.967 159.6 2.9
TL 1790356918.067 154.0 3.1
TL 1790356918.168 495.4 2.2
TL 1790356918.268 165.7 3.2
TL 1790356918.368 144.9 2.9
TL 1790356918.468 684.5 3.5
TL 1790356918.569 729.0 2.7
TL 1790356918.668 151.5 2.7
TL 1790356918.769 416.9 3.1
TL 1790356918.868 139.8 2.1
TL 1790356918.969 151.3 2.5
TL 1790356919.069 168.0 3.2
TL 1790356919.170 868.2 2.6
TL 1790356919.269 317.3 4.0
TL 1790356919.370 972.6 3.5
TL 1790356919.470 248.9 3.9
TL 1790356919.570 324.7 4.3
TL 1790356919.670 354.1 2.2
TL 1790356919.770 128.8 2.4
TL 1790356919.870 154.1 3.7
TL 1790356919.971 364.7 3.7
TL 1790356920.070 155.4 2.8
TL 1790356920.171 373.6 2.4
TL 1790356920.271 181.7 2.9
TL 1790356920.371 213.6 2.8
TL 1790356920.471 272.6 4.0
TL 1790356920.571 158.5 2.7
TL 1790356920.672 453.1 3.2
TL 1790356920.771 130.7 2.0
TL 1790356920.872 211.7 2.3
TL 1790356920.972 715.8 2.2
TL 1790356921.072 237.7 2.9
TL 1790356921.173 161.9 2.8
TL 1790356921.273 173.8 2.6
TL 1790356921.373 259.8 3.6
TL 1790356921.473 543.0 2.2
TL 1790356921.574 426.0 5.0
TL 1790356921.673 202.0 3.5
TL 1790356921.774 290.9 4.1
TL 1790356921.874 253.1 3.8
TL 1790356921.974 210.2 3.4
TL 1790356922.074 236.6 3.7
TL 1790356922.174 486.8 2.8
TL 1790356922.274 203.9 3.1
TL 1790356922.374 202.6 2.7
TL 1790356922.475 247.7 3.1
TL 1790356922.575 358.5 4.0
TL 1790356922.675 255.9 3.3
TL 1790356922.775 241.6 3.0
TL 1790356922.875 215.9 3.2
TL 1790356922.975 225.7 3.0
TL 1790356923.075 218.4 3.0
TL 1790356923.176 494.9 2.2
TL 1790356923.276 1078.3 2.5
TL 1790356923.376 223.1 2.6
TL 1790356923.476 678.7 1.9
TL 1790356923.577 798.5 3.3
TL 1790356923.676 289.5 3.0
TL 1790356923.776 173.6 2.1
TL 1790356923.877 310.9 3.7
TL 1790356923.977 240.8 3.3
TL 1790356924.077 703.4 2.8
TL 1790356924.177 622.6 1.9
TL 1790356924.277 231.0 3.3
TL 1790356924.377 242.9 3.1
TL 1790356924.478 309.5 3.2
TL 1790356924.578 311.9 2.3
TL 1790356924.678 354.6 3.4
TL 1790356924.780 189.5 1.7
TL 1790356924.881 526.1 2.3
TL 1790356924.981 270.2 2.7
TL 1790356925.082 577.9 3.3
TL 1790356925.182 374.7 2.8
TL 1790356925.282 237.0 2.6
TL 1790356925.382 246.9 4.2
TL 1790356925.482 228.5 3.1
TL 1790356925.583 449.1 2.6
TL 1790356925.683 250.9 2.8
TL 1790356925.783 387.4 2.3
TL 1790356925.883 218.5 2.4
TL 1790356925.983 464.8 1.2
TL 1790356926.083 277.8 3.1
TL 1790356926.184 288.0 3.2
TL 1790356926.284 227.0 3.0
TL 1790356926.384 636.7 3.6
TL 1790356926.484 248.3 4.1
TL 1790356926.584 238.1 3.3
TL 1790356926.684 210.6 3.2
TL 1790356926.785 548.8 2.7
TL 1790356926.885 609.7 3.2
TL 1790356926.985 244.0 4.3
TL 1790356927.085 218.2 3.1
TL 1790356927.185 363.8 2.7
TL 1790356927.286 538.8 40.1
TL 1790356927.386 264.2 4.6
TL 1790356927.486 360.4 2.8
TL 1790356927.587 348.6 3.2
TL 1790356927.687 271.7 3.0
TL 1790356927.787 548.7 2.2
TL 1790356927.887 121.2 2.7
TL 1790356927.988 550.9 3.1
TL 1790356928.088 348.1 3.7
TL 1790356928.188 317.1 2.8
TL 1790356928.288 237.0 3.5
TL 1790356928.390 430.6 4.1
TL 1790356928.489 224.4 3.3
TL 1790356928.590 554.2 3.1
TL 1790356928.690 255.8 3.2
TL 1790356928.790 143.3 2.8
TL 1790356928.890 241.7 3.6
TL 1790356928.990 243.6 3.2
TL 1790356929.090 344.5 2.7
TL 1790356929.191 332.1 2.0
TL 1790356929.291 466.1 3.6
TL 1790356929.391 208.6 3.4
TL 1790356929.491 335.8 3.3
TL 1790356929.592 406.3 2.7
TL 1790356929.692 247.8 3.3
TL 1790356929.792 111.7 2.5
TL 1790356929.892 245.8 2.3
TL 1790356929.992 292.8 4.0
TL 1790356930.092 287.7 4.1
TL 1790356930.192 179.4 2.7
TL 1790356930.294 665.6 2.7
TL 1790356930.393 146.7 2.3
TL 1790356930.494 655.7 3.1
TL 1790356930.594 243.5 3.5
TL 1790356930.694 284.5 2.9
TL 1790356930.794 325.3 2.6
TL 1790356930.894 534.0 2.4
TL 1790356930.996 2128.1 3.5
TL 1790356931.094 222.8 3.5
TL 1790356931.195 343.3 2.9
TL 1790356931.295 594.3 3.1
TL 1790356931.395 385.5 3.9
TL 1790356931.495 230.9 2.8
TL 1790356931.595 287.4 2.9
TL 1790356931.697 474.0 2.6
TL 1790356931.797 243.8 1.6
TL 1790356931.897 165.2 2.1
TL 1790356931.998 860.5 2.2
TL 1790356932.097 248.4 3.3
TL 1790356932.197 237.0 2.2
TL 1790356932.298 345.9 3.2
TL 1790356932.398 241.8 3.4
TL 1790356932.501 3670.6 2.0
TL 1790356932.598 237.2 3.4
TL 1790356932.698 214.9 3.7
TL 1790356932.798 184.7 1.9
TL 1790356932.898 188.1 2.8
TL 1790356932.999 511.5 3.1
TL 1790356933.099 215.4 3.2
TL 1790356933.199 246.2 3.6
TL 1790356933.299 236.1 2.8
TL 1790356933.400 569.9 3.1
TL 1790356933.499 193.2 2.6
TL 1790356933.600 341.9 2.9
TL 1790356933.700 347.7 3.7
TL 1790356933.800 194.4 2.9
TL 1790356933.900 184.0 2.8
TL 1790356934.002 2103.3 1.8
TL 1790356934.101 242.2 3.1
TL 1790356934.201 402.9 2.7
TL 1790356934.301 608.8 1.8
TL 1790356934.401 262.6 3.0
TL 1790356934.503 555.1 2.3
TL 1790356934.603 376.7 2.7
TL 1790356934.703 233.5 2.6
TL 1790356934.803 178.5 2.4
TL 1790356934.904 242.6 2.8
TL 1790356935.004 516.7 2.7
TL 1790356935.104 266.0 3.2
TL 1790356935.205 668.5 3.0
TL 1790356935.304 332.3 3.7
TL 1790356935.405 1136.2 2.5
TL 1790356935.505 461.3 2.4
TL 1790356935.605 229.9 2.9
TL 1790356935.705 472.5 3.9
TL 1790356935.805 204.2 2.3
TL 1790356935.905 179.3 2.0
TL 1790356936.005 178.2 2.8
TL 1790356936.106 367.3 2.8
TL 1790356936.206 226.5 4.0
TL 1790356936.306 498.6 3.3
TL 1790356936.406 425.7 2.2
TL 1790356936.507 880.8 2.9
TL 1790356936.606 283.2 4.2
TL 1790356936.707 298.9 3.9
TL 1790356936.807 127.8 3.1
TL 1790356936.907 250.9 3.5
TL 1790356937.007 230.5 3.0
TL 1790356937.107 226.1 3.3
TL 1790356937.207 307.0 2.3
TL 1790356937.308 363.6 2.5
TL 1790356937.408 583.8 2.3
TL 1790356937.508 476.7 3.3
TL 1790356937.609 765.4 2.9
TL 1790356937.708 275.4 3.2
TL 1790356937.809 127.9 2.6
TL 1790356937.909 279.6 2.6
TL 1790356938.009 266.8 3.3
TL 1790356938.109 407.2 2.9
TL 1790356938.210 306.9 3.7
TL 1790356938.310 430.9 3.1
TL 1790356938.410 260.2 3.6
TL 1790356938.510 602.6 3.1
TL 1790356938.610 433.8 4.4
TL 1790356938.711 621.8 2.9
TL 1790356938.811 180.7 3.3
TL 1790356938.911 262.0 2.5
TL 1790356939.011 228.9 2.8
TL 1790356939.111 284.8 3.6
TL 1790356939.211 390.7 2.6
TL 1790356939.311 283.4 3.9
TL 1790356939.412 200.1 3.0
TL 1790356939.512 290.9 2.6
TL 1790356939.613 238.7 3.7
TL 1790356939.713 247.3 2.8
TL 1790356939.813 150.9 2.5
TL 1790356939.913 494.5 2.6
TL 1790356940.013 334.6 2.8
TL 1790356940.117 2206.2 2.5
TL 1790356940.215 187.9 4.0
TL 1790356940.315 579.8 2.8
TL 1790356940.415 206.1 3.0
TL 1790356940.516 413.4 3.4
TL 1790356940.616 582.7 3.0
TL 1790356940.716 214.1 3.0
TL 1790356940.816 150.0 3.1
TL 1790356940.917 191.1 2.4
TL 1790356941.017 213.5 4.1
TL 1790356941.117 262.3 3.6
TL 1790356941.217 190.8 2.8
TL 1790356941.317 181.6 2.9
TL 1790356941.417 203.8 3.1
TL 1790356941.518 193.3 1.5
TL 1790356941.618 203.5 3.4
TL 1790356941.718 235.2 3.6
TL 1790356941.818 293.2 2.4
TL 1790356941.918 181.6 1.1
TL 1790356942.018 188.0 2.7
TL 1790356942.118 215.3 3.0
TL 1790356942.219 250.9 3.1
TL 1790356942.319 316.4 3.1
TL 1790356942.420 985.1 2.7
TL 1790356942.519 209.2 2.7
TL 1790356942.619 302.2 2.7
TL 1790356942.720 605.1 2.2
TL 1790356942.819 137.9 2.7
TL 1790356942.920 148.0 1.4
TL 1790356943.020 251.6 2.8
TL 1790356943.121 220.3 2.5
TL 1790356943.221 278.2 3.2
TL 1790356943.321 201.2 3.2
TL 1790356943.421 222.9 2.6
TL 1790356943.521 223.0 3.3
TL 1790356943.622 407.9 2.4
TL 1790356943.722 236.2 2.3
TL 1790356943.822 194.8 3.0
TL 1790356943.922 109.0 1.0
TL 1790356944.022 166.6 2.7
TL 1790356944.122 233.3 3.3
TL 1790356944.223 714.6 2.7
TL 1790356944.322 219.3 3.6
TL 1790356944.423 255.5 2.7
TL 1790356944.523 269.1 3.1
TL 1790356944.623 333.9 2.9
TL 1790356944.725 1399.7 2.3
TL 1790356944.824 162.6 2.8
TL 1790356944.924 226.0 2.4
TL 1790356945.024 260.3 3.9
TL 1790356945.124 286.0 3.2
TL 1790356945.226 1360.7 3.4
TL 1790356945.325 305.2 2.7
TL 1790356945.426 233.3 2.4
TL 1790356945.526 452.9 2.5
TL 1790356945.626 204.8 3.4
TL 1790356945.727 279.0 3.4
TL 1790356945.827 324.0 2.9
TL 1790356945.927 210.9 3.0
TL 1790356946.027 177.9 2.6
TL 1790356946.127 233.0 2.6
TL 1790356946.227 201.8 3.2
TL 1790356946.327 364.0 3.0
TL 1790356946.428 213.6 2.8
TL 1790356946.528 189.8 2.6
TL 1790356946.628 512.8 2.0
TL 1790356946.728 207.1 2.9
TL 1790356946.828 207.0 4.1
TL 1790356946.929 185.3 2.8
TL 1790356947.029 212.9 3.2
TL 1790356947.129 221.7 3.4
TL 1790356947.229 332.3 89.0
TL 1790356947.330 247.7 3.7
TL 1790356947.430 237.6 3.7
TL 1790356947.531 341.7 2.9
TL 1790356947.631 289.0 2.9
TL 1790356947.731 276.2 3.1
TL 1790356947.832 155.0 3.0
TL 1790356947.933 366.1 2.9
TL 1790356948.033 453.2 2.9
TL 1790356948.133 259.2 3.4
TL 1790356948.233 474.4 3.1
TL 1790356948.335 208.9 2.3
TL 1790356948.435 204.4 3.2
TL 1790356948.535 416.3 3.0
TL 1790356948.635 301.2 3.6
TL 1790356948.736 747.2 3.2
TL 1790356948.837 467.8 2.7
TL 1790356948.937 190.4 3.2
TL 1790356949.037 193.3 3.3
TL 1790356949.138 915.1 3.6
TL 1790356949.237 384.2 3.0
TL 1790356949.337 309.0 3.5
TL 1790356949.438 515.3 3.4
TL 1790356949.538 292.6 4.4
TL 1790356949.638 593.0 2.9
TL 1790356949.738 606.1 2.2
TL 1790356949.838 166.4 2.4
TL 1790356949.938 234.4 3.3
TL 1790356950.038 280.4 3.9
TL 1790356950.139 251.6 3.0
TL 1790356950.239 220.2 3.3
TL 1790356950.339 160.6 2.8
TL 1790356950.439 151.1 3.3
TL 1790356950.539 255.1 3.2
TL 1790356950.639 229.4 2.1
TL 1790356950.739 252.4 4.0
TL 1790356950.839 153.0 2.5
TL 1790356950.940 273.3 2.9
TL 1790356951.040 217.6 3.2
TL 1790356951.140 268.0 3.0
TL 1790356951.242 1545.4 2.5
TL 1790356951.341 855.5 2.6
TL 1790356951.441 209.7 3.0
TL 1790356951.541 172.3 3.3
TL 1790356951.641 214.4 2.9
TL 1790356951.742 340.6 4.2
TL 1790356951.842 180.8 2.9
TL 1790356951.942 471.1 2.4
TL 1790356952.042 218.8 3.1
TL 1790356952.142 309.4 5.2
TL 1790356952.242 252.9 3.3
TL 1790356952.342 322.1 2.8
TL 1790356952.443 201.8 3.0
TL 1790356952.543 349.1 3.7
TL 1790356952.643 225.5 3.4
TL 1790356952.744 695.2 3.1
TL 1790356952.844 187.8 2.6
TL 1790356952.944 365.9 3.4
TL 1790356953.044 305.7 2.1
TL 1790356953.144 274.3 3.1
TL 1790356953.244 239.0 3.4
TL 1790356953.345 283.0 4.0
TL 1790356953.445 250.8 3.1
TL 1790356953.545 494.9 3.5
TL 1790356953.645 361.9 3.1
TL 1790356953.745 360.2 4.0
TL 1790356953.845 147.0 2.2
TL 1790356953.946 640.5 4.0
TL 1790356954.046 246.3 3.2
TL 1790356954.146 280.2 4.5
TL 1790356954.246 242.7 2.9
TL 1790356954.346 287.3 2.6
TL 1790356954.447 684.7 3.0
TL 1790356954.547 302.1 4.4
TL 1790356954.647 616.3 3.3
TL 1790356954.747 288.0 3.4
TL 1790356954.847 336.4 3.3
TL 1790356954.947 284.1 2.5
TL 1790356955.047 277.7 3.5
TL 1790356955.147 240.9 3.4
TL 1790356955.247 237.0 2.3
TL 1790356955.349 701.0 3.4
TL 1790356955.448 306.6 3.4
TL 1790356955.549 432.6 2.4
TL 1790356955.649 338.1 4.1
TL 1790356955.749 413.6 3.2
TL 1790356955.849 159.5 2.4
TL 1790356955.949 261.1 3.6
TL 1790356956.049 201.6 2.6
TL 1790356956.149 229.8 3.2
TL 1790356956.250 214.9 3.6
TL 1790356956.350 234.4 2.8
TL 1790356956.450 265.1 2.8
TL 1790356956.552 1915.9 2.9
TL 1790356956.650 234.1 2.8
TL 1790356956.751 353.2 2.4
TL 1790356956.851 309.2 2.7
TL 1790356956.952 490.6 3.4
TL 1790356957.052 402.2 1.7
TL 1790356957.152 352.9 3.6
TL 1790356957.252 201.5 3.3
TL 1790356957.352 409.0 3.8
TL 1790356957.452 237.9 3.1
TL 1790356957.553 527.3 2.1
TL 1790356957.653 457.3 3.7
TL 1790356957.753 506.3 2.6
TL 1790356957.852 154.7 3.0
TL 1790356957.953 217.2 2.6
TL 1790356958.053 107.6 1.2
TL 1790356958.153 268.7 3.5
TL 1790356958.253 304.4 5.2
TL 1790356958.353 252.9 3.6
TL 1790356958.454 276.0 4.1
TL 1790356958.554 1008.1 3.3
TL 1790356958.654 327.3 4.9
TL 1790356958.754 287.7 3.3
TL 1790356958.854 191.6 3.0
TL 1790356958.954 282.9 3.0
TL 1790356959.055 257.3 3.2
TL 1790356959.155 344.8 3.3
TL 1790356959.255 395.9 3.9
TL 1790356959.355 332.4 4.1
TL 1790356959.456 747.6 2.1
TL 1790356959.556 535.2 3.4
TL 1790356959.656 410.2 3.2
TL 1790356959.756 240.1 3.2
TL 1790356959.856 153.9 2.8
TL 1790356959.956 261.3 36.5
TL 1790356960.056 413.4 3.0
TL 1790356960.156 223.4 3.3
TL 1790356960.256 227.6 3.7
TL 1790356960.357 241.7 3.6
TL 1790356960.457 553.2 3.2
TL 1790356960.557 319.9 3.3
TL 1790356960.657 220.9 3.4
TL 1790356960.757 262.3 3.4
TL 1790356960.857 167.4 2.9
TL 1790356960.958 257.4 2.4
TL 1790356961.058 253.2 3.4
TL 1790356961.158 311.9 2.7
TL 1790356961.258 395.7 3.2
TL 1790356961.358 604.0 2.1
TL 1790356961.458 226.8 3.2
TL 1790356961.558 272.7 3.5
TL 1790356961.659 563.7 2.1
TL 1790356961.759 292.6 3.2
TL 1790356961.859 128.6 2.8
TL 1790356961.959 538.0 2.7
TL 1790356962.059 242.2 3.6
TL 1790356962.160 863.6 2.4
TL 1790356962.259 315.8 2.6
TL 1790356962.359 262.2 3.3
TL 1790356962.461 1244.6 2.9
TL 1790356962.560 255.1 2.9
TL 1790356962.660 369.6 2.8
TL 1790356962.761 666.2 3.3
TL 1790356962.860 117.8 2.4
TL 1790356962.961 193.3 2.6
TL 1790356963.061 294.1 4.2
TL 1790356963.161 268.1 4.1
TL 1790356963.261 215.9 2.8
TL 1790356963.361 243.1 3.4
TL 1790356963.462 240.9 3.1
TL 1790356963.562 260.8 4.4
TL 1790356963.662 275.1 3.2
TL 1790356963.762 270.0 2.9
TL 1790356963.862 148.1 3.2
TL 1790356963.963 473.2 2.7
TL 1790356964.063 700.4 3.5
TL 1790356964.163 242.4 3.2
TL 1790356964.263 324.2 4.5
TL 1790356964.363 293.1 4.9
TL 1790356964.463 238.6 3.4
TL 1790356964.563 226.2 2.7
TL 1790356964.664 222.6 2.3
TL 1790356964.764 459.9 2.6
TL 1790356964.864 189.6 2.6
TL 1790356964.964 207.6 3.1
TL 1790356965.065 369.8 3.3
TL 1790356965.165 213.5 3.2
TL 1790356965.265 186.8 2.6
TL 1790356965.365 363.0 3.7
TL 1790356965.465 213.1 2.6
TL 1790356965.565 227.1 3.4
TL 1790356965.666 220.4 2.1
TL 1790356965.766 409.8 4.4
TL 1790356965.866 277.0 2.5
TL 1790356965.966 544.4 3.2
TL 1790356966.066 193.1 2.8
TL 1790356966.166 314.1 3.8
TL 1790356966.266 194.6 3.1
TL 1790356966.367 238.9 3.3
TL 1790356966.467 234.0 3.4
TL 1790356966.567 148.9 2.7
TL 1790356966.668 579.7 2.6
TL 1790356966.768 747.2 1.7
TL 1790356966.868 146.0 3.2
TL 1790356966.968 260.9 2.8
TL 1790356967.068 416.1 2.4
TL 1790356967.168 283.3 3.3
TL 1790356967.268 229.4 3.3
TL 1790356967.368 223.5 3.3
TL 1790356967.469 344.9 2.9
TL 1790356967.569 269.9 3.4
TL 1790356967.669 577.1 3.0
TL 1790356967.772 2269.0 2.6
TL 1790356967.870 176.7 2.2
TL 1790356967.970 238.5 3.5
TL 1790356968.070 344.1 3.4
TL 1790356968.170 240.3 3.7
TL 1790356968.271 628.2 3.2
TL 1790356968.371 556.6 3.4
TL 1790356968.471 384.5 2.8
TL 1790356968.571 290.4 3.4
TL 1790356968.672 397.3 3.0
TL 1790356968.772 218.5 2.9
TL 1790356968.873 131.8 2.7
TL 1790356968.973 282.7 2.8
TL 1790356969.073 227.1 3.3
TL 1790356969.173 268.1 3.8
TL 1790356969.274 435.7 3.9
TL 1790356969.374 250.2 3.1
TL 1790356969.475 364.4 3.2
TL 1790356969.575 220.0 3.1
TL 1790356969.675 274.6 4.0
TL 1790356969.776 879.4 3.8
TL 1790356969.876 591.3 3.9
TL 1790356969.976 426.8 1.9
TL 1790356970.076 212.7 2.9
TL 1790356970.177 446.1 2.6
TL 1790356970.277 308.4 3.3
TL 1790356970.377 264.4 3.2
TL 1790356970.477 253.0 3.4
TL 1790356970.577 312.8 3.4
TL 1790356970.677 214.8 2.7
TL 1790356970.777 373.6 2.8
TL 1790356970.877 203.1 2.8
TL 1790356970.978 213.0 3.1
TL 1790356971.078 226.8 3.5
TL 1790356971.178 211.1 2.8
TL 1790356971.278 237.1 3.5
TL 1790356971.378 283.3 3.5
TL 1790356971.478 274.1 4.3
TL 1790356971.578 267.7 3.5
TL 1790356971.679 567.6 5.3
TL 1790356971.779 246.8 3.3
TL 1790356971.879 137.8 2.6
TL 1790356971.979 272.3 3.2
TL 1790356972.079 264.7 4.0
TL 1790356972.180 505.7 2.5
TL 1790356972.280 365.9 4.4
TL 1790356972.380 300.6 2.9
TL 1790356972.480 404.9 2.8
TL 1790356972.581 709.8 3.0
TL 1790356972.680 201.8 3.3
TL 1790356972.780 268.1 3.4
TL 1790356972.883 2544.9 2.8
TL 1790356972.981 271.0 3.7
TL 1790356973.081 212.6 3.1
TL 1790356973.181 186.7 2.0
TL 1790356973.281 248.2 2.9
TL 1790356973.381 210.9 3.1
TL 1790356973.482 218.5 3.2
TL 1790356973.582 222.6 3.6
TL 1790356973.683 525.5 3.6
TL 1790356973.783 410.2 2.9
TL 1790356973.883 751.8 2.5
TL 1790356973.983 273.8 3.2
TL 1790356974.083 311.9 3.2
TL 1790356974.183 146.4 1.2
TL 1790356974.283 232.2 3.5
TL 1790356974.383 214.6 3.2
TL 1790356974.484 293.1 2.0
TL 1790356974.585 315.0 2.8
TL 1790356974.685 628.9 4.3
TL 1790356974.785 607.4 2.1
TL 1790356974.885 277.3 3.4
TL 1790356974.985 280.4 3.0
TL 1790356975.085 287.4 3.5
TL 1790356975.185 160.9 2.6
TL 1790356975.286 264.8 2.7
TL 1790356975.386 456.7 2.7
TL 1790356975.486 274.4 3.7
TL 1790356975.586 334.9 3.9
TL 1790356975.687 264.7 3.4
TL 1790356975.787 727.9 3.2
TL 1790356975.887 221.6 2.5
TL 1790356975.988 176.0 1.1
TL 1790356976.088 218.6 2.9
TL 1790356976.188 97.2 1.0
TL 1790356976.289 236.5 3.7
TL 1790356976.391 1580.9 2.7
TL 1790356976.490 232.4 3.0
TL 1790356976.590 304.1 3.1
TL 1790356976.692 1455.6 3.4
TL 1790356976.791 565.5 2.9
TL 1790356976.891 596.2 2.4
TL 1790356976.991 345.2 2.3
TL 1790356977.091 254.1 3.3
TL 1790356977.192 301.0 3.3
TL 1790356977.292 283.4 3.4
TL 1790356977.392 666.2 3.5
TL 1790356977.492 458.5 2.5
TL 1790356977.593 650.1 3.4
TL 1790356977.693 274.2 3.2
TL 1790356977.793 268.8 3.3
TL 1790356977.893 514.6 4.1
TL 1790356977.993 292.6 3.3
TL 1790356978.094 680.2 2.4
TL 1790356978.194 255.4 3.9
TL 1790356978.294 224.1 3.0
TL 1790356978.394 358.1 2.3
TL 1790356978.495 305.2 3.4
TL 1790356978.595 241.1 2.8
TL 1790356978.695 279.1 3.2
TL 1790356978.795 356.3 3.0
TL 1790356978.895 243.0 3.2
TL 1790356978.995 167.7 2.8
TL 1790356979.096 258.5 3.5
TL 1790356979.196 301.5 3.4
TL 1790356979.296 239.8 3.5
TL 1790356979.396 263.0 3.4
TL 1790356979.496 269.2 3.9
TL 1790356979.597 576.7 2.3
TL 1790356979.697 414.5 2.7
TL 1790356979.797 315.1 3.3
TL 1790356979.897 274.9 3.8
TL 1790356979.997 278.1 3.0
TL 1790356980.098 568.0 1.8
TL 1790356980.197 308.5 2.7
TL 1790356980.298 223.2 3.0
TL 1790356980.398 281.5 3.6
TL 1790356980.498 258.8 3.4
TL 1790356980.598 284.6 3.7
TL 1790356980.698 277.0 4.5
TL 1790356980.799 792.4 2.0
TL 1790356980.899 473.7 4.0
TL 1790356981.003 216.0 2.6
TL 1790356981.103 235.2 3.1
TL 1790356981.204 867.1 2.8
TL 1790356981.304 567.1 2.4
TL 1790356981.405 807.6 2.6
TL 1790356981.505 540.9 3.7
TL 1790356981.605 382.4 3.9
TL 1790356981.705 223.4 2.7
TL 1790356981.805 265.1 3.8
TL 1790356981.905 236.2 3.9
TL 1790356982.005 714.0 2.2
TL 1790356982.105 348.5 2.9
TL 1790356982.205 302.3 3.9
TL 1790356982.306 218.3 3.3
TL 1790356982.406 270.1 4.4
TL 1790356982.506 214.5 2.9
TL 1790356982.606 337.9 3.7
TL 1790356982.706 341.7 2.6
TL 1790356982.806 226.1 3.6
TL 1790356982.906 316.9 4.2
TL 1790356983.007 367.2 3.9
TL 1790356983.107 232.2 3.6
TL 1790356983.207 734.5 2.2
TL 1790356983.307 364.2 3.4
TL 1790356983.407 258.7 3.0
TL 1790356983.507 327.3 3.4
TL 1790356983.608 251.9 3.0
TL 1790356983.708 271.8 2.9
TL 1790356983.809 483.1 2.6
TL 1790356983.909 403.1 3.0
TL 1790356984.009 204.6 3.5
TL 1790356984.109 696.5 10.7
TL 1790356984.209 237.0 2.8
TL 1790356984.309 333.5 3.6
TL 1790356984.409 229.5 3.4
TL 1790356984.510 324.1 3.3
TL 1790356984.611 831.4 3.6
TL 1790356984.711 600.2 2.8
TL 1790356984.811 504.8 2.4
TL 1790356984.911 269.0 4.0
TL 1790356985.011 457.0 2.7
TL 1790356985.111 277.6 3.5
TL 1790356985.211 234.5 3.2
TL 1790356985.311 221.8 3.7
TL 1790356985.411 225.1 3.1
TL 1790356985.512 304.3 3.2
TL 1790356985.612 261.5 2.9
TL 1790356985.712 625.0 3.0
TL 1790356985.813 230.7 3.3
TL 1790356985.913 238.3 3.4
TL 1790356986.013 406.0 2.6
TL 1790356986.113 247.7 3.2
TL 1790356986.214 642.8 2.6
TL 1790356986.313 247.7 3.3
TL 1790356986.414 324.4 3.3
TL 1790356986.514 252.8 2.9
TL 1790356986.614 218.0 3.2
TL 1790356986.715 767.7 1.7
TL 1790356986.815 301.8 3.3
TL 1790356986.915 336.9 3.6
TL 1790356987.016 402.7 2.7
TL 1790356987.116 230.6 2.3
TL 1790356987.216 367.8 3.2
TL 1790356987.316 443.1 3.4
TL 1790356987.416 269.7 3.6
TL 1790356987.517 245.3 2.4
TL 1790356987.617 222.3 3.0
TL 1790356987.717 570.2 2.5
TL 1790356987.817 566.5 3.0
TL 1790356987.917 564.0 2.3
TL 1790356988.018 250.3 3.1
TL 1790356988.121 2924.5 3.1
TL 1790356988.218 246.4 3.1
TL 1790356988.319 280.3 4.0
TL 1790356988.419 273.1 3.7
TL 1790356988.519 287.0 3.4
TL 1790356988.619 637.0 1.8
TL 1790356988.719 285.4 3.1
TL 1790356988.819 378.0 3.1
TL 1790356988.919 236.8 3.9
TL 1790356989.020 283.6 3.0
TL 1790356989.120 464.4 2.6
TL 1790356989.220 559.6 3.6
TL 1790356989.320 245.8 3.3
TL 1790356989.421 403.0 5.2
TL 1790356989.521 239.5 4.7
TL 1790356989.621 234.8 3.8
TL 1790356989.721 577.6 2.8
TL 1790356989.822 645.1 3.1
TL 1790356989.921 263.1 3.2
TL 1790356990.022 405.6 3.0
TL 1790356990.122 596.0 2.7
TL 1790356990.222 362.2 4.0
TL 1790356990.322 214.3 2.9
TL 1790356990.422 319.0 3.5
TL 1790356990.522 266.9 3.3
TL 1790356990.623 391.1 3.1
TL 1790356990.723 528.6 3.4
TL 1790356990.823 193.8 3.2
TL 1790356990.924 547.8 2.5
TL 1790356991.023 227.0 3.5
TL 1790356991.124 574.9 3.6
TL 1790356991.225 1314.6 3.6
TL 1790356991.324 242.9 3.3
TL 1790356991.424 277.7 3.4
TL 1790356991.524 151.1 2.6
TL 1790356991.625 389.3 4.5
TL 1790356991.725 417.6 3.2
TL 1790356991.825 362.1 3.2
TL 1790356991.925 249.0 3.1
TL 1790356992.026 571.2 2.4
TL 1790356992.126 576.7 2.9
TL 1790356992.226 330.8 2.3
TL 1790356992.326 275.3 2.8
TL 1790356992.427 780.5 3.1
TL 1790356992.527 231.2 3.5
TL 1790356992.627 257.9 3.3
TL 1790356992.728 229.1 2.9
TL 1790356992.828 213.0 2.9
TL 1790356992.929 479.8 2.4
TL 1790356993.029 273.4 3.5
TL 1790356993.129 306.9 3.4
TL 1790356993.230 209.4 2.9
TL 1790356993.331 214.4 2.9
TL 1790356993.431 229.8 3.1
TL 1790356993.531 226.6 3.4
TL 1790356993.631 255.4 3.2
TL 1790356993.733 2330.8 3.2
TL 1790356993.831 241.8 2.7
TL 1790356993.932 231.7 2.3
TL 1790356994.033 639.0 2.4
TL 1790356994.133 411.4 3.0
TL 1790356994.235 2117.1 2.7
TL 1790356994.333 220.6 3.4
TL 1790356994.433 286.4 3.2
TL 1790356994.533 157.0 2.3
TL 1790356994.633 162.0 2.5
TL 1790356994.734 195.4 2.5
TL 1790356994.834 273.8 3.9
TL 1790356994.934 258.5 4.5
TL 1790356995.034 210.4 2.6
TL 1790356995.135 779.3 2.7
TL 1790356995.235 763.8 3.1
TL 1790356995.335 279.5 3.3
TL 1790356995.436 921.6 3.2
TL 1790356995.535 455.8 3.8
TL 1790356995.636 994.6 2.5
TL 1790356995.736 571.8 2.6
TL 1790356995.836 294.1 3.2
TL 1790356995.936 322.2 3.5
TL 1790356996.036 257.2 2.3
TL 1790356996.137 967.1 3.3
TL 1790356996.237 357.7 2.6
TL 1790356996.336 216.8 1.6
TL 1790356996.437 303.9 3.6
TL 1790356996.537 317.5 3.8
TL 1790356996.637 476.8 3.8
TL 1790356996.738 1136.7 2.6
TL 1790356996.837 317.2 4.2
TL 1790356996.938 320.9 4.2
TL 1790356997.038 926.3 2.8
TL 1790356997.138 512.9 2.2
TL 1790356997.238 340.4 4.1
TL 1790356997.338 123.5 0.8
TL 1790356997.439 256.2 2.8
TL 1790356997.540 473.5 3.0
TL 1790356997.640 346.4 3.9
TL 1790356997.740 354.6 4.9
TL 1790356997.840 297.2 3.5
TL 1790356997.941 725.2 3.3
TL 1790356998.041 691.3 3.5
TL 1790356998.141 650.1 2.5
TL 1790356998.241 603.6 3.4
TL 1790356998.341 142.0 0.7
TL 1790356998.441 315.2 4.4
TL 1790356998.541 356.3 4.6
TL 1790356998.641 217.7 2.7
TL 1790356998.742 314.9 3.5
TL 1790356998.842 190.5 3.5
TL 1790356998.942 283.5 3.8
TL 1790356999.042 291.5 3.9
TL 1790356999.143 505.8 4.3
TL 1790356999.243 553.6 3.5
TL 1790356999.343 287.3 3.6
TL 1790356999.443 189.7 2.4
TL 1790356999.543 274.6 2.7
TL 1790356999.643 271.1 3.7
TL 1790356999.744 677.6 2.9
TL 1790356999.843 314.4 4.5
TL 1790356999.944 460.4 3.3
TL 1790357000.044 410.1 4.5
TL 1790357000.144 545.4 3.6
TL 1790357000.244 335.9 4.0
TL 1790357000.345 723.6 3.3
TL 1790357000.445 314.6 3.9
TL 1790357000.546 435.1 5.2
TL 1790357000.646 223.2 4.1
TL 1790357000.746 334.9 2.3
TL 1790357000.847 234.9 2.8
TL 1790357000.947 292.1 3.8
TL 1790357001.048 502.6 3.7
TL 1790357001.148 335.1 2.9
TL 1790357001.248 300.9 4.1
TL 1790357001.348 485.1 4.3
TL 1790357001.448 581.8 3.7
TL 1790357001.548 244.6 3.6
TL 1790357001.648 310.1 3.5
TL 1790357001.749 586.0 3.2
TL 1790357001.849 499.4 3.8
TL 1790357001.949 686.9 2.8
TL 1790357002.049 287.5 3.9
TL 1790357002.149 313.1 4.2
TL 1790357002.250 797.6 2.3
TL 1790357002.350 310.7 4.1
TL 1790357002.450 300.7 3.1
TL 1790357002.550 340.2 3.6
TL 1790357002.650 301.9 3.2
TL 1790357002.750 306.2 3.9
TL 1790357002.851 377.8 4.5
TL 1790357002.951 291.9 4.0
TL 1790357003.051 590.8 2.9
TL 1790357003.152 696.6 3.2
TL 1790357003.251 305.6 4.1
TL 1790357003.352 792.8 2.3
TL 1790357003.452 249.8 3.0
TL 1790357003.552 425.1 3.7
TL 1790357003.652 345.2 4.6
TL 1790357003.752 325.1 3.7
TL 1790357003.853 372.5 4.5
TL 1790357003.953 678.0 3.3
TL 1790357004.053 227.6 2.7
TL 1790357004.153 265.5 4.0
TL 1790357004.254 305.6 3.3
TL 1790357004.354 286.2 3.6
TL 1790357004.454 210.5 2.3
TL 1790357004.554 209.5 3.6
TL 1790357004.654 337.9 4.0
TL 1790357004.754 337.3 3.7
TL 1790357004.855 324.5 4.6
TL 1790357004.955 765.9 3.1
TL 1790357005.055 389.7 3.9
TL 1790357005.155 263.1 3.0
TL 1790357005.255 450.6 3.5
TL 1790357005.356 576.3 2.6
TL 1790357005.456 297.7 4.1
TL 1790357005.556 368.3 4.4
TL 1790357005.656 364.3 4.5
TL 1790357005.756 461.0 3.9
TL 1790357005.856 345.8 3.7
TL 1790357005.957 378.7 3.6
TL 1790357006.057 527.3 2.7
TL 1790357006.157 649.3 2.9
TL 1790357006.257 265.6 3.3
TL 1790357006.358 662.4 3.0
TL 1790357006.457 292.3 3.8
TL 1790357006.558 418.6 4.1
TL 1790357006.658 354.4 4.0
TL 1790357006.758 365.7 3.5
TL 1790357006.858 395.5 4.1
TL 1790357006.959 294.5 3.1
TL 1790357007.059 290.9 4.3
TL 1790357007.159 637.0 2.7
TL 1790357007.259 374.2 3.5
TL 1790357007.360 539.1 3.3
TL 1790357007.460 365.5 3.5
TL 1790357007.560 341.9 3.5
TL 1790357007.661 735.6 2.0
TL 1790357007.761 322.0 3.9
TL 1790357007.861 363.6 3.4
TL 1790357007.961 302.3 3.9
TL 1790357008.061 273.5 3.3
TL 1790357008.162 558.5 4.0
TL 1790357008.261 207.4 2.7
TL 1790357008.362 284.1 3.6
TL 1790357008.462 279.7 3.7
TL 1790357008.562 279.7 3.0
TL 1790357008.662 198.5 2.4
TL 1790357008.762 293.2 2.9
TL 1790357008.863 445.3 2.3
TL 1790357008.963 757.1 2.6
TL 1790357009.063 264.8 2.6
TL 1790357009.163 679.4 3.4
TL 1790357009.263 422.8 4.8
TL 1790357009.364 603.6 2.8
TL 1790357009.463 195.0 2.4
TL 1790357009.564 334.9 4.6
TL 1790357009.664 322.9 3.5
TL 1790357009.764 389.3 3.5
TL 1790357009.864 510.4 3.3
TL 1790357009.965 598.2 3.9
TL 1790357010.064 209.2 2.7
TL 1790357010.165 354.1 3.6
TL 1790357010.265 489.8 3.3
TL 1790357010.365 264.5 2.9
TL 1790357010.465 362.9 1.5
TL 1790357010.565 238.9 3.1
TL 1790357010.665 198.3 2.6
TL 1790357010.765 291.0 2.8
TL 1790357010.866 381.1 4.4
TL 1790357010.966 548.4 2.9
TL 1790357011.066 333.2 3.3
TL 1790357011.167 965.5 3.3
TL 1790357011.267 686.0 3.3
TL 1790357011.367 749.9 2.9
TL 1790357011.467 210.6 3.0
TL 1790357011.567 338.9 3.7
TL 1790357011.668 316.0 3.5
TL 1790357011.768 387.1 3.3
TL 1790357011.869 945.2 2.9
TL 1790357011.969 504.3 4.0
TL 1790357012.069 251.3 3.6
TL 1790357012.170 645.8 3.5
TL 1790357012.270 422.4 4.0
TL 1790357012.370 354.2 4.4
TL 1790357012.470 217.4 1.3
TL 1790357012.570 258.3 3.5
TL 1790357012.670 308.9 3.6
TL 1790357012.771 497.7 14.1
TL 1790357012.871 461.6 4.0
TL 1790357012.971 341.1 4.1
TL 1790357013.071 492.9 3.1
TL 1790357013.172 715.9 3.3
TL 1790357013.272 592.7 3.2
TL 1790357013.372 927.3 2.4
TL 1790357013.472 208.4 1.3
TL 1790357013.572 280.9 3.5
TL 1790357013.673 739.4 2.3
TL 1790357013.773 333.4 4.2
TL 1790357013.875 2409.2 2.8
TL 1790357013.973 677.2 4.1
TL 1790357014.074 721.0 4.0
TL 1790357014.173 236.7 2.8
TL 1790357014.273 306.0 4.1
TL 1790357014.374 392.2 2.9
TL 1790357014.474 203.0 2.9
TL 1790357014.574 308.7 4.4
TL 1790357014.674 288.7 3.1
TL 1790357014.775 329.3 4.2
TL 1790357014.875 283.1 3.6
TL 1790357014.975 248.4 3.1
TL 1790357015.075 308.3 3.6
TL 1790357015.175 240.6 3.3
TL 1790357015.276 668.9 1.6
TL 1790357015.376 281.4 2.9
TL 1790357015.476 278.6 32.6
TL 1790357015.576 354.7 3.5
TL 1790357015.676 341.1 4.1
TL 1790357015.777 322.8 4.1
TL 1790357015.877 659.3 2.9
TL 1790357015.977 357.1 3.9
TL 1790357016.077 679.3 2.9
TL 1790357016.178 675.4 2.6
TL 1790357016.278 269.0 2.4
TL 1790357016.378 696.5 2.7
TL 1790357016.478 237.2 1.8
TL 1790357016.578 363.0 3.5
TL 1790357016.678 382.8 3.4
TL 1790357016.779 552.0 2.7
TL 1790357016.879 596.7 3.0
TL 1790357016.979 304.9 3.1
TL 1790357017.079 286.0 3.8
TL 1790357017.180 801.6 2.6
TL 1790357017.279 388.2 3.6
TL 1790357017.380 804.0 1.5
TL 1790357017.480 271.7 1.8
TL 1790357017.580 973.9 1.8
TL 1790357017.680 365.1 4.1
TL 1790357017.781 438.8 2.9
TL 1790357017.881 1013.9 2.1
TL 1790357017.981 631.5 3.3
TL 1790357018.081 285.7 3.5
TL 1790357018.182 822.9 2.9
TL 1790357018.282 790.2 2.8
TL 1790357018.382 586.7 2.3
TL 1790357018.482 179.7 1.7
TL 1790357018.582 387.9 3.8
TL 1790357018.683 564.3 2.3
TL 1790357018.783 352.4 3.8
TL 1790357018.883 293.0 4.2
TL 1790357018.983 335.2 4.9
TL 1790357019.084 480.4 3.7
TL 1790357019.184 770.3 3.7
TL 1790357019.284 303.4 2.1
TL 1790357019.384 606.3 2.5
TL 1790357019.484 183.3 1.6
TL 1790357019.584 313.0 3.3
TL 1790357019.685 355.6 2.9
TL 1790357019.785 417.5 3.9
TL 1790357019.885 354.4 3.7
TL 1790357019.985 265.9 3.4
TL 1790357020.085 319.4 3.9
TL 1790357020.186 392.0 3.3
TL 1790357020.286 687.4 3.5
TL 1790357020.386 557.2 3.6
TL 1790357020.486 259.7 2.7
TL 1790357020.587 357.7 3.3
TL 1790357020.687 433.6 3.9
TL 1790357020.787 294.1 2.4
TL 1790357020.888 410.8 4.4
TL 1790357020.988 257.8 3.0
TL 1790357021.088 653.1 2.7
TL 1790357021.188 678.5 3.7
TL 1790357021.288 369.9 2.7
TL 1790357021.389 385.8 3.9
TL 1790357021.489 287.3 3.5
TL 1790357021.589 300.7 4.2
TL 1790357021.689 283.6 3.8
TL 1790357021.790 400.3 3.7
TL 1790357021.890 299.1 2.4
TL 1790357021.990 726.4 3.6
TL 1790357022.090 386.9 4.1
TL 1790357022.191 429.0 3.7
TL 1790357022.291 753.1 3.5
TL 1790357022.391 658.4 3.3
TL 1790357022.491 282.8 3.3
TL 1790357022.591 278.7 2.4
TL 1790357022.696 214.9 2.1
TL 1790357022.797 349.3 2.5
TL 1790357022.897 316.8 3.1
TL 1790357022.997 274.6 3.4
TL 1790357023.097 326.6 4.3
TL 1790357023.197 536.8 4.1
TL 1790357023.297 316.9 2.6
TL 1790357023.397 266.3 3.9
TL 1790357023.498 295.9 8.6
TL 1790357023.598 284.4 2.4
TL 1790357023.698 224.0 2.7
TL 1790357023.798 630.7 3.7
TL 1790357023.898 443.4 3.9
TL 1790357023.998 461.1 4.4
TL 1790357024.098 306.3 4.1
TL 1790357024.199 765.6 2.8
TL 1790357024.299 221.8 2.5
TL 1790357024.399 289.5 3.3
TL 1790357024.499 354.5 3.5
TL 1790357024.600 365.8 3.1
TL 1790357024.700 327.2 3.3
TL 1790357024.800 339.9 3.4
TL 1790357024.901 328.5 3.6
TL 1790357025.001 443.9 2.9
TL 1790357025.101 345.1 3.3
TL 1790357025.201 738.0 2.4
TL 1790357025.302 738.5 4.1
TL 1790357025.402 665.5 3.1
TL 1790357025.502 661.8 2.8
TL 1790357025.601 223.8 3.3
TL 1790357025.702 299.2 4.0
TL 1790357025.802 406.2 3.4
TL 1790357025.902 568.2 4.2
TL 1790357026.002 191.9 1.3
TL 1790357026.102 425.5 3.5
TL 1790357026.202 438.4 4.1
TL 1790357026.303 541.7 2.0
TL 1790357026.403 585.4 2.5
TL 1790357026.503 709.9 2.9
TL 1790357026.603 217.3 3.4
TL 1790357026.703 410.8 4.1
TL 1790357026.803 301.1 33.9
TL 1790357026.903 558.2 2.7
TL 1790357027.004 540.2 2.0
TL 1790357027.104 628.0 4.2
TL 1790357027.204 681.8 3.0
TL 1790357027.305 611.7 2.8
TL 1790357027.404 280.4 3.5
TL 1790357027.505 765.4 2.8
TL 1790357027.605 371.5 3.4
TL 1790357027.705 260.8 3.2
TL 1790357027.806 203.8 2.8
TL 1790357027.906 307.9 3.8
TL 1790357028.006 696.1 2.1
TL 1790357028.106 555.4 4.1
TL 1790357028.206 364.7 2.8
TL 1790357028.307 785.4 4.0
TL 1790357028.407 328.3 2.9
TL 1790357028.507 447.1 2.4
TL 1790357028.607 346.5 3.4
TL 1790357028.707 231.7 2.7
TL 1790357028.808 692.4 2.7
TL 1790357028.907 307.0 3.2
TL 1790357029.008 304.3 3.3
TL 1790357029.108 352.1 3.7
TL 1790357029.209 470.6 3.6
TL 1790357029.309 321.9 4.3
TL 1790357029.409 653.4 2.3
TL 1790357029.509 614.5 2.7
TL 1790357029.609 251.7 17.0
TL 1790357029.709 330.4 3.2
TL 1790357029.810 423.1 4.5
TL 1790357029.910 453.2 4.0
TL 1790357030.010 292.6 3.6
TL 1790357030.111 328.8 4.4
TL 1790357030.211 312.7 3.1
TL 1790357030.311 699.0 3.2
TL 1790357030.411 635.7 2.4
TL 1790357030.512 755.6 3.3
TL 1790357030.611 364.9 3.6
TL 1790357030.712 255.4 2.4
TL 1790357030.812 183.8 1.9
TL 1790357030.912 577.1 3.2
TL 1790357031.013 559.5 3.3
TL 1790357031.113 548.2 3.9
TL 1790357031.213 272.6 2.6
TL 1790357031.313 588.6 3.2
TL 1790357031.413 527.1 3.4
TL 1790357031.514 1190.8 2.8
TL 1790357031.614 282.8 3.1
TL 1790357031.714 348.7 3.4
TL 1790357031.814 225.6 3.2
TL 1790357031.915 644.7 3.1
TL 1790357032.015 725.1 3.0
TL 1790357032.115 388.5 4.1
TL 1790357032.215 287.3 3.7
TL 1790357032.315 409.3 3.6
TL 1790357032.415 615.1 3.1
TL 1790357032.515 337.4 2.7
TL 1790357032.616 337.9 3.1
TL 1790357032.716 362.5 2.4
TL 1790357032.816 307.3 3.7
TL 1790357032.916 500.9 4.2
TL 1790357033.017 892.3 2.8
TL 1790357033.116 238.0 3.1
TL 1790357033.217 327.4 3.3
TL 1790357033.317 583.1 2.6
TL 1790357033.417 390.2 3.5
TL 1790357033.517 316.8 3.9
TL 1790357033.617 339.3 2.5
TL 1790357033.717 305.4 3.9
TL 1790357033.818 216.8 2.4
TL 1790357033.918 311.5 3.7
TL 1790357034.018 715.6 3.0
TL 1790357034.118 290.5 4.6
TL 1790357034.218 358.2 3.9
TL 1790357034.319 271.5 3.6
TL 1790357034.419 448.4 3.5
TL 1790357034.519 363.5 3.4
TL 1790357034.619 293.9 3.7
TL 1790357034.719 346.8 3.4
TL 1790357034.820 264.4 2.4
TL 1790357034.920 386.7 3.9
TL 1790357035.020 427.1 3.1
TL 1790357035.121 440.8 3.4
TL 1790357035.221 723.0 4.4
TL 1790357035.321 233.0 3.2
TL 1790357035.421 684.8 3.2
TL 1790357035.521 662.6 2.8
TL 1790357035.621 242.4 3.0
TL 1790357035.722 444.5 3.9
TL 1790357035.823 805.7 4.1
TL 1790357035.923 382.1 3.7
TL 1790357036.023 247.1 1.7
TL 1790357036.123 474.5 2.5
TL 1790357036.223 471.1 3.9
TL 1790357036.324 326.1 3.1
TL 1790357036.424 732.6 3.5
TL 1790357036.524 633.0 2.1
TL 1790357036.624 201.5 1.6
TL 1790357036.724 385.1 4.3
TL 1790357036.824 265.0 4.4
TL 1790357036.925 419.5 3.1
TL 1790357037.025 708.5 3.1
TL 1790357037.125 228.4 3.0
TL 1790357037.225 401.2 3.3
TL 1790357037.325 231.1 3.4
TL 1790357037.426 687.5 3.1
TL 1790357037.526 314.5 3.9
TL 1790357037.626 364.7 2.7
TL 1790357037.726 414.3 3.2
TL 1790357037.826 250.4 3.3
TL 1790357037.927 404.5 3.2
TL 1790357038.027 510.3 2.9
TL 1790357038.127 724.2 3.7
TL 1790357038.227 322.2 4.3
TL 1790357038.328 635.5 2.9
TL 1790357038.428 804.6 2.0
TL 1790357038.528 649.1 7.1
TL 1790357038.628 211.1 1.4
TL 1790357038.728 270.8 3.7
TL 1790357038.828 238.2 2.7
TL 1790357038.929 362.4 4.2
TL 1790357039.029 289.3 3.0
TL 1790357039.129 232.4 2.9
TL 1790357039.229 290.1 3.4
TL 1790357039.330 790.3 3.5
TL 1790357039.429 272.6 3.5
TL 1790357039.530 585.3 1.9
TL 1790357039.630 225.6 2.2
TL 1790357039.730 212.3 2.4
TL 1790357039.830 357.6 3.5
TL 1790357039.930 170.8 2.4
TL 1790357040.030 317.8 3.9
TL 1790357040.131 289.2 3.5
TL 1790357040.232 1905.4 3.2
TL 1790357040.331 345.1 3.2
TL 1790357040.432 735.6 3.4
TL 1790357040.531 196.1 2.7
TL 1790357040.631 122.0 1.1
TL 1790357040.732 412.9 2.7
TL 1790357040.832 335.0 3.9
TL 1790357040.932 356.0 2.7
TL 1790357041.033 264.4 2.3
TL 1790357041.133 329.0 3.1
TL 1790357041.234 434.4 4.2
TL 1790357041.334 310.8 4.7
TL 1790357041.435 723.0 2.7
TL 1790357041.534 244.9 3.2
TL 1790357041.634 214.0 0.8
TL 1790357041.735 469.9 3.5
TL 1790357041.835 491.2 3.4
TL 1790357041.935 409.6 3.5
TL 1790357042.035 287.7 3.6
TL 1790357042.135 401.5 4.2
TL 1790357042.236 873.2 2.6
TL 1790357042.336 299.2 4.0
TL 1790357042.436 263.6 3.4
TL 1790357042.536 367.0 3.9
TL 1790357042.636 408.2 3.5
TL 1790357042.737 310.9 4.2
TL 1790357042.837 338.5 3.4
TL 1790357042.938 289.3 3.5
TL 1790357043.039 693.0 2.8
TL 1790357043.138 283.3 4.0
TL 1790357043.239 554.0 2.6
TL 1790357043.339 796.7 3.3
TL 1790357043.439 391.8 3.9
TL 1790357043.539 596.0 4.3
TL 1790357043.639 475.1 3.6
TL 1790357043.740 468.5 3.3
TL 1790357043.840 288.2 3.0
TL 1790357043.940 373.2 2.7
TL 1790357044.040 270.5 2.4
TL 1790357044.140 425.1 5.0
TL 1790357044.240 304.3 3.9
TL 1790357044.341 706.2 3.4
TL 1790357044.441 354.2 3.3
TL 1790357044.541 315.9 2.9
TL 1790357044.641 311.5 4.5
TL 1790357044.741 208.1 2.5
TL 1790357044.842 320.6 3.9
TL 1790357044.942 355.1 3.7
TL 1790357045.042 271.7 3.9
TL 1790357045.142 343.2 4.0
TL 1790357045.242 319.2 2.9
TL 1790357045.342 207.5 2.9
TL 1790357045.443 490.8 2.1
TL 1790357045.543 332.1 2.9
TL 1790357045.643 733.2 2.8
TL 1790357045.743 303.2 2.9
TL 1790357045.844 430.1 3.4
TL 1790357045.944 457.2 3.2
TL 1790357046.044 156.7 1.9
TL 1790357046.144 567.5 2.8
TL 1790357046.244 707.4 2.9
TL 1790357046.345 683.7 2.8
TL 1790357046.445 595.3 4.2
TL 1790357046.545 423.3 3.4
TL 1790357046.645 283.5 3.7
TL 1790357046.745 380.7 3.3
TL 1790357046.845 237.0 3.0
TL 1790357046.946 521.6 3.0
TL 1790357047.046 569.9 3.6
TL 1790357047.146 293.3 3.7
TL 1790357047.246 391.2 3.0
TL 1790357047.346 438.4 3.0
TL 1790357047.446 288.2 2.9
TL 1790357047.547 748.3 2.7
TL 1790357047.647 415.2 2.2
TL 1790357047.747 487.7 3.0
TL 1790357047.847 296.8 3.4
TL 1790357047.947 285.4 3.5
TL 1790357048.047 372.7 2.2
TL 1790357048.148 598.5 1.6
TL 1790357048.248 303.8 3.6
TL 1790357048.349 796.9 3.4
TL 1790357048.448 446.0 2.9
TL 1790357048.549 644.6 3.1
TL 1790357048.649 302.9 3.4
TL 1790357048.749 223.8 2.3
TL 1790357048.850 1268.3 2.3
TL 1790357048.949 316.0 3.6
TL 1790357049.049 366.5 2.0
TL 1790357049.149 398.6 4.1
TL 1790357049.250 292.7 4.2
TL 1790357049.350 292.9 3.9
TL 1790357049.450 576.1 3.6
TL 1790357049.550 289.2 3.2
TL 1790357049.651 650.5 2.4
TL 1790357049.751 287.6 2.0
TL 1790357049.851 292.2 3.6
TL 1790357049.951 250.4 3.5
TL 1790357050.051 320.2 3.5
TL 1790357050.152 350.5 3.3
TL 1790357050.252 614.2 2.1
TL 1790357050.352 703.9 2.7
TL 1790357050.452 319.9 2.2
TL 1790357050.552 385.2 3.8
TL 1790357050.653 245.1 3.9
TL 1790357050.753 322.4 3.5
TL 1790357050.853 317.6 3.3
TL 1790357050.953 315.6 4.5
TL 1790357051.054 525.3 3.5
TL 1790357051.154 324.0 4.3
TL 1790357051.254 656.2 2.9
TL 1790357051.354 679.4 2.4
TL 1790357051.454 638.8 2.5
TL 1790357051.554 200.7 2.7
TL 1790357051.655 710.1 2.7
TL 1790357051.754 267.0 3.0
TL 1790357051.855 314.4 3.5
TL 1790357051.955 383.5 4.2
TL 1790357052.055 497.9 3.5
TL 1790357052.155 300.9 3.7
TL 1790357052.255 273.7 2.8
TL 1790357052.356 307.1 2.7
TL 1790357052.456 594.2 3.9
TL 1790357052.556 772.3 2.6
TL 1790357052.656 627.2 2.7
TL 1790357052.756 268.4 3.2
TL 1790357052.856 266.9 2.9
TL 1790357052.957 309.0 4.0
TL 1790357053.057 253.9 2.1
TL 1790357053.158 405.5 3.6
TL 1790357053.258 629.6 4.2
TL 1790357053.358 525.3 3.3
TL 1790357053.459 671.0 3.5
TL 1790357053.559 723.4 2.7
TL 1790357053.659 747.8 3.5
TL 1790357053.759 349.2 2.5
TL 1790357053.859 313.2 3.9
TL 1790357053.959 297.3 4.3
TL 1790357054.060 521.6 1.9
TL 1790357054.160 339.1 3.1
TL 1790357054.260 376.7 6.1
TL 1790357054.361 746.4 2.7
TL 1790357054.461 683.5 3.1
TL 1790357054.561 281.8 3.9
TL 1790357054.661 519.2 2.2
TL 1790357054.761 379.5 2.9
TL 1790357054.861 234.8 2.7
TL 1790357054.961 226.7 2.7
TL 1790357055.061 280.2 3.9
TL 1790357055.162 392.6 4.0
TL 1790357055.262 547.4 3.2
TL 1790357055.363 926.1 3.1
TL 1790357055.463 488.8 3.9
TL 1790357055.563 343.9 3.7
TL 1790357055.663 666.5 3.4
TL 1790357055.763 293.5 2.9
TL 1790357055.863 387.3 3.1
TL 1790357055.964 661.7 1.9
TL 1790357056.064 134.0 2.2
TL 1790357056.164 386.7 4.1
TL 1790357056.265 635.2 2.5
TL 1790357056.364 334.2 2.6
TL 1790357056.464 126.6 2.3
TL 1790357056.564 116.7 2.6
TL 1790357056.665 209.2 2.9
TL 1790357056.765 202.6 2.0
TL 1790357056.865 190.5 2.2
TL 1790357056.966 769.8 2.7
TL 1790357057.066 759.9 3.1
TL 1790357057.166 594.5 3.1
TL 1790357057.266 625.4 4.0
TL 1790357057.366 551.6 2.3
TL 1790357057.466 339.8 3.0
TL 1790357057.567 839.9 3.0
TL 1790357057.667 1038.6 2.5
TL 1790357057.767 275.2 1.1
TL 1790357057.867 296.7 4.0
TL 1790357057.967 207.8 3.0
TL 1790357058.067 580.2 3.0
TL 1790357058.168 852.2 2.6
TL 1790357058.268 753.8 3.4
TL 1790357058.368 400.6 3.5
TL 1790357058.468 409.3 3.4
TL 1790357058.569 899.8 3.2
TL 1790357058.669 667.2 3.4
TL 1790357058.769 270.3 1.3
TL 1790357058.869 314.7 3.6
TL 1790357058.969 378.0 3.9
TL 1790357059.069 331.1 4.4
TL 1790357059.170 377.2 4.7
TL 1790357059.270 669.5 3.2
TL 1790357059.370 587.6 3.1
TL 1790357059.470 588.4 3.3
TL 1790357059.571 545.3 2.5
TL 1790357059.670 343.0 4.0
TL 1790357059.770 173.1 2.2
TL 1790357059.871 276.3 3.5
TL 1790357059.971 285.5 4.3
TL 1790357060.072 673.2 3.8
TL 1790357060.172 454.7 3.0
TL 1790357060.272 429.1 3.1
TL 1790357060.372 330.2 3.7
TL 1790357060.473 1068.4 3.2
TL 1790357060.573 981.8 2.4
TL 1790357060.673 343.4 3.6
TL 1790357060.773 189.9 3.0
TL 1790357060.873 324.8 4.3
TL 1790357060.974 314.4 3.6
TL 1790357061.074 276.3 2.1
TL 1790357061.174 323.6 3.5
TL 1790357061.275 817.2 2.4
TL 1790357061.375 314.4 3.5
TL 1790357061.475 317.7 3.4
TL 1790357061.575 350.2 3.7
TL 1790357061.676 737.2 2.1
TL 1790357061.776 106.3 1.0
TL 1790357061.876 497.8 3.6
TL 1790357061.976 344.6 3.6
TL 1790357062.078 153.0 1.6
TL 1790357062.178 330.1 2.8
TL 1790357062.278 334.3 3.7
TL 1790357062.379 344.3 4.5
TL 1790357062.479 306.9 4.6
TL 1790357062.579 441.2 3.0
TL 1790357062.680 770.1 3.2
TL 1790357062.779 122.3 0.8
TL 1790357062.880 376.8 4.4
TL 1790357062.980 604.3 2.5
TL 1790357063.080 748.7 4.4
TL 1790357063.180 275.3 2.9
TL 1790357063.281 595.7 3.1
TL 1790357063.381 977.0 3.3
TL 1790357063.481 322.5 3.1
TL 1790357063.581 572.6 3.4
TL 1790357063.681 614.4 3.1
TL 1790357063.781 601.4 2.0
TL 1790357063.881 259.2 3.5
TL 1790357063.982 581.5 3.4
TL 1790357064.082 349.8 2.7
TL 1790357064.182 418.6 3.8
TL 1790357064.282 296.8 3.6
TL 1790357064.382 291.5 2.9
TL 1790357064.483 617.0 3.4
TL 1790357064.584 431.1 3.3
TL 1790357064.684 406.9 4.6
TL 1790357064.785 554.8 1.9
TL 1790357064.885 428.5 4.1
TL 1790357064.985 253.4 3.7
TL 1790357065.085 387.8 4.2
TL 1790357065.185 194.4 2.8
TL 1790357065.285 484.6 3.4
TL 1790357065.385 309.3 4.3
TL 1790357065.487 251.8 3.3
TL 1790357065.587 182.9 2.7
TL 1790357065.687 221.9 2.3
TL 1790357065.788 789.1 2.0
TL 1790357065.887 271.1 2.7
TL 1790357065.988 679.0 2.8
TL 1790357066.088 188.3 3.6
TL 1790357066.188 319.5 3.7
TL 1790357066.288 335.6 3.1
TL 1790357066.389 491.1 3.1
TL 1790357066.489 700.4 2.8
TL 1790357066.589 293.4 4.3
TL 1790357066.690 774.9 3.6
TL 1790357066.789 452.1 2.9
TL 1790357066.890 352.3 3.5
TL 1790357066.990 338.7 4.1
TL 1790357067.090 294.0 3.1
TL 1790357067.190 409.0 5.2
TL 1790357067.290 422.7 2.2
TL 1790357067.391 724.8 3.4
TL 1790357067.491 542.4 3.0
TL 1790357067.591 687.8 3.2
TL 1790357067.691 561.1 3.2
TL 1790357067.791 557.2 2.4
TL 1790357067.891 328.7 3.2
TL 1790357067.991 247.3 2.8
TL 1790357068.091 158.2 3.1
TL 1790357068.191 321.8 3.7
TL 1790357068.292 295.9 2.6
TL 1790357068.392 741.4 3.7
TL 1790357068.492 624.3 3.9
TL 1790357068.592 403.8 4.4
TL 1790357068.693 738.5 2.5
TL 1790357068.792 274.6 3.1
TL 1790357068.893 384.2 3.7
TL 1790357068.993 253.9 2.9
TL 1790357069.093 282.6 3.9
TL 1790357069.193 260.7 2.9
TL 1790357069.294 660.7 2.7
TL 1790357069.394 676.7 2.4
TL 1790357069.494 752.9 3.1
TL 1790357069.594 483.8 3.7
TL 1790357069.694 571.4 3.7
TL 1790357069.795 677.2 3.2
TL 1790357069.895 348.4 24.6
TL 1790357069.995 304.5 3.5
TL 1790357070.095 190.7 3.1
TL 1790357070.196 488.2 4.0
TL 1790357070.295 290.5 3.0
TL 1790357070.396 335.9 3.4
TL 1790357070.496 304.5 3.5
TL 1790357070.596 278.7 2.9
TL 1790357070.697 260.9 2.8
TL 1790357070.797 599.0 2.0
TL 1790357070.897 531.7 1.9
TL 1790357070.997 364.7 3.0
TL 1790357071.097 138.3 2.3
TL 1790357071.198 327.2 3.8
TL 1790357071.298 462.2 3.7
TL 1790357071.398 311.5 3.9
TL 1790357071.498 509.2 2.3
TL 1790357071.598 293.7 3.6
TL 1790357071.699 365.3 3.7
TL 1790357071.799 383.9 3.4
TL 1790357071.899 197.4 1.4
TL 1790357071.999 333.0 3.6
TL 1790357072.099 174.7 3.0
TL 1790357072.199 256.7 3.0
TL 1790357072.300 183.3 3.2
TL 1790357072.400 407.2 3.2
TL 1790357072.500 286.5 3.5
TL 1790357072.600 251.1 3.0
TL 1790357072.700 550.2 2.4
TL 1790357072.801 726.6 3.2
TL 1790357072.901 233.6 1.8
TL 1790357073.001 349.5 3.6
TL 1790357073.101 179.2 3.7
TL 1790357073.202 601.4 3.7
TL 1790357073.302 726.6 2.4
TL 1790357073.402 590.8 3.0
TL 1790357073.502 613.6 3.1
TL 1790357073.602 600.3 2.0
TL 1790357073.703 609.4 2.3
TL 1790357073.803 604.4 2.5
TL 1790357073.903 243.8 2.7
TL 1790357074.003 400.1 3.6
TL 1790357074.103 228.7 3.2
TL 1790357074.203 381.5 2.8
TL 1790357074.304 587.6 3.6
TL 1790357074.404 726.6 1.9
TL 1790357074.504 373.4 3.5
TL 1790357074.604 420.6 2.2
TL 1790357074.704 299.7 4.3
TL 1790357074.805 313.6 3.6
TL 1790357074.905 337.9 3.1
TL 1790357075.005 320.1 4.0
TL 1790357075.105 246.7 4.0
TL 1790357075.205 431.2 3.7
TL 1790357075.306 719.9 2.9
TL 1790357075.406 284.1 3.6
TL 1790357075.506 504.2 1.8
TL 1790357075.606 696.7 3.2
TL 1790357075.706 735.9 3.0
TL 1790357075.806 211.7 3.1
TL 1790357075.907 431.2 2.9
TL 1790357076.007 499.3 1.5
TL 1790357076.107 573.9 3.5
TL 1790357076.207 373.2 3.7
TL 1790357076.308 862.1 3.1
TL 1790357076.408 416.4 4.1
TL 1790357076.508 289.0 2.7
TL 1790357076.608 717.2 4.4
TL 1790357076.709 454.8 4.2
TL 1790357076.809 293.4 3.5
TL 1790357076.909 199.8 1.9
TL 1790357077.009 498.1 3.5
TL 1790357077.109 479.3 4.0
TL 1790357077.210 654.0 3.3
TL 1790357077.310 868.4 3.2
TL 1790357077.410 313.9 4.6
TL 1790357077.510 493.3 4.7
TL 1790357077.610 458.3 3.3
TL 1790357077.711 757.2 2.8
TL 1790357077.811 635.3 3.2
TL 1790357077.910 215.4 2.6
TL 1790357078.011 704.0 3.8
TL 1790357078.111 137.0 2.3
TL 1790357078.211 709.4 4.3
TL 1790357078.311 308.7 3.3
TL 1790357078.411 302.6 5.3
TL 1790357078.512 740.0 4.0
TL 1790357078.611 312.8 4.0
TL 1790357078.712 879.7 3.3
TL 1790357078.812 191.8 2.5
TL 1790357078.912 232.2 2.4
TL 1790357079.012 331.6 4.0
TL 1790357079.113 383.5 3.2
TL 1790357079.213 385.9 4.2
TL 1790357079.313 293.3 3.9
TL 1790357079.413 404.3 4.1
TL 1790357079.515 1099.7 8.6
TL 1790357079.614 433.5 3.6
TL 1790357079.715 481.1 3.2
TL 1790357079.815 573.4 3.2
TL 1790357079.915 290.2 2.8
TL 1790357080.015 363.5 3.5
TL 1790357080.115 300.2 2.4
TL 1790357080.215 298.9 4.2
TL 1790357080.316 784.3 2.4
TL 1790357080.416 315.7 4.0
TL 1790357080.517 723.6 2.8
TL 1790357080.617 520.4 3.1
TL 1790357080.717 524.2 2.7
TL 1790357080.817 454.5 2.7
TL 1790357080.917 129.9 1.2
TL 1790357081.017 102.6 0.7
