1790328177.065870013  302651 1003385
1790328179.466939231       0       0
1790328181.808188709       0       0
1790328184.102908500   52363 1003455
1790328186.326911416       0       0
1790328188.562112300       0       0
1790328190.803234539       0       0
1790328193.055474434       0       0
1790328195.282397506       0       0
1790328197.529758078       0       0
1790328199.757745786       0       0
1790328201.982508962       0       0
1790328204.235457711       0       0
1790328206.479214429   88568 1002830
1790328208.732000053   42903 1002687
1790328210.985641615   56418 1002721
1790328213.418976562   55981 1002767
1790328215.741482967   55263 1002459
1790328218.047830570   51336 1002547
1790328220.390655413   65052 1002540
1790328222.687307600   71671 1002965
1790328225.026937807   55866 1002479
1790328227.394585931   56617 1002836
1790328229.748845462   67254 1002739
1790328232.072943794   49201 1002631
1790328234.361921189   55970 1002584
1790328236.667143011   60094 1002919
1790328238.981466396   67362 1002973
1790328241.364507124   65644 1003039
1790328243.740742852   63122 1002683
1790328246.034914362   61348 1002592
1790328248.479073736   57221 1002280
1790328250.809690766   59783 1002700
1790328253.153383578   63166 1002501
1790328255.454752535   48632 1002292
1790328257.790550295   68529 1002604
1790328260.088616700   63365 1002863
1790328262.380668262   69684 1002456
1790328264.772075709   68991 1002573
1790328267.104760812   64320 1002761
1790328269.442961020   56214 1002638
1790328271.778974092   65155 1003074
1790328274.113223101   53117 1002479
1790328276.462967892   58097 1002606
1790328278.788053933   74575 1002986
1790328281.110908932   60806 1002869
1790328283.601308722   67686 1002958
1790328285.985618722   65834 1002577
1790328288.342636117   71727 1002752
1790328290.658837105   67943 1003001
1790328292.998626792       0       0
1790328295.365809083   65149 1002613
1790328297.725586582   72040 1002851
1790328300.050572102   68923 1002580
1790328302.394258403   60446 1002480
1790328304.728972621   64143 1002847
1790328307.069354130   56253 1002889
1790328309.411378661   64640 1002748
1790328311.727157618   59954 1002712
1790328314.053437513   54651 1002586
1790328316.392781314   64048 1002705
1790328318.892198605   63152 1002764
1790328321.228139021       0       0
1790328323.547487509   50630 1002623
1790328325.894804175   42517 1002762
1790328328.213288185   54304 1002602
1790328330.526152507   57866 1002592
1790328332.882977870   55493 1002546
1790328335.207980369   59020 1002713
1790328337.532425160   67085 1002459
1790328339.880537711       0       0
1790328342.223269273   58773 1002830
1790328344.543540418       0       0
1790328346.881243438       0       0
1790328349.199306979       0       0
1790328351.527351144       0       0
1790328354.016897602       0       0
1790328356.412314893       0       0
1790328358.796524163       0       0
