1790147707.504705763  338747 1003317
1790147709.994307220       0       0
1790147712.395926699  383752 1003422
1790147714.872541750   57375 1002414
1790147717.137280655       0       0
1790147719.394814821       0       0
1790147721.635407633       0       0
1790147723.873322580       0       0
1790147726.121642058       0       0
1790147728.443790286       0       0
1790147730.729104712   46732 1002502
1790147732.999984087       0       0
1790147735.496748200       0       0
1790147737.842184866   52106 1002102
1790147740.124249240       0       0
1790147742.496132729   63057 1002311
1790147744.954875853       0       0
1790147747.266063040   50912 1002421
1790147749.527726945   44550 1002351
1790147751.812316059       0       0
1790147754.096048349   54858 1002271
1790147756.571953661   56669 1002172
1790147758.878744754       0       0
1790147761.145729024   45528 1002786
1790147763.466695221       0       0
1790147765.789846314   48996 1002415
1790147768.065643969       0       0
1790147770.405863760   62554 1002230
1790147772.709371207       0       0
1790147775.047939123   58813 1002262
1790147777.690369486       0       0
1790147780.129977767   64301 1002238
1790147782.421331984       0       0
1790147784.756454327       0       0
1790147787.069475316   57864 1002212
1790147789.439259117       0       0
1790147791.731915523   60099 1002023
1790147794.039560157       0       0
1790147796.344743750   57315 1002205
1790147798.619274426       0       0
1790147800.901879686       0       0
1790147803.195992445   58122 1002056
1790147805.535640882   51807 1002230
1790147807.852420152   42759 1002530
1790147810.244255151       0       0
1790147812.585711921   47897 1002316
1790147815.053271764       0       0
1790147817.393758013   56471 1002216
1790147819.727947439       0       0
1790147822.097158688   52459 1002293
1790147824.420830354       0       0
1790147826.757774988   50296 1002155
1790147829.101272696   37643 1002809
1790147831.464567643       0       0
1790147833.859518684   61168 1002128
1790147836.217790245       0       0
1790147838.561751546   52014 1002106
1790147840.879154098   38711 1002486
1790147843.211103940       0       0
1790147845.529421648       0       0
1790147847.856318678   61094 1002206
1790147850.349662636       0       0
1790147852.679749510   35944 1002420
1790147855.006030290       0       0
1790147857.330061539   52414 1002195
1790147859.701140913       0       0
1790147862.061986277   59717 1002356
1790147864.396250234   40237 1002431
1790147866.716469713       0       0
1790147869.049093097       0       0
1790147871.381517419   62526 1002075
1790147873.702354814       0       0
1790147876.031579032   61342 1002213
1790147878.376390177       0       0
1790147880.692788093   48036 1002404
1790147883.023035071       0       0
1790147885.536394549   44239 1002410
1790147887.980715903       0       0
1790147890.437193506       0       0
1790147892.874616317       0       0
