TL 1790361406.538 52.5 0.8
TL 1790361406.639 871.2 2.3
TL 1790361406.739 300.9 3.8
TL 1790361406.839 86.5 1.1
TL 1790361406.939 202.7 1.5
TL 1790361407.039 86.2 0.6
TL 1790361407.139 484.4 3.7
TL 1790361407.240 356.4 3.6
TL 1790361407.340 187.5 4.1
TL 1790361407.440 390.4 4.2
TL 1790361407.540 143.6 0.6
TL 1790361407.640 171.8 2.0
TL 1790361407.740 88.0 1.1
TL 1790361407.840 79.8 1.6
TL 1790361407.940 270.6 2.4
TL 1790361408.040 208.4 1.7
TL 1790361408.141 259.3 2.8
TL 1790361408.241 262.6 3.2
TL 1790361408.341 293.9 2.5
TL 1790361408.441 261.1 2.4
TL 1790361408.541 284.9 2.8
TL 1790361408.641 122.2 1.8
TL 1790361408.742 141.4 2.1
TL 1790361408.842 222.9 1.4
TL 1790361408.943 465.2 3.1
TL 1790361409.043 343.6 1.4
TL 1790361409.143 606.1 4.1
TL 1790361409.243 257.4 3.2
TL 1790361409.343 261.6 3.6
TL 1790361409.443 220.1 3.8
TL 1790361409.543 167.4 1.0
TL 1790361409.644 145.5 1.8
TL 1790361409.744 89.4 1.4
TL 1790361409.844 67.6 0.7
TL 1790361409.944 53.6 1.4
TL 1790361410.044 309.2 1.4
TL 1790361410.144 318.3 2.6
TL 1790361410.244 263.1 2.7
TL 1790361410.344 199.8 2.8
TL 1790361410.445 334.8 4.0
TL 1790361410.545 320.5 3.1
TL 1790361410.645 150.3 1.6
TL 1790361410.745 114.9 0.9
TL 1790361410.846 227.9 3.2
TL 1790361410.946 254.2 3.6
TL 1790361411.046 169.8 1.6
TL 1790361411.146 143.5 2.0
TL 1790361411.246 177.4 2.7
TL 1790361411.346 319.6 3.7
TL 1790361411.447 203.7 3.1
TL 1790361411.547 133.4 1.9
TL 1790361411.647 107.8 2.0
TL 1790361411.747 70.3 0.8
TL 1790361411.847 275.3 2.8
TL 1790361411.947 81.1 0.9
TL 1790361412.047 134.2 1.9
TL 1790361412.148 87.4 1.3
TL 1790361412.248 185.6 3.3
TL 1790361412.348 91.7 1.9
TL 1790361412.448 132.0 3.1
TL 1790361412.548 284.7 0.9
TL 1790361412.648 196.7 2.1
TL 1790361412.748 104.6 3.1
TL 1790361412.848 114.4 3.6
TL 1790361412.949 84.6 1.4
TL 1790361413.049 101.5 1.0
TL 1790361413.149 64.5 2.2
TL 1790361413.249 217.3 2.3
TL 1790361413.349 228.4 1.5
TL 1790361413.449 87.4 3.4
TL 1790361413.550 739.0 1.0
TL 1790361413.650 86.9 2.8
TL 1790361413.750 124.9 2.6
TL 1790361413.850 138.3 2.6
TL 1790361413.950 77.1 1.8
TL 1790361414.050 93.0 1.9
TL 1790361414.151 548.4 1.8
TL 1790361414.250 231.1 2.3
TL 1790361414.350 121.0 2.4
TL 1790361414.451 247.8 1.9
TL 1790361414.551 86.7 0.8
TL 1790361414.651 318.1 3.3
TL 1790361414.751 56.3 2.4
TL 1790361414.851 199.1 3.0
TL 1790361414.951 70.4 2.3
TL 1790361415.051 131.1 0.9
TL 1790361415.151 109.3 1.5
TL 1790361415.251 122.3 1.7
TL 1790361415.353 1441.8 1.2
TL 1790361415.452 111.7 1.3
TL 1790361415.552 63.5 0.8
TL 1790361415.652 54.6 1.2
TL 1790361415.752 109.0 2.2
TL 1790361415.852 50.6 1.3
TL 1790361415.955 2947.9 1.7
TL 1790361416.052 91.0 1.7
TL 1790361416.152 51.8 2.2
TL 1790361416.253 250.7 1.9
TL 1790361416.352 36.9 1.6
TL 1790361416.453 142.7 1.7
TL 1790361416.553 59.5 1.3
TL 1790361416.653 112.1 1.9
TL 1790361416.753 165.4 1.5
TL 1790361416.853 208.5 2.8
TL 1790361416.953 92.5 1.5
TL 1790361417.054 261.4 1.1
TL 1790361417.154 58.4 2.1
TL 1790361417.254 104.6 1.8
TL 1790361417.354 262.2 1.6
TL 1790361417.454 174.3 1.8
TL 1790361417.554 106.0 0.8
TL 1790361417.654 321.0 3.7
TL 1790361417.755 351.2 3.2
TL 1790361417.855 246.7 2.0
TL 1790361417.955 350.7 3.8
TL 1790361418.055 276.4 1.3
TL 1790361418.155 188.2 3.1
TL 1790361418.255 243.3 3.7
TL 1790361418.355 212.1 2.7
TL 1790361418.456 157.6 2.3
TL 1790361418.556 108.5 1.4
TL 1790361418.656 438.5 3.3
TL 1790361418.756 314.2 2.1
TL 1790361418.857 207.8 4.1
TL 1790361418.957 334.7 4.7
TL 1790361419.057 240.1 2.9
TL 1790361419.157 244.8 3.7
TL 1790361419.257 120.8 1.6
TL 1790361419.358 93.1 2.9
TL 1790361419.458 128.6 2.9
TL 1790361419.558 131.6 0.8
TL 1790361419.658 351.2 4.1
TL 1790361419.758 222.3 3.2
TL 1790361419.859 340.2 3.6
TL 1790361419.959 341.6 4.1
TL 1790361420.059 125.8 0.8
TL 1790361420.159 282.5 3.7
TL 1790361420.259 104.1 1.5
TL 1790361420.360 383.7 2.9
TL 1790361420.460 266.8 2.3
TL 1790361420.560 142.7 1.3
TL 1790361420.660 373.1 3.8
TL 1790361420.760 213.4 3.7
TL 1790361420.861 300.2 3.9
TL 1790361420.961 136.7 2.0
TL 1790361421.061 93.4 0.5
TL 1790361421.161 311.4 2.9
TL 1790361421.262 479.7 4.1
TL 1790361421.362 417.6 4.2
TL 1790361421.463 521.5 4.8
TL 1790361421.563 69.1 0.6
TL 1790361421.663 78.0 1.6
TL 1790361421.764 117.9 3.7
TL 1790361421.864 126.3 2.1
TL 1790361421.964 134.4 1.1
TL 1790361422.064 248.1 1.8
TL 1790361422.165 311.6 3.1
TL 1790361422.265 105.4 2.0
TL 1790361422.365 367.4 3.9
TL 1790361422.466 284.0 3.3
TL 1790361422.566 312.8 1.7
TL 1790361422.666 266.5 1.9
TL 1790361422.766 208.4 3.1
TL 1790361422.867 265.3 4.5
TL 1790361422.967 276.0 4.7
TL 1790361423.067 247.9 2.3
TL 1790361423.167 101.9 1.7
TL 1790361423.267 98.5 1.3
TL 1790361423.368 497.1 2.8
TL 1790361423.469 310.5 4.4
TL 1790361423.569 268.7 1.9
TL 1790361423.669 231.8 4.6
TL 1790361423.769 328.2 3.5
TL 1790361423.869 79.8 1.3
TL 1790361423.969 63.5 1.4
TL 1790361424.070 192.2 0.8
TL 1790361424.170 422.5 4.0
TL 1790361424.270 191.9 3.0
TL 1790361424.370 431.5 2.9
TL 1790361424.470 304.3 2.8
TL 1790361424.571 410.1 2.2
TL 1790361424.671 314.2 4.3
TL 1790361424.770 75.9 1.6
TL 1790361424.871 352.4 4.4
TL 1790361424.971 126.6 2.5
TL 1790361425.071 100.2 1.4
TL 1790361425.172 271.1 3.8
TL 1790361425.272 123.6 2.1
TL 1790361425.372 299.4 3.7
TL 1790361425.472 238.9 3.5
TL 1790361425.572 191.3 1.1
TL 1790361425.673 230.5 3.4
TL 1790361425.773 218.3 2.1
TL 1790361425.873 79.3 2.9
TL 1790361425.973 149.0 1.4
TL 1790361426.073 212.1 2.0
TL 1790361426.173 100.8 3.7
TL 1790361426.274 75.8 4.0
TL 1790361426.374 344.2 4.7
TL 1790361426.474 377.3 3.6
TL 1790361426.575 387.5 2.4
TL 1790361426.675 152.0 3.4
TL 1790361426.775 125.7 1.5
TL 1790361426.875 53.0 1.6
TL 1790361426.975 211.1 2.2
TL 1790361427.076 339.1 2.3
TL 1790361427.176 134.1 1.7
TL 1790361427.276 125.7 1.6
TL 1790361427.376 642.8 3.0
TL 1790361427.477 233.0 4.7
TL 1790361427.577 267.8 2.6
TL 1790361427.677 336.9 5.0
TL 1790361427.777 288.9 3.4
TL 1790361427.877 517.3 3.5
TL 1790361427.978 421.1 5.0
TL 1790361428.078 119.1 1.4
TL 1790361428.178 103.7 2.6
TL 1790361428.278 318.0 3.3
TL 1790361428.378 81.7 2.1
TL 1790361428.478 145.8 2.6
TL 1790361428.578 78.9 2.0
TL 1790361428.678 110.1 1.9
TL 1790361428.778 76.9 1.0
TL 1790361428.879 370.7 3.5
TL 1790361428.979 233.8 3.4
TL 1790361429.079 326.0 2.4
TL 1790361429.179 283.9 3.7
TL 1790361429.279 352.9 5.5
TL 1790361429.380 435.6 5.4
TL 1790361429.480 350.4 4.7
TL 1790361429.580 490.6 1.9
TL 1790361429.680 124.3 3.6
TL 1790361429.780 279.9 3.5
TL 1790361429.881 430.5 4.4
TL 1790361429.982 324.1 3.0
TL 1790361430.082 145.1 0.9
TL 1790361430.182 339.9 5.7
TL 1790361430.283 334.1 3.4
TL 1790361430.383 195.8 3.0
TL 1790361430.483 439.6 3.1
TL 1790361430.583 138.5 1.7
TL 1790361430.683 66.8 2.9
TL 1790361430.783 66.1 1.9
TL 1790361430.884 136.8 2.4
TL 1790361430.984 594.9 5.7
TL 1790361431.084 303.1 1.5
TL 1790361431.184 269.0 6.6
TL 1790361431.284 135.5 2.2
TL 1790361431.385 485.1 2.6
TL 1790361431.485 249.1 3.2
TL 1790361431.585 301.4 1.9
TL 1790361431.685 301.4 7.0
TL 1790361431.785 194.8 4.1
TL 1790361431.886 298.3 4.8
TL 1790361431.986 214.1 3.6
TL 1790361432.086 87.1 0.7
TL 1790361432.186 142.8 2.5
TL 1790361432.287 346.3 4.3
TL 1790361432.387 334.7 3.1
TL 1790361432.487 187.3 2.8
TL 1790361432.587 196.8 1.0
TL 1790361432.687 76.0 2.6
TL 1790361432.788 449.2 2.2
TL 1790361432.888 470.6 4.2
TL 1790361432.988 222.0 1.4
TL 1790361433.088 179.9 1.8
TL 1790361433.188 494.1 3.9
TL 1790361433.288 227.6 4.0
TL 1790361433.388 209.5 3.3
TL 1790361433.488 120.4 1.3
TL 1790361433.589 138.4 0.8
TL 1790361433.689 98.9 2.7
TL 1790361433.789 299.3 3.7
TL 1790361433.889 319.2 4.1
TL 1790361433.989 429.8 2.4
TL 1790361434.089 362.8 3.1
TL 1790361434.190 249.0 4.2
TL 1790361434.290 153.3 1.5
TL 1790361434.390 150.1 1.3
TL 1790361434.490 242.7 2.5
TL 1790361434.590 225.4 2.4
TL 1790361434.690 252.9 3.4
TL 1790361434.790 54.9 2.3
TL 1790361434.891 187.8 2.7
TL 1790361434.991 214.0 3.5
TL 1790361435.091 139.9 1.0
TL 1790361435.191 76.0 1.8
TL 1790361435.291 92.3 1.0
TL 1790361435.391 139.8 3.4
TL 1790361435.492 569.0 2.3
TL 1790361435.592 373.9 2.3
TL 1790361435.692 408.9 4.8
TL 1790361435.793 401.2 5.2
TL 1790361435.893 461.8 4.2
TL 1790361435.993 200.2 2.7
TL 1790361436.093 276.9 2.2
TL 1790361436.196 209.2 3.1
TL 1790361436.297 388.7 5.2
TL 1790361436.397 114.3 1.5
TL 1790361436.497 136.5 1.4
TL 1790361436.597 159.0 0.7
TL 1790361436.697 124.8 3.0
TL 1790361436.797 292.0 1.5
TL 1790361436.897 72.9 1.9
TL 1790361436.997 53.3 2.0
TL 1790361437.098 125.3 1.8
TL 1790361437.198 80.8 3.1
TL 1790361437.298 207.4 2.0
TL 1790361437.398 163.0 2.2
TL 1790361437.498 521.4 3.4
TL 1790361437.598 458.5 1.0
TL 1790361437.698 80.2 3.3
TL 1790361437.798 99.2 1.6
TL 1790361437.898 93.7 2.7
TL 1790361437.999 73.4 3.5
TL 1790361438.099 91.9 0.9
TL 1790361438.199 146.5 2.8
TL 1790361438.299 155.7 1.2
TL 1790361438.399 81.4 2.9
TL 1790361438.499 71.8 3.0
TL 1790361438.599 92.6 0.9
TL 1790361438.700 97.4 2.0
TL 1790361438.800 116.4 2.1
TL 1790361438.900 86.2 3.2
TL 1790361439.000 132.2 2.4
TL 1790361439.101 411.8 3.2
TL 1790361439.201 354.3 4.6
TL 1790361439.301 127.0 2.9
TL 1790361439.401 109.6 1.8
TL 1790361439.501 324.2 2.2
TL 1790361439.601 74.6 1.3
TL 1790361439.701 311.6 5.5
TL 1790361439.801 153.8 3.5
TL 1790361439.902 138.2 2.4
TL 1790361440.002 112.7 1.6
TL 1790361440.102 110.7 1.3
TL 1790361440.202 304.2 4.2
TL 1790361440.302 217.2 3.7
TL 1790361440.402 106.2 1.8
TL 1790361440.502 75.8 3.5
TL 1790361440.602 96.2 1.2
TL 1790361440.703 450.1 3.5
TL 1790361440.804 489.9 3.9
TL 1790361440.904 243.3 4.0
TL 1790361441.004 310.1 3.2
TL 1790361441.104 253.7 2.8
TL 1790361441.204 281.1 3.0
TL 1790361441.304 85.2 1.5
TL 1790361441.404 97.4 3.5
TL 1790361441.504 95.7 2.1
TL 1790361441.605 319.7 3.1
TL 1790361441.705 77.3 1.9
TL 1790361441.805 306.4 3.4
TL 1790361441.905 276.6 4.1
TL 1790361442.005 363.1 4.1
TL 1790361442.105 69.7 1.4
TL 1790361442.205 57.9 1.9
TL 1790361442.306 350.7 3.5
TL 1790361442.406 151.0 1.9
TL 1790361442.506 62.0 3.2
TL 1790361442.606 205.5 1.1
TL 1790361442.707 385.3 4.6
TL 1790361442.807 161.4 3.2
TL 1790361442.907 361.6 4.1
TL 1790361443.007 208.6 2.8
TL 1790361443.107 139.5 1.7
TL 1790361443.208 267.3 3.8
TL 1790361443.307 58.5 3.1
TL 1790361443.408 179.6 1.8
TL 1790361443.508 74.0 2.0
TL 1790361443.608 94.7 1.1
TL 1790361443.708 73.2 2.2
TL 1790361443.808 461.9 2.7
TL 1790361443.908 137.6 2.0
TL 1790361444.008 113.0 1.7
TL 1790361444.108 75.4 0.9
TL 1790361444.208 125.5 2.0
TL 1790361444.308 45.0 1.7
TL 1790361444.409 117.4 1.4
TL 1790361444.512 3344.1 1.6
TL 1790361444.609 477.0 3.2
TL 1790361444.709 237.2 3.9
TL 1790361444.810 345.5 5.9
TL 1790361444.910 358.9 5.1
TL 1790361445.010 110.7 2.5
TL 1790361445.110 262.4 3.5
TL 1790361445.210 160.1 1.5
TL 1790361445.310 89.8 1.4
TL 1790361445.410 212.1 1.6
TL 1790361445.511 409.2 3.5
TL 1790361445.611 316.8 1.8
TL 1790361445.711 421.7 4.0
TL 1790361445.811 281.3 3.5
TL 1790361445.911 427.4 3.9
TL 1790361446.012 163.7 1.7
TL 1790361446.112 172.4 1.6
TL 1790361446.212 83.7 1.4
TL 1790361446.312 169.4 2.7
TL 1790361446.413 385.1 2.5
TL 1790361446.513 303.4 3.7
TL 1790361446.612 79.6 1.1
TL 1790361446.713 114.7 3.0
TL 1790361446.813 147.2 1.8
TL 1790361446.913 55.6 2.4
TL 1790361447.013 80.1 1.2
TL 1790361447.113 110.4 1.0
TL 1790361447.213 160.8 1.2
TL 1790361447.313 190.2 1.1
TL 1790361447.414 284.9 3.0
TL 1790361447.514 76.1 2.4
TL 1790361447.614 312.6 2.1
TL 1790361447.714 377.8 3.4
TL 1790361447.815 195.8 2.7
TL 1790361447.915 243.8 1.9
TL 1790361448.015 232.0 2.0
TL 1790361448.115 78.3 1.2
TL 1790361448.215 83.2 1.6
TL 1790361448.316 1227.6 2.2
TL 1790361448.415 178.3 2.5
TL 1790361448.515 61.6 1.6
TL 1790361448.615 55.1 1.9
TL 1790361448.715 48.1 1.4
TL 1790361448.816 134.6 1.7
TL 1790361448.916 141.9 1.8
TL 1790361449.016 212.1 1.5
TL 1790361449.116 51.9 1.3
TL 1790361449.216 84.4 1.1
TL 1790361449.316 93.3 1.0
TL 1790361449.417 315.2 4.1
TL 1790361449.516 127.0 1.9
TL 1790361449.617 189.9 1.1
TL 1790361449.717 124.4 2.0
TL 1790361449.817 245.8 4.1
TL 1790361449.917 412.8 4.6
TL 1790361450.017 259.0 3.5
TL 1790361450.118 280.6 2.6
TL 1790361450.218 135.6 1.2
TL 1790361450.318 147.6 1.8
TL 1790361450.418 71.8 2.6
TL 1790361450.518 48.6 1.1
TL 1790361450.618 474.6 1.4
TL 1790361450.718 74.2 2.9
TL 1790361450.819 340.2 4.6
TL 1790361450.919 308.0 5.3
TL 1790361451.019 389.1 4.4
TL 1790361451.119 210.7 2.0
TL 1790361451.219 386.7 1.5
TL 1790361451.319 118.1 2.4
TL 1790361451.419 103.8 1.4
TL 1790361451.519 87.1 1.5
TL 1790361451.620 1254.2 0.9
TL 1790361451.720 275.4 5.1
TL 1790361451.820 331.1 4.1
TL 1790361451.920 403.9 3.6
TL 1790361452.021 334.2 2.9
TL 1790361452.120 123.1 0.7
TL 1790361452.221 102.3 1.4
TL 1790361452.321 48.4 1.4
TL 1790361452.421 113.5 1.5
TL 1790361452.522 1058.4 2.0
TL 1790361452.621 141.7 1.0
TL 1790361452.721 84.5 2.4
TL 1790361452.822 298.1 3.8
TL 1790361452.922 290.4 3.4
TL 1790361453.023 639.7 3.9
TL 1790361453.122 156.0 1.7
TL 1790361453.222 135.9 1.9
TL 1790361453.322 79.9 1.4
TL 1790361453.423 65.5 1.7
TL 1790361453.523 79.6 1.2
TL 1790361453.623 79.7 1.1
TL 1790361453.723 156.6 1.5
TL 1790361453.824 1238.4 2.4
TL 1790361453.923 283.0 1.7
TL 1790361454.023 258.7 3.7
TL 1790361454.123 149.8 1.2
TL 1790361454.224 128.9 1.7
TL 1790361454.324 186.2 2.8
TL 1790361454.424 119.8 1.9
TL 1790361454.524 122.4 1.9
TL 1790361454.624 135.9 1.1
TL 1790361454.724 78.0 1.2
TL 1790361454.824 170.6 2.2
TL 1790361454.925 261.6 1.9
TL 1790361455.025 366.5 6.0
TL 1790361455.125 344.5 1.9
TL 1790361455.225 201.9 3.2
TL 1790361455.325 81.9 2.9
TL 1790361455.426 296.3 2.1
TL 1790361455.526 147.9 1.4
TL 1790361455.626 129.2 0.9
TL 1790361455.726 111.8 2.0
TL 1790361455.826 88.3 1.2
TL 1790361455.926 173.4 1.4
TL 1790361456.026 490.7 1.7
TL 1790361456.126 280.1 2.1
TL 1790361456.226 334.7 4.4
TL 1790361456.326 210.5 3.0
TL 1790361456.427 184.6 2.8
TL 1790361456.527 119.2 1.3
TL 1790361456.627 79.2 0.9
TL 1790361456.727 71.9 1.1
TL 1790361456.827 250.1 1.6
TL 1790361456.928 699.5 4.3
TL 1790361457.028 370.2 4.6
TL 1790361457.128 420.7 3.1
TL 1790361457.228 318.8 3.7
TL 1790361457.328 201.3 2.4
TL 1790361457.428 80.4 0.9
TL 1790361457.528 143.8 1.7
TL 1790361457.628 100.6 0.9
TL 1790361457.729 97.3 1.5
TL 1790361457.829 272.8 1.8
TL 1790361457.929 220.7 2.7
TL 1790361458.029 73.1 3.1
TL 1790361458.129 64.8 1.9
TL 1790361458.229 182.1 2.0
TL 1790361458.329 219.1 2.0
TL 1790361458.430 350.7 3.3
TL 1790361458.530 105.8 2.0
TL 1790361458.630 127.4 1.1
TL 1790361458.730 92.5 1.0
TL 1790361458.830 57.8 1.0
TL 1790361458.933 3046.8 1.5
TL 1790361459.033 2088.4 4.5
TL 1790361459.131 259.4 2.8
TL 1790361459.232 491.8 4.8
TL 1790361459.332 233.7 4.3
TL 1790361459.432 249.7 3.6
TL 1790361459.532 105.3 1.4
TL 1790361459.632 98.6 1.7
TL 1790361459.732 79.3 1.3
TL 1790361459.832 174.6 1.4
TL 1790361459.932 97.6 1.0
TL 1790361460.032 66.1 1.3
TL 1790361460.133 219.5 1.7
TL 1790361460.234 967.8 3.5
TL 1790361460.333 75.3 3.0
TL 1790361460.433 69.9 2.9
TL 1790361460.533 133.7 2.9
TL 1790361460.633 75.9 1.4
TL 1790361460.733 130.3 2.1
TL 1790361460.833 152.2 2.4
TL 1790361460.934 194.9 1.6
TL 1790361461.034 133.6 1.9
TL 1790361461.134 162.5 1.0
TL 1790361461.234 70.9 1.8
TL 1790361461.335 1555.8 1.2
TL 1790361461.434 415.1 4.6
TL 1790361461.534 224.0 2.3
TL 1790361461.634 70.8 1.6
TL 1790361461.736 371.4 3.7
TL 1790361461.836 97.7 1.3
TL 1790361461.936 122.8 1.7
TL 1790361462.036 126.5 12.6
TL 1790361462.136 181.5 2.0
TL 1790361462.236 129.6 1.4
TL 1790361462.337 106.9 2.7
TL 1790361462.440 3125.5 1.8
TL 1790361462.537 240.8 1.6
TL 1790361462.637 160.4 1.6
TL 1790361462.737 77.2 1.3
TL 1790361462.838 350.2 4.0
TL 1790361462.938 285.7 3.1
TL 1790361463.038 372.9 3.9
TL 1790361463.138 170.9 2.1
TL 1790361463.238 169.1 1.2
TL 1790361463.338 97.9 1.1
TL 1790361463.438 66.0 3.9
TL 1790361463.540 1060.0 2.0
TL 1790361463.640 366.4 3.4
TL 1790361463.740 216.3 4.2
TL 1790361463.840 609.5 4.3
TL 1790361463.940 429.5 3.1
TL 1790361464.040 178.2 1.9
TL 1790361464.140 124.0 1.6
TL 1790361464.240 113.0 1.7
TL 1790361464.340 94.8 1.2
TL 1790361464.441 112.3 1.6
TL 1790361464.541 89.6 1.0
TL 1790361464.641 306.8 1.0
TL 1790361464.741 183.7 2.9
TL 1790361464.841 96.5 2.6
TL 1790361464.941 51.4 2.9
TL 1790361465.042 258.2 2.3
TL 1790361465.142 262.9 1.9
TL 1790361465.242 72.0 1.6
TL 1790361465.342 101.6 1.5
TL 1790361465.442 109.7 1.5
TL 1790361465.542 87.0 1.8
TL 1790361465.642 243.9 3.0
TL 1790361465.743 245.6 2.4
TL 1790361465.843 281.4 4.1
TL 1790361465.944 263.0 3.5
TL 1790361466.044 242.2 4.5
TL 1790361466.144 177.0 1.2
TL 1790361466.244 100.2 2.3
TL 1790361466.344 64.6 1.6
TL 1790361466.444 120.9 2.8
TL 1790361466.544 64.2 1.0
TL 1790361466.644 80.2 1.4
TL 1790361466.744 128.7 2.9
TL 1790361466.845 251.4 2.4
TL 1790361466.945 357.0 3.5
TL 1790361467.045 530.9 2.1
TL 1790361467.145 52.0 1.7
TL 1790361467.245 61.0 1.5
TL 1790361467.345 175.9 2.5
TL 1790361467.445 111.8 2.1
TL 1790361467.545 78.3 2.1
TL 1790361467.645 77.6 1.1
TL 1790361467.748 3120.6 1.5
TL 1790361467.846 189.2 5.7
TL 1790361467.946 304.0 4.1
TL 1790361468.046 387.4 4.2
TL 1790361468.146 195.9 2.1
TL 1790361468.246 153.8 2.4
TL 1790361468.346 69.2 2.9
TL 1790361468.447 94.2 1.5
TL 1790361468.547 117.6 1.6
TL 1790361468.647 115.2 1.2
TL 1790361468.747 79.9 1.3
TL 1790361468.847 66.5 1.4
TL 1790361468.947 495.2 2.2
TL 1790361469.047 287.4 4.5
TL 1790361469.148 359.8 2.7
TL 1790361469.248 150.5 2.0
TL 1790361469.348 102.1 3.1
TL 1790361469.448 62.8 1.4
TL 1790361469.548 75.5 1.5
TL 1790361469.648 147.8 4.3
TL 1790361469.748 165.4 1.6
TL 1790361469.849 646.9 1.1
TL 1790361469.949 544.4 4.4
TL 1790361470.049 399.9 4.5
TL 1790361470.149 293.1 3.2
TL 1790361470.249 250.3 3.8
TL 1790361470.350 310.7 2.2
TL 1790361470.449 87.5 1.6
TL 1790361470.549 61.0 1.4
TL 1790361470.650 138.7 1.9
TL 1790361470.750 102.4 1.2
TL 1790361470.850 109.7 1.6
TL 1790361470.951 273.1 2.8
TL 1790361471.051 328.0 3.8
TL 1790361471.151 240.9 2.7
TL 1790361471.251 170.9 2.3
TL 1790361471.351 73.5 2.4
TL 1790361471.451 124.5 1.3
TL 1790361471.551 113.1 1.4
TL 1790361471.651 46.8 0.9
TL 1790361471.754 2676.1 1.7
TL 1790361471.852 287.3 3.2
TL 1790361471.952 266.8 2.8
TL 1790361472.052 321.6 4.5
TL 1790361472.152 264.1 1.5
TL 1790361472.252 139.3 2.0
TL 1790361472.352 78.9 1.0
TL 1790361472.452 127.9 1.4
TL 1790361472.553 99.2 0.9
TL 1790361472.653 92.8 1.5
TL 1790361472.757 4097.1 1.4
TL 1790361472.853 128.9 2.1
TL 1790361472.953 159.6 3.2
TL 1790361473.054 410.8 3.7
TL 1790361473.154 389.3 3.0
TL 1790361473.254 214.8 3.5
TL 1790361473.354 128.0 1.8
TL 1790361473.454 91.8 1.3
TL 1790361473.554 133.0 0.9
TL 1790361473.654 226.8 0.7
TL 1790361473.755 687.0 1.1
TL 1790361473.854 68.3 1.4
TL 1790361473.954 109.6 1.1
TL 1790361474.055 114.8 3.1
TL 1790361474.155 97.4 0.7
TL 1790361474.255 95.8 1.6
TL 1790361474.355 114.0 1.0
TL 1790361474.455 101.7 1.1
TL 1790361474.555 74.8 1.2
TL 1790361474.658 3251.5 2.4
TL 1790361474.755 179.4 2.1
TL 1790361474.856 386.3 4.4
TL 1790361474.956 328.7 4.3
TL 1790361475.056 142.3 1.7
TL 1790361475.156 191.6 2.1
TL 1790361475.256 88.6 1.5
TL 1790361475.356 58.1 1.4
TL 1790361475.456 118.8 2.0
TL 1790361475.556 93.4 1.6
TL 1790361475.657 154.2 2.0
TL 1790361475.757 184.5 1.4
TL 1790361475.857 401.8 3.9
TL 1790361475.957 391.0 3.3
TL 1790361476.058 497.6 4.6
TL 1790361476.157 59.8 2.4
TL 1790361476.257 52.4 1.8
TL 1790361476.358 88.0 1.1
TL 1790361476.458 116.7 1.8
TL 1790361476.558 162.8 1.4
TL 1790361476.658 120.4 1.1
TL 1790361476.758 96.5 1.2
TL 1790361476.861 2904.7 1.2
TL 1790361476.958 57.8 2.7
TL 1790361477.059 196.5 3.6
TL 1790361477.161 2397.7 2.3
TL 1790361477.259 120.1 3.6
TL 1790361477.359 699.1 5.5
TL 1790361477.459 322.6 2.2
TL 1790361477.559 198.8 2.3
TL 1790361477.659 53.2 1.0
TL 1790361477.759 103.6 1.5
TL 1790361477.859 81.5 2.7
TL 1790361477.963 3294.8 1.2
TL 1790361478.060 326.1 3.6
TL 1790361478.160 160.7 1.4
TL 1790361478.260 296.9 5.1
TL 1790361478.361 509.6 5.2
TL 1790361478.462 1169.5 1.7
TL 1790361478.561 279.7 1.9
TL 1790361478.661 109.5 1.2
TL 1790361478.761 100.0 1.4
TL 1790361478.861 152.7 2.0
TL 1790361478.963 1912.6 1.4
TL 1790361479.062 422.3 4.1
TL 1790361479.162 201.8 1.1
TL 1790361479.262 650.9 2.1
TL 1790361479.362 260.2 4.3
TL 1790361479.462 352.2 3.0
TL 1790361479.562 170.1 1.4
TL 1790361479.662 111.1 1.1
TL 1790361479.763 91.9 1.6
TL 1790361479.871 8034.3 1.3
TL 1790361479.963 331.8 2.9
TL 1790361480.063 138.1 2.0
TL 1790361480.163 194.4 2.3
TL 1790361480.264 260.7 124.4
TL 1790361480.364 135.9 1.3
TL 1790361480.464 158.6 1.2
TL 1790361480.564 124.9 1.4
TL 1790361480.670 5548.1 1.1
TL 1790361480.764 193.4 2.4
TL 1790361480.865 249.5 3.2
TL 1790361480.965 67.9 2.8
TL 1790361481.065 713.4 2.4
TL 1790361481.165 288.1 3.2
TL 1790361481.265 215.1 3.6
TL 1790361481.365 188.2 2.7
TL 1790361481.465 101.9 1.7
TL 1790361481.565 101.8 1.5
TL 1790361481.665 125.7 1.3
TL 1790361481.766 987.2 1.9
TL 1790361481.866 187.3 3.5
TL 1790361481.966 362.4 5.7
TL 1790361482.067 1006.6 3.5
TL 1790361482.167 1217.8 3.3
TL 1790361482.267 225.9 3.0
TL 1790361482.367 130.3 1.9
TL 1790361482.467 125.3 2.1
TL 1790361482.567 122.3 1.7
TL 1790361482.667 150.7 1.1
TL 1790361482.767 106.8 1.5
TL 1790361482.868 663.9 1.8
TL 1790361482.967 128.9 3.1
TL 1790361483.067 105.6 1.5
TL 1790361483.168 351.8 1.9
TL 1790361483.268 159.8 1.8
TL 1790361483.368 81.2 2.1
TL 1790361483.468 135.3 1.8
TL 1790361483.568 118.8 3.4
TL 1790361483.668 128.3 1.0
TL 1790361483.768 62.8 1.7
TL 1790361483.869 336.0 4.5
TL 1790361483.969 252.9 4.1
TL 1790361484.069 514.9 4.2
TL 1790361484.169 398.1 4.1
TL 1790361484.270 867.5 2.8
TL 1790361484.370 121.5 1.5
TL 1790361484.470 87.7 1.5
TL 1790361484.570 71.0 0.9
TL 1790361484.670 96.0 2.4
TL 1790361484.770 94.2 1.1
TL 1790361484.871 392.3 3.7
TL 1790361484.971 540.3 4.4
TL 1790361485.071 376.9 4.3
TL 1790361485.172 364.5 2.6
TL 1790361485.272 284.4 3.2
TL 1790361485.372 243.3 1.5
TL 1790361485.472 53.5 1.4
TL 1790361485.572 152.6 1.3
TL 1790361485.672 161.3 1.3
TL 1790361485.772 111.7 1.9
TL 1790361485.873 253.3 2.4
TL 1790361485.973 303.1 3.0
TL 1790361486.073 328.8 3.7
TL 1790361486.173 73.0 1.4
TL 1790361486.273 106.0 2.0
TL 1790361486.374 302.3 2.2
TL 1790361486.474 163.3 1.1
TL 1790361486.574 136.8 1.6
TL 1790361486.674 139.6 1.4
TL 1790361486.774 120.6 1.0
TL 1790361486.874 102.8 1.6
TL 1790361486.974 56.6 1.4
TL 1790361487.074 135.5 2.1
TL 1790361487.174 176.7 1.1
TL 1790361487.274 121.8 3.1
TL 1790361487.375 373.1 4.2
TL 1790361487.475 267.6 3.1
TL 1790361487.575 247.0 1.3
TL 1790361487.675 136.5 1.2
TL 1790361487.775 58.6 1.4
TL 1790361487.875 88.0 1.3
TL 1790361487.975 76.9 1.1
TL 1790361488.076 97.8 1.4
TL 1790361488.177 302.1 1.9
TL 1790361488.277 264.7 3.5
TL 1790361488.377 382.0 3.8
TL 1790361488.477 279.0 1.9
TL 1790361488.577 263.2 2.1
TL 1790361488.677 196.7 1.1
TL 1790361488.777 97.2 1.1
TL 1790361488.877 100.1 1.2
TL 1790361488.978 72.0 0.9
TL 1790361489.078 249.3 2.1
TL 1790361489.178 291.9 2.4
TL 1790361489.279 507.3 3.8
TL 1790361489.378 125.7 1.8
TL 1790361489.479 311.9 3.3
TL 1790361489.579 132.6 1.8
TL 1790361489.679 83.6 1.2
TL 1790361489.779 74.7 1.0
TL 1790361489.879 339.1 1.4
TL 1790361489.979 50.9 1.3
TL 1790361490.079 97.4 3.0
TL 1790361490.180 323.6 3.0
TL 1790361490.280 255.2 3.2
TL 1790361490.380 405.1 3.5
TL 1790361490.480 216.4 3.2
TL 1790361490.580 127.0 1.3
TL 1790361490.680 82.3 2.0
TL 1790361490.780 139.7 2.0
TL 1790361490.883 3152.7 2.1
TL 1790361490.981 263.5 2.9
TL 1790361491.081 395.8 3.0
TL 1790361491.181 472.8 3.3
TL 1790361491.282 292.2 1.7
TL 1790361491.382 219.9 2.7
TL 1790361491.482 82.2 1.0
TL 1790361491.582 120.9 1.6
TL 1790361491.682 72.3 1.2
TL 1790361491.782 74.8 1.1
TL 1790361491.883 968.6 3.4
TL 1790361491.983 418.5 4.1
TL 1790361492.083 335.6 4.0
TL 1790361492.183 90.1 3.1
TL 1790361492.283 98.2 2.8
TL 1790361492.383 110.2 4.7
TL 1790361492.483 143.9 1.5
TL 1790361492.583 72.8 1.0
TL 1790361492.683 78.5 2.0
TL 1790361492.789 6063.4 2.0
TL 1790361492.884 119.7 2.0
TL 1790361492.984 311.7 2.6
TL 1790361493.084 100.9 2.3
TL 1790361493.184 296.7 3.8
TL 1790361493.285 292.6 2.7
TL 1790361493.385 121.7 1.5
TL 1790361493.485 113.5 1.6
TL 1790361493.585 58.3 1.8
TL 1790361493.685 113.3 1.1
TL 1790361493.785 280.1 2.4
TL 1790361493.885 302.4 3.9
TL 1790361493.986 300.8 4.7
TL 1790361494.086 219.5 4.2
TL 1790361494.186 169.1 1.5
TL 1790361494.286 140.3 1.8
TL 1790361494.386 128.9 1.9
TL 1790361494.486 72.8 1.6
TL 1790361494.586 53.9 1.4
TL 1790361494.686 58.7 1.2
TL 1790361494.786 78.6 1.4
TL 1790361494.886 88.8 1.6
TL 1790361494.987 375.9 4.9
TL 1790361495.087 226.5 3.0
TL 1790361495.188 860.9 2.1
TL 1790361495.288 207.1 1.9
TL 1790361495.388 462.6 2.8
TL 1790361495.488 74.0 1.3
TL 1790361495.588 85.9 1.4
TL 1790361495.688 103.0 0.7
TL 1790361495.788 88.1 1.5
TL 1790361495.888 76.6 1.7
TL 1790361495.991 2975.9 1.3
TL 1790361496.089 255.5 3.5
TL 1790361496.189 142.0 1.4
TL 1790361496.289 75.9 2.8
TL 1790361496.390 731.7 3.7
TL 1790361496.489 213.6 3.0
TL 1790361496.589 116.9 1.7
TL 1790361496.689 120.2 0.9
TL 1790361496.790 170.3 2.3
TL 1790361496.890 80.6 1.7
TL 1790361496.990 48.8 1.2
TL 1790361497.090 152.1 1.3
TL 1790361497.192 2109.1 1.2
TL 1790361497.291 226.3 2.1
TL 1790361497.392 413.0 3.3
TL 1790361497.492 283.6 3.4
TL 1790361497.592 363.9 3.5
TL 1790361497.692 236.8 2.1
TL 1790361497.792 160.3 1.4
TL 1790361497.892 107.6 1.3
TL 1790361497.992 88.6 1.1
TL 1790361498.093 70.6 1.7
TL 1790361498.193 120.0 1.2
TL 1790361498.294 1576.8 2.0
TL 1790361498.393 64.5 1.9
TL 1790361498.493 137.0 1.7
TL 1790361498.593 96.7 2.0
TL 1790361498.694 221.5 2.3
TL 1790361498.794 249.2 2.2
TL 1790361498.894 155.0 18.5
TL 1790361498.994 107.8 1.4
TL 1790361499.094 366.0 2.8
TL 1790361499.194 77.3 1.4
TL 1790361499.294 115.6 1.1
TL 1790361499.394 127.2 2.0
TL 1790361499.494 100.2 2.0
TL 1790361499.594 85.8 1.2
TL 1790361499.695 375.4 2.1
TL 1790361499.795 381.3 3.3
TL 1790361499.895 242.3 2.5
TL 1790361499.995 290.0 3.0
TL 1790361500.095 166.4 2.0
TL 1790361500.195 109.5 1.2
TL 1790361500.296 170.1 1.0
TL 1790361500.396 247.9 2.6
TL 1790361500.496 379.1 1.1
TL 1790361500.596 96.7 3.2
TL 1790361500.696 300.3 3.1
TL 1790361500.797 600.2 2.9
TL 1790361500.897 333.1 4.8
TL 1790361500.997 216.1 2.7
TL 1790361501.097 116.7 1.6
TL 1790361501.197 96.9 1.1
TL 1790361501.297 74.4 1.4
TL 1790361501.397 151.5 1.6
TL 1790361501.497 270.9 3.8
TL 1790361501.598 439.1 4.5
TL 1790361501.698 287.7 3.0
TL 1790361501.798 422.5 3.4
TL 1790361501.898 130.6 2.0
TL 1790361501.998 74.6 1.7
TL 1790361502.098 83.1 1.3
TL 1790361502.198 124.8 1.5
TL 1790361502.298 138.7 1.8
TL 1790361502.402 3560.0 1.3
TL 1790361502.499 383.4 5.2
TL 1790361502.598 68.4 3.4
TL 1790361502.699 426.5 2.8
TL 1790361502.799 262.4 3.0
TL 1790361502.899 190.7 2.6
TL 1790361502.999 76.6 0.8
TL 1790361503.099 120.1 1.7
TL 1790361503.200 150.3 0.9
TL 1790361503.300 357.9 1.7
TL 1790361503.400 174.9 3.2
TL 1790361503.500 187.6 3.2
TL 1790361503.600 72.0 1.2
TL 1790361503.700 61.2 1.4
TL 1790361503.801 609.7 3.0
TL 1790361503.901 144.1 2.6
TL 1790361504.001 57.1 1.3
TL 1790361504.101 112.4 1.1
TL 1790361504.201 70.8 1.1
TL 1790361504.301 96.7 2.6
TL 1790361504.401 161.4 1.6
TL 1790361504.502 298.7 2.3
TL 1790361504.602 430.2 2.6
TL 1790361504.702 216.6 1.0
TL 1790361504.802 79.1 2.0
TL 1790361504.902 110.9 2.1
TL 1790361505.002 253.7 2.4
TL 1790361505.102 168.7 1.6
TL 1790361505.202 145.4 0.9
TL 1790361505.303 201.5 1.5
TL 1790361505.403 90.7 2.7
TL 1790361505.503 137.0 1.4
TL 1790361505.603 73.9 1.3
TL 1790361505.703 164.4 1.0
TL 1790361505.803 69.9 2.6
TL 1790361505.903 56.4 2.5
TL 1790361506.004 190.4 1.7
TL 1790361506.104 336.6 3.4
TL 1790361506.204 259.5 2.6
TL 1790361506.304 80.8 1.4
TL 1790361506.404 146.1 1.6
TL 1790361506.504 126.1 1.9
TL 1790361506.604 91.7 1.7
TL 1790361506.704 213.2 0.8
TL 1790361506.806 1517.2 1.8
TL 1790361506.905 370.6 3.9
TL 1790361507.005 836.4 3.4
TL 1790361507.105 425.8 2.3
TL 1790361507.205 411.3 1.5
TL 1790361507.305 194.7 1.5
TL 1790361507.405 140.7 1.3
TL 1790361507.506 225.4 2.1
TL 1790361507.606 208.0 2.0
TL 1790361507.706 115.9 0.9
TL 1790361507.806 88.6 1.2
TL 1790361507.911 5061.2 2.0
TL 1790361508.006 135.9 2.2
TL 1790361508.106 78.6 2.9
TL 1790361508.206 44.8 1.8
TL 1790361508.306 197.0 2.3
TL 1790361508.406 135.1 1.6
TL 1790361508.506 101.0 1.6
TL 1790361508.607 185.4 1.5
TL 1790361508.707 69.9 1.7
TL 1790361508.807 71.9 1.6
TL 1790361508.907 319.4 3.1
TL 1790361509.007 298.6 2.9
TL 1790361509.107 330.0 2.2
TL 1790361509.208 208.2 2.0
TL 1790361509.308 182.9 1.8
TL 1790361509.408 158.8 3.9
TL 1790361509.508 143.7 1.7
TL 1790361509.608 191.9 2.0
TL 1790361509.708 281.7 1.5
TL 1790361509.808 101.7 1.6
TL 1790361509.908 225.4 2.4
TL 1790361510.009 323.8 1.7
TL 1790361510.114 5598.2 1.5
TL 1790361510.209 85.1 2.0
TL 1790361510.309 49.7 1.6
TL 1790361510.409 53.2 1.6
TL 1790361510.509 214.6 1.7
TL 1790361510.609 131.8 1.2
TL 1790361510.709 64.7 0.9
TL 1790361510.809 54.6 1.3
TL 1790361510.909 112.8 2.1
TL 1790361511.009 89.8 1.1
TL 1790361511.109 91.6 1.7
TL 1790361511.211 1179.1 2.4
TL 1790361511.310 400.1 2.5
TL 1790361511.410 475.2 4.4
TL 1790361511.510 230.6 2.1
TL 1790361511.610 194.9 2.6
TL 1790361511.710 105.5 2.0
TL 1790361511.810 83.8 1.3
TL 1790361511.911 180.8 1.5
TL 1790361512.011 99.9 1.4
TL 1790361512.113 84.2 2.0
TL 1790361512.213 67.9 0.9
TL 1790361512.313 226.0 2.4
TL 1790361512.414 626.9 3.9
TL 1790361512.514 386.9 3.2
TL 1790361512.614 52.0 2.2
TL 1790361512.714 79.8 2.5
TL 1790361512.814 53.2 1.3
TL 1790361512.914 171.0 1.5
TL 1790361513.014 217.6 1.8
TL 1790361513.114 105.7 1.3
TL 1790361513.214 52.3 1.0
TL 1790361513.314 94.1 1.3
TL 1790361513.415 99.7 2.3
TL 1790361513.515 201.3 2.2
TL 1790361513.615 298.1 2.9
TL 1790361513.715 344.8 1.9
TL 1790361513.815 164.7 2.0
TL 1790361513.915 268.5 1.9
TL 1790361514.015 259.8 2.5
TL 1790361514.115 231.8 2.8
TL 1790361514.216 214.4 1.6
TL 1790361514.316 165.7 2.8
TL 1790361514.416 110.1 1.5
TL 1790361514.516 76.4 3.2
TL 1790361514.616 82.2 24.2
TL 1790361514.716 225.0 2.7
TL 1790361514.816 46.7 1.9
TL 1790361514.916 41.6 2.0
TL 1790361515.016 57.6 2.2
TL 1790361515.116 86.7 2.0
TL 1790361515.217 214.7 2.0
TL 1790361515.317 270.3 3.0
TL 1790361515.417 180.9 2.1
TL 1790361515.517 263.3 1.8
TL 1790361515.618 1422.4 1.2
TL 1790361515.717 211.8 1.5
TL 1790361515.817 83.9 1.4
TL 1790361515.917 148.4 2.0
TL 1790361516.018 357.1 2.6
TL 1790361516.118 1074.3 3.6
TL 1790361516.218 459.4 2.9
TL 1790361516.318 286.7 2.2
TL 1790361516.418 183.8 1.8
TL 1790361516.518 120.2 1.4
TL 1790361516.618 155.1 1.1
TL 1790361516.718 84.9 0.9
TL 1790361516.819 122.3 3.2
TL 1790361516.919 192.2 1.9
TL 1790361517.019 110.6 1.8
TL 1790361517.119 227.7 1.5
TL 1790361517.219 120.9 2.0
TL 1790361517.319 192.9 3.6
TL 1790361517.419 81.3 3.5
TL 1790361517.519 157.7 2.2
TL 1790361517.620 221.4 1.9
TL 1790361517.720 164.6 1.7
TL 1790361517.820 132.7 1.1
TL 1790361517.920 72.6 2.4
TL 1790361518.020 118.5 1.5
TL 1790361518.120 138.3 2.2
TL 1790361518.220 144.9 2.1
TL 1790361518.320 61.8 2.1
TL 1790361518.421 406.2 2.6
TL 1790361518.521 76.7 1.2
TL 1790361518.621 261.0 1.8
TL 1790361518.721 124.5 0.9
TL 1790361518.821 152.1 2.3
TL 1790361518.921 105.5 1.7
TL 1790361519.021 62.7 1.2
TL 1790361519.121 105.8 1.5
TL 1790361519.221 102.9 1.4
TL 1790361519.321 205.7 2.6
TL 1790361519.422 350.3 2.6
TL 1790361519.522 60.4 2.3
TL 1790361519.622 86.1 1.6
TL 1790361519.722 56.0 1.5
TL 1790361519.822 543.5 2.0
TL 1790361519.922 130.6 1.7
TL 1790361520.022 118.1 1.7
TL 1790361520.122 209.2 1.6
TL 1790361520.223 480.2 2.0
TL 1790361520.323 419.8 3.1
TL 1790361520.423 503.6 3.3
TL 1790361520.523 223.1 2.1
TL 1790361520.623 148.3 1.7
TL 1790361520.723 91.4 1.7
TL 1790361520.823 68.6 1.4
TL 1790361520.923 211.7 4.4
TL 1790361521.023 114.0 1.1
TL 1790361521.123 89.3 1.2
TL 1790361521.223 76.3 2.3
TL 1790361521.324 124.0 1.7
TL 1790361521.424 380.4 2.7
TL 1790361521.524 542.9 4.7
TL 1790361521.624 414.2 3.4
TL 1790361521.724 210.6 1.6
TL 1790361521.824 57.8 1.6
TL 1790361521.925 61.7 1.5
TL 1790361522.025 101.1 1.0
TL 1790361522.125 115.7 2.1
TL 1790361522.225 76.1 0.8
TL 1790361522.325 93.3 1.0
TL 1790361522.427 1921.3 3.0
TL 1790361522.526 548.4 4.5
TL 1790361522.626 273.9 2.9
TL 1790361522.726 114.5 1.5
TL 1790361522.826 395.4 4.1
TL 1790361522.926 360.2 2.6
TL 1790361523.026 134.9 1.7
TL 1790361523.126 170.5 1.7
TL 1790361523.226 54.3 0.8
TL 1790361523.327 216.3 3.6
TL 1790361523.427 125.4 1.7
TL 1790361523.527 114.5 1.2
TL 1790361523.627 65.2 1.4
TL 1790361523.729 1739.8 1.2
TL 1790361523.827 77.5 2.3
TL 1790361523.927 119.2 1.5
TL 1790361524.028 310.9 2.0
TL 1790361524.128 163.3 1.4
TL 1790361524.228 202.3 1.4
TL 1790361524.328 487.8 1.6
TL 1790361524.428 176.0 1.7
TL 1790361524.528 98.7 1.9
TL 1790361524.628 108.7 1.5
TL 1790361524.728 86.7 1.2
TL 1790361524.829 938.8 1.6
TL 1790361524.929 214.4 2.6
TL 1790361525.029 247.9 1.9
TL 1790361525.129 160.5 2.3
TL 1790361525.229 140.5 1.4
TL 1790361525.329 84.0 1.6
TL 1790361525.429 87.0 1.7
TL 1790361525.529 147.3 1.6
TL 1790361525.629 116.2 1.4
TL 1790361525.730 99.2 1.2
TL 1790361525.830 57.8 1.4
TL 1790361525.934 4861.8 1.2
TL 1790361526.030 194.1 1.6
TL 1790361526.130 299.5 2.4
TL 1790361526.230 255.1 1.7
TL 1790361526.330 163.2 2.3
TL 1790361526.430 78.5 1.5
TL 1790361526.530 67.8 1.5
TL 1790361526.631 135.6 3.1
TL 1790361526.731 427.6 1.1
TL 1790361526.831 165.5 1.4
TL 1790361526.931 149.1 1.4
TL 1790361527.031 93.7 1.4
TL 1790361527.131 95.5 3.7
TL 1790361527.232 254.8 1.8
TL 1790361527.332 241.5 1.9
TL 1790361527.432 105.0 1.6
TL 1790361527.532 108.1 1.5
TL 1790361527.632 350.7 2.2
TL 1790361527.732 173.1 1.1
TL 1790361527.832 137.8 1.7
TL 1790361527.932 113.6 1.5
TL 1790361528.035 2121.5 1.6
TL 1790361528.133 191.6 1.8
TL 1790361528.233 105.3 1.4
TL 1790361528.333 71.7 1.1
TL 1790361528.433 96.1 1.1
TL 1790361528.533 143.4 1.5
TL 1790361528.633 401.0 2.9
TL 1790361528.733 117.3 1.7
TL 1790361528.834 220.3 1.7
TL 1790361528.934 152.2 1.3
TL 1790361529.034 82.4 1.3
TL 1790361529.134 558.0 1.2
TL 1790361529.234 188.9 1.6
TL 1790361529.334 155.2 1.5
TL 1790361529.434 183.5 1.1
TL 1790361529.534 95.3 1.4
TL 1790361529.634 105.3 2.0
TL 1790361529.734 123.4 0.9
TL 1790361529.834 165.1 1.8
TL 1790361529.935 170.2 2.1
TL 1790361530.035 125.5 1.7
TL 1790361530.135 225.5 1.4
TL 1790361530.236 1588.9 2.3
TL 1790361530.335 104.0 3.3
TL 1790361530.435 57.0 1.8
TL 1790361530.535 146.8 1.7
TL 1790361530.635 128.2 2.0
TL 1790361530.736 392.3 1.1
TL 1790361530.836 225.6 1.8
TL 1790361530.936 207.7 1.6
TL 1790361531.036 101.0 2.0
TL 1790361531.136 102.2 2.4
TL 1790361531.236 99.4 1.0
TL 1790361531.336 87.7 1.3
TL 1790361531.436 126.5 1.2
TL 1790361531.536 117.2 1.7
TL 1790361531.636 164.3 2.0
TL 1790361531.736 89.1 0.7
TL 1790361531.837 118.6 1.6
TL 1790361531.937 62.4 1.4
TL 1790361532.037 123.4 1.6
TL 1790361532.137 280.4 1.9
TL 1790361532.237 89.2 1.1
TL 1790361532.337 77.4 3.1
TL 1790361532.437 148.3 2.0
TL 1790361532.537 209.7 1.8
TL 1790361532.638 383.9 1.8
TL 1790361532.737 127.0 1.1
TL 1790361532.838 158.6 2.0
TL 1790361532.938 112.3 1.7
TL 1790361533.038 82.0 1.6
TL 1790361533.138 156.9 2.1
TL 1790361533.238 188.0 1.5
TL 1790361533.338 120.6 3.2
TL 1790361533.438 206.6 1.9
TL 1790361533.538 140.7 1.5
TL 1790361533.639 458.5 38.6
TL 1790361533.739 116.8 2.2
TL 1790361533.839 174.6 2.1
TL 1790361533.939 99.8 1.7
TL 1790361534.039 100.0 1.7
TL 1790361534.139 177.1 2.0
TL 1790361534.240 452.3 2.6
TL 1790361534.339 105.7 1.8
TL 1790361534.439 74.4 2.4
TL 1790361534.540 143.0 2.2
TL 1790361534.640 311.0 5.2
TL 1790361534.740 149.1 1.3
TL 1790361534.840 114.4 1.3
TL 1790361534.940 140.3 1.4
TL 1790361535.040 120.7 1.4
TL 1790361535.140 237.2 1.4
TL 1790361535.241 345.6 3.4
TL 1790361535.341 385.6 3.0
TL 1790361535.441 255.5 2.6
TL 1790361535.541 120.2 1.7
TL 1790361535.642 142.2 2.7
TL 1790361535.742 188.9 1.9
TL 1790361535.842 179.2 1.7
TL 1790361535.942 91.4 1.6
TL 1790361536.042 100.8 1.4
TL 1790361536.143 1404.2 1.5
TL 1790361536.243 421.7 3.2
TL 1790361536.343 335.7 2.0
TL 1790361536.443 162.9 2.1
TL 1790361536.543 96.0 1.6
TL 1790361536.643 403.1 4.1
TL 1790361536.743 161.7 1.2
TL 1790361536.843 121.1 1.6
TL 1790361536.943 86.7 3.1
TL 1790361537.043 144.5 1.5
TL 1790361537.144 972.4 1.5
TL 1790361537.244 207.4 1.6
TL 1790361537.344 141.3 2.0
TL 1790361537.444 97.6 2.4
TL 1790361537.544 212.9 1.9
TL 1790361537.644 240.6 2.2
TL 1790361537.744 127.8 0.7
TL 1790361537.844 175.1 1.5
TL 1790361537.944 89.7 2.1
TL 1790361538.045 369.3 1.6
TL 1790361538.145 60.5 1.7
TL 1790361538.245 136.7 1.9
TL 1790361538.345 230.5 1.9
TL 1790361538.445 78.3 0.9
TL 1790361538.545 171.6 1.8
TL 1790361538.645 169.8 2.5
TL 1790361538.745 61.9 0.9
TL 1790361538.846 179.7 2.6
TL 1790361538.946 241.0 2.1
TL 1790361539.046 158.3 1.9
TL 1790361539.146 258.5 2.2
TL 1790361539.246 203.8 1.3
TL 1790361539.346 101.4 1.7
TL 1790361539.447 377.7 3.1
TL 1790361539.547 298.0 2.2
TL 1790361539.647 279.1 2.4
TL 1790361539.747 216.5 1.6
TL 1790361539.847 109.4 2.1
TL 1790361539.947 78.6 2.3
TL 1790361540.047 199.2 2.2
TL 1790361540.147 174.1 2.3
TL 1790361540.247 109.2 1.0
TL 1790361540.348 233.8 1.6
TL 1790361540.448 129.3 2.3
TL 1790361540.548 386.2 3.3
TL 1790361540.648 620.6 4.6
TL 1790361540.748 278.1 3.5
TL 1790361540.848 67.9 2.2
TL 1790361540.949 274.2 1.9
TL 1790361541.049 151.8 3.0
TL 1790361541.149 186.6 1.7
TL 1790361541.249 119.9 1.0
TL 1790361541.349 544.2 2.0
TL 1790361541.449 262.0 2.8
TL 1790361541.550 320.9 2.3
TL 1790361541.650 127.0 2.5
TL 1790361541.750 107.6 1.4
TL 1790361541.850 186.0 2.0
TL 1790361541.950 109.3 1.5
TL 1790361542.050 248.2 18.4
TL 1790361542.150 155.2 4.2
TL 1790361542.250 84.6 1.1
TL 1790361542.351 855.2 2.4
TL 1790361542.451 129.3 2.6
TL 1790361542.551 886.3 3.5
TL 1790361542.651 113.4 2.7
TL 1790361542.751 163.9 1.5
TL 1790361542.851 194.1 2.6
TL 1790361542.951 577.1 5.9
TL 1790361543.051 237.9 1.5
TL 1790361543.151 147.8 26.0
TL 1790361543.251 104.8 1.0
TL 1790361543.352 397.0 1.6
TL 1790361543.452 145.0 2.1
TL 1790361543.552 92.1 1.1
TL 1790361543.652 74.6 1.6
TL 1790361543.752 177.1 1.4
TL 1790361543.852 110.4 1.7
TL 1790361543.952 86.6 1.6
TL 1790361544.052 82.2 1.5
TL 1790361544.153 447.7 2.6
TL 1790361544.252 136.0 0.8
TL 1790361544.353 205.8 2.0
TL 1790361544.453 168.6 1.9
TL 1790361544.555 156.6 1.3
TL 1790361544.655 224.8 2.1
TL 1790361544.755 106.2 1.3
TL 1790361544.855 92.6 2.1
TL 1790361544.955 336.2 1.8
TL 1790361545.055 234.7 1.8
TL 1790361545.155 283.6 2.0
TL 1790361545.255 195.5 2.1
TL 1790361545.355 108.5 1.1
TL 1790361545.457 1299.1 1.7
TL 1790361545.556 171.4 1.6
TL 1790361545.656 105.8 1.8
TL 1790361545.756 126.5 1.1
TL 1790361545.856 308.1 2.6
TL 1790361545.956 270.9 2.2
TL 1790361546.056 215.9 2.4
TL 1790361546.156 256.4 2.2
TL 1790361546.256 159.2 0.9
TL 1790361546.356 145.8 2.9
TL 1790361546.456 132.0 1.4
TL 1790361546.557 664.7 1.3
TL 1790361546.657 117.5 1.6
TL 1790361546.757 153.8 1.2
TL 1790361546.858 602.9 3.6
TL 1790361546.958 274.9 3.3
TL 1790361547.057 97.8 1.8
TL 1790361547.158 90.5 2.0
TL 1790361547.258 103.8 1.4
TL 1790361547.358 141.6 1.4
TL 1790361547.458 96.3 1.1
TL 1790361547.558 264.2 2.8
TL 1790361547.658 94.9 1.7
TL 1790361547.758 194.1 0.8
TL 1790361547.858 102.2 3.2
TL 1790361547.959 153.6 3.0
TL 1790361548.059 177.5 1.8
TL 1790361548.159 344.6 1.8
TL 1790361548.259 162.3 1.1
TL 1790361548.359 312.0 1.1
TL 1790361548.459 210.2 1.7
TL 1790361548.559 75.4 1.8
TL 1790361548.659 89.5 1.9
TL 1790361548.760 165.7 0.9
TL 1790361548.860 226.0 1.9
TL 1790361548.960 112.2 1.8
TL 1790361549.060 154.5 1.8
TL 1790361549.160 98.1 1.5
TL 1790361549.260 64.1 1.2
TL 1790361549.360 100.8 1.7
TL 1790361549.461 82.4 1.4
TL 1790361549.561 149.2 1.6
TL 1790361549.662 953.4 1.5
TL 1790361549.761 79.2 0.8
TL 1790361549.861 377.7 2.9
TL 1790361549.961 167.1 2.1
TL 1790361550.061 161.8 1.7
TL 1790361550.162 105.6 1.7
TL 1790361550.262 113.9 1.5
TL 1790361550.362 122.2 1.6
TL 1790361550.462 112.7 1.1
TL 1790361550.562 83.4 2.7
TL 1790361550.662 121.0 2.4
TL 1790361550.762 323.8 1.2
TL 1790361550.862 144.9 2.0
TL 1790361550.962 93.6 2.6
TL 1790361551.063 218.0 1.9
TL 1790361551.163 470.2 2.0
TL 1790361551.263 150.4 0.7
TL 1790361551.363 124.6 2.0
TL 1790361551.463 112.5 1.7
TL 1790361551.567 3876.8 2.7
TL 1790361551.663 145.5 1.8
TL 1790361551.763 133.3 1.0
TL 1790361551.863 130.7 2.8
TL 1790361551.963 103.7 1.6
TL 1790361552.065 1551.2 1.3
TL 1790361552.164 228.7 1.9
TL 1790361552.264 122.8 0.6
TL 1790361552.364 122.5 1.6
TL 1790361552.464 105.8 1.2
TL 1790361552.564 188.6 1.4
TL 1790361552.664 85.1 1.9
TL 1790361552.765 420.4 2.6
TL 1790361552.866 550.6 2.2
TL 1790361552.965 244.2 2.0
TL 1790361553.066 192.3 2.4
TL 1790361553.166 150.8 1.0
TL 1790361553.266 110.4 1.3
TL 1790361553.366 196.9 3.5
TL 1790361553.466 93.2 1.0
TL 1790361553.566 95.6 1.4
TL 1790361553.666 244.3 2.5
TL 1790361553.766 81.6 1.5
TL 1790361553.867 483.3 4.3
TL 1790361553.967 398.6 4.9
TL 1790361554.067 251.7 2.5
TL 1790361554.167 244.9 2.2
TL 1790361554.267 218.0 1.2
TL 1790361554.367 109.5 2.9
TL 1790361554.467 77.6 1.4
TL 1790361554.568 79.2 1.5
TL 1790361554.668 343.4 2.6
TL 1790361554.768 117.3 0.7
TL 1790361554.869 439.9 2.9
TL 1790361554.969 184.7 2.9
TL 1790361555.069 108.8 1.7
TL 1790361555.169 103.0 1.7
TL 1790361555.269 93.0 1.4
TL 1790361555.369 93.8 1.5
TL 1790361555.469 137.9 1.6
TL 1790361555.570 856.7 1.7
TL 1790361555.670 402.1 2.6
TL 1790361555.770 301.0 2.6
TL 1790361555.870 262.1 2.4
TL 1790361555.971 299.8 4.9
TL 1790361556.070 101.7 1.3
TL 1790361556.171 123.4 1.8
TL 1790361556.271 127.7 1.1
TL 1790361556.371 152.5 2.8
TL 1790361556.471 202.6 1.6
TL 1790361556.572 983.1 1.8
TL 1790361556.671 113.9 1.7
TL 1790361556.771 147.7 1.1
TL 1790361556.872 418.2 1.8
TL 1790361556.972 283.0 3.0
TL 1790361557.072 323.3 2.1
TL 1790361557.172 253.6 1.6
TL 1790361557.272 145.6 1.0
TL 1790361557.372 176.1 1.5
TL 1790361557.472 150.8 1.4
TL 1790361557.572 83.7 1.3
TL 1790361557.673 623.7 1.8
TL 1790361557.772 123.3 1.4
TL 1790361557.873 454.9 3.5
TL 1790361557.973 257.8 2.5
TL 1790361558.074 512.7 4.7
TL 1790361558.173 185.2 73.5
TL 1790361558.273 117.7 2.0
TL 1790361558.373 103.9 1.8
TL 1790361558.473 58.1 1.6
TL 1790361558.574 67.8 1.6
TL 1790361558.681 7333.6 1.6
TL 1790361558.779 4909.3 0.6
TL 1790361558.876 1796.1 1.9
TL 1790361558.974 114.1 2.1
TL 1790361559.074 129.4 1.6
TL 1790361559.174 120.5 1.6
TL 1790361559.274 189.8 1.5
TL 1790361559.375 457.1 1.5
TL 1790361559.475 124.0 1.5
TL 1790361559.575 257.2 0.9
TL 1790361559.675 90.4 1.0
TL 1790361559.775 107.1 66.9
TL 1790361559.875 322.4 1.6
TL 1790361559.975 298.3 1.5
TL 1790361560.075 61.1 1.6
TL 1790361560.176 362.6 2.3
TL 1790361560.276 181.5 1.0
TL 1790361560.376 411.8 2.7
TL 1790361560.476 343.2 2.8
TL 1790361560.576 201.0 1.3
TL 1790361560.676 76.0 1.7
TL 1790361560.776 115.2 1.1
TL 1790361560.876 328.5 1.5
TL 1790361560.977 277.3 2.1
TL 1790361561.077 68.0 1.8
TL 1790361561.177 159.2 1.2
TL 1790361561.277 92.7 1.0
TL 1790361561.377 84.1 1.3
TL 1790361561.477 222.1 2.4
TL 1790361561.577 144.9 1.4
TL 1790361561.677 76.1 1.6
TL 1790361561.777 116.4 1.3
TL 1790361561.878 85.7 1.6
TL 1790361561.978 94.2 2.1
TL 1790361562.078 223.2 2.2
TL 1790361562.178 133.2 2.0
TL 1790361562.278 103.3 0.8
TL 1790361562.378 201.0 1.9
TL 1790361562.479 945.4 3.5
TL 1790361562.578 147.4 1.5
TL 1790361562.678 160.7 1.0
TL 1790361562.778 106.4 1.3
TL 1790361562.879 141.4 1.3
TL 1790361562.979 96.4 2.0
TL 1790361563.079 96.3 2.3
TL 1790361563.179 253.2 2.0
TL 1790361563.279 103.8 0.9
TL 1790361563.379 94.2 1.5
TL 1790361563.479 98.7 1.3
TL 1790361563.579 127.7 1.3
TL 1790361563.679 111.3 1.9
TL 1790361563.780 224.0 0.9
TL 1790361563.880 101.0 1.4
TL 1790361563.980 189.7 1.6
TL 1790361564.080 138.6 1.9
TL 1790361564.180 282.8 2.1
TL 1790361564.280 174.4 0.7
TL 1790361564.381 360.2 3.0
TL 1790361564.481 157.6 1.8
TL 1790361564.581 130.9 1.8
TL 1790361564.681 86.7 1.5
TL 1790361564.781 181.5 1.1
TL 1790361564.881 89.3 1.6
TL 1790361564.981 83.5 1.1
TL 1790361565.081 147.2 1.9
TL 1790361565.182 377.1 2.9
TL 1790361565.282 308.6 2.8
TL 1790361565.382 132.0 2.0
TL 1790361565.482 171.4 2.5
TL 1790361565.582 185.5 2.3
TL 1790361565.682 134.9 1.7
TL 1790361565.782 93.8 0.9
TL 1790361565.882 110.1 1.5
TL 1790361565.983 191.1 1.8
TL 1790361566.083 80.6 1.6
TL 1790361566.183 96.9 1.6
TL 1790361566.283 142.3 1.0
TL 1790361566.383 200.9 1.9
TL 1790361566.483 148.1 1.6
TL 1790361566.583 290.8 1.8
TL 1790361566.683 163.1 3.0
TL 1790361566.783 101.5 0.9
TL 1790361566.883 84.9 1.8
TL 1790361566.984 208.3 1.6
TL 1790361567.084 142.8 1.0
TL 1790361567.184 177.0 2.0
TL 1790361567.284 79.1 0.9
TL 1790361567.384 118.6 1.4
TL 1790361567.485 894.5 5.1
TL 1790361567.585 133.9 1.6
TL 1790361567.685 110.5 1.6
TL 1790361567.785 77.7 1.4
TL 1790361567.885 441.8 1.9
TL 1790361567.985 163.8 1.5
TL 1790361568.085 94.1 1.1
TL 1790361568.185 187.1 1.4
TL 1790361568.285 112.2 1.1
TL 1790361568.385 101.4 3.4
TL 1790361568.486 202.8 1.5
TL 1790361568.586 66.5 1.4
TL 1790361568.686 302.4 4.1
TL 1790361568.786 138.1 1.6
TL 1790361568.886 121.7 1.8
TL 1790361568.986 162.9 1.7
TL 1790361569.086 96.0 1.6
TL 1790361569.186 75.3 1.2
TL 1790361569.287 292.0 2.3
TL 1790361569.387 255.8 1.8
TL 1790361569.487 239.1 1.6
TL 1790361569.587 180.8 1.6
TL 1790361569.687 235.6 1.3
TL 1790361569.788 1600.8 3.0
TL 1790361569.887 271.3 2.1
TL 1790361569.987 111.0 1.2
TL 1790361570.088 461.9 1.7
TL 1790361570.187 159.7 1.6
TL 1790361570.287 126.1 1.2
TL 1790361570.387 80.6 2.2
TL 1790361570.488 120.8 1.6
TL 1790361570.588 193.8 1.8
TL 1790361570.688 185.7 1.7
TL 1790361570.788 201.2 1.6
TL 1790361570.888 71.9 1.3
TL 1790361570.988 214.5 2.1
TL 1790361571.090 1175.0 1.5
TL 1790361571.190 282.0 1.8
TL 1790361571.289 140.6 0.9
TL 1790361571.390 141.9 1.6
TL 1790361571.490 93.5 1.8
TL 1790361571.590 742.9 2.1
TL 1790361571.690 292.7 1.7
TL 1790361571.790 384.4 1.8
TL 1790361571.890 301.7 1.8
TL 1790361571.990 313.4 1.5
TL 1790361572.090 123.4 3.3
TL 1790361572.191 178.9 1.6
TL 1790361572.291 123.5 1.0
TL 1790361572.391 105.3 2.1
TL 1790361572.491 118.1 2.3
TL 1790361572.591 109.0 1.8
TL 1790361572.692 78.6 1.5
TL 1790361572.792 100.8 1.2
TL 1790361572.892 89.0 2.2
TL 1790361572.994 99.1 1.9
TL 1790361573.094 159.6 2.3
TL 1790361573.194 233.4 1.7
TL 1790361573.294 220.5 1.6
TL 1790361573.394 376.2 1.3
TL 1790361573.494 154.2 1.7
TL 1790361573.594 168.3 2.1
TL 1790361573.694 74.5 2.1
TL 1790361573.795 456.1 1.4
TL 1790361573.895 198.0 2.1
TL 1790361573.995 64.1 1.8
TL 1790361574.095 337.2 3.7
TL 1790361574.195 135.2 1.9
TL 1790361574.295 222.8 1.7
TL 1790361574.395 247.7 2.3
TL 1790361574.495 306.2 1.8
TL 1790361574.595 104.5 1.8
TL 1790361574.695 141.9 1.6
TL 1790361574.796 85.9 1.2
TL 1790361574.896 272.1 2.2
TL 1790361574.996 104.7 1.8
TL 1790361575.096 169.5 1.9
TL 1790361575.196 191.4 1.8
TL 1790361575.296 96.1 1.1
TL 1790361575.396 224.0 2.0
TL 1790361575.496 94.5 2.2
TL 1790361575.596 202.8 1.8
TL 1790361575.697 335.7 3.6
TL 1790361575.797 240.3 2.3
TL 1790361575.898 702.1 3.5
TL 1790361575.998 640.5 5.6
TL 1790361576.097 169.5 1.8
TL 1790361576.198 175.3 2.0
TL 1790361576.298 85.9 1.0
TL 1790361576.398 124.7 1.6
TL 1790361576.498 127.6 2.9
TL 1790361576.598 380.8 2.3
TL 1790361576.699 915.3 4.9
TL 1790361576.799 427.0 3.0
TL 1790361576.899 277.8 3.3
TL 1790361577.000 988.7 4.1
TL 1790361577.100 243.9 1.8
TL 1790361577.199 60.1 2.3
TL 1790361577.300 113.0 1.6
TL 1790361577.400 105.5 3.6
TL 1790361577.500 394.6 5.6
TL 1790361577.600 345.7 2.8
TL 1790361577.700 73.8 1.5
TL 1790361577.800 91.0 1.0
TL 1790361577.901 204.2 2.1
TL 1790361578.001 200.5 1.7
TL 1790361578.101 200.0 1.9
TL 1790361578.201 129.7 1.6
TL 1790361578.301 314.5 2.7
TL 1790361578.402 234.0 1.9
TL 1790361578.502 231.3 2.2
TL 1790361578.603 219.6 1.8
TL 1790361578.703 282.5 3.4
TL 1790361578.803 79.1 1.1
TL 1790361578.903 377.4 3.4
TL 1790361579.003 222.0 3.3
TL 1790361579.103 197.0 1.3
TL 1790361579.203 163.2 1.6
TL 1790361579.303 92.2 1.0
TL 1790361579.404 166.1 1.8
TL 1790361579.504 72.9 2.2
TL 1790361579.604 421.7 2.2
TL 1790361579.704 216.3 2.0
TL 1790361579.804 278.5 3.5
TL 1790361579.905 278.0 2.0
TL 1790361580.005 166.0 1.4
TL 1790361580.105 87.6 1.2
TL 1790361580.205 280.2 2.3
TL 1790361580.305 86.1 0.7
TL 1790361580.405 230.5 2.1
TL 1790361580.505 267.1 3.3
TL 1790361580.606 256.6 2.5
TL 1790361580.706 313.9 4.7
TL 1790361580.806 386.1 2.5
TL 1790361580.906 111.9 1.6
TL 1790361581.006 101.6 2.3
TL 1790361581.107 325.9 2.0
TL 1790361581.207 377.8 3.5
TL 1790361581.307 378.4 3.1
TL 1790361581.407 283.9 4.3
TL 1790361581.508 444.9 2.3
TL 1790361581.608 70.8 1.3
TL 1790361581.708 102.7 2.0
TL 1790361581.808 128.9 1.5
TL 1790361581.908 109.7 2.3
TL 1790361582.008 218.6 4.1
TL 1790361582.108 316.7 1.9
TL 1790361582.209 341.1 4.1
TL 1790361582.309 456.8 2.8
TL 1790361582.409 86.0 0.9
TL 1790361582.509 345.8 3.9
TL 1790361582.609 319.0 2.8
TL 1790361582.710 347.0 3.6
TL 1790361582.810 188.6 1.0
TL 1790361582.910 86.4 1.5
TL 1790361583.010 310.7 1.1
TL 1790361583.110 315.9 1.8
TL 1790361583.211 246.5 1.5
TL 1790361583.311 258.5 2.6
TL 1790361583.411 235.5 1.3
TL 1790361583.511 180.7 1.9
TL 1790361583.612 323.4 1.9
TL 1790361583.712 562.8 2.6
TL 1790361583.812 111.4 1.2
TL 1790361583.912 134.3 2.0
TL 1790361584.012 132.1 2.0
TL 1790361584.112 89.0 1.4
TL 1790361584.213 338.4 4.3
TL 1790361584.313 319.0 2.6
TL 1790361584.413 421.0 3.2
TL 1790361584.514 456.8 3.6
TL 1790361584.613 269.5 4.6
TL 1790361584.713 77.8 3.4
TL 1790361584.814 305.4 2.5
TL 1790361584.914 292.7 2.1
TL 1790361585.014 389.0 3.2
TL 1790361585.116 229.9 1.8
TL 1790361585.216 444.4 4.3
TL 1790361585.317 435.7 2.9
TL 1790361585.417 287.8 1.4
TL 1790361585.517 381.1 2.2
TL 1790361585.617 133.4 1.6
TL 1790361585.717 105.2 2.4
TL 1790361585.818 423.4 2.6
TL 1790361585.918 273.2 2.0
TL 1790361586.018 300.2 1.3
TL 1790361586.118 136.5 2.6
TL 1790361586.218 85.7 3.4
TL 1790361586.318 82.9 1.0
TL 1790361586.419 311.7 5.2
TL 1790361586.519 86.3 2.2
TL 1790361586.619 117.4 2.7
TL 1790361586.719 435.7 3.1
TL 1790361586.819 337.6 2.6
TL 1790361586.920 292.2 3.6
TL 1790361587.020 263.4 1.8
TL 1790361587.120 372.0 1.9
TL 1790361587.220 303.6 2.4
TL 1790361587.320 140.4 2.0
TL 1790361587.420 102.2 1.5
TL 1790361587.521 369.8 3.9
TL 1790361587.621 547.9 4.1
TL 1790361587.721 82.5 1.5
TL 1790361587.821 472.6 3.5
TL 1790361587.921 337.7 2.8
TL 1790361588.022 206.7 1.2
TL 1790361588.122 154.8 2.5
TL 1790361588.222 301.0 1.9
TL 1790361588.322 82.6 0.9
TL 1790361588.422 152.8 0.7
TL 1790361588.530 8119.3 1.4
TL 1790361588.622 212.3 1.2
TL 1790361588.742 19717.8 1.6
TL 1790361588.822 92.3 1.0
TL 1790361588.923 937.6 1.6
TL 1790361589.023 586.0 14.4
TL 1790361589.123 99.3 1.9
TL 1790361589.223 83.6 1.5
TL 1790361589.323 227.4 0.7
TL 1790361589.423 130.8 2.0
TL 1790361589.523 114.3 2.0
TL 1790361589.623 110.5 2.6
TL 1790361589.723 68.6 2.2
TL 1790361589.823 132.7 1.7
TL 1790361589.924 285.9 2.2
TL 1790361590.023 92.4 1.7
TL 1790361590.124 86.3 2.3
TL 1790361590.224 113.3 1.7
TL 1790361590.324 106.9 1.1
TL 1790361590.430 5771.5 1.4
TL 1790361590.524 87.6 2.1
TL 1790361590.625 560.0 1.7
TL 1790361590.724 92.1 1.5
TL 1790361590.824 139.2 1.1
TL 1790361590.929 4275.1 1.5
TL 1790361591.025 615.8 2.2
TL 1790361591.125 171.2 1.6
TL 1790361591.225 294.1 1.8
TL 1790361591.325 87.4 1.0
TL 1790361591.425 207.2 1.9
TL 1790361591.525 370.6 1.9
TL 1790361591.625 105.8 1.5
TL 1790361591.725 70.7 2.1
TL 1790361591.825 59.9 1.5
TL 1790361591.926 64.8 2.0
TL 1790361592.026 226.5 1.7
TL 1790361592.126 112.9 2.8
TL 1790361592.226 98.0 2.6
TL 1790361592.326 121.1 1.4
TL 1790361592.426 163.7 2.9
TL 1790361592.527 270.1 2.2
TL 1790361592.627 133.3 3.4
TL 1790361592.727 144.4 2.4
TL 1790361592.827 106.4 1.7
TL 1790361592.927 53.3 1.8
TL 1790361593.027 63.4 1.7
TL 1790361593.127 373.1 4.2
TL 1790361593.227 90.8 2.4
TL 1790361593.328 389.6 3.0
TL 1790361593.428 325.7 2.4
TL 1790361593.528 457.9 4.7
TL 1790361593.629 466.9 4.8
TL 1790361593.729 273.8 4.8
TL 1790361593.829 213.1 1.2
TL 1790361593.929 97.2 1.6
TL 1790361594.029 71.7 1.5
TL 1790361594.129 161.3 1.8
TL 1790361594.229 506.7 3.3
TL 1790361594.330 356.4 2.6
TL 1790361594.431 270.6 1.6
TL 1790361594.532 271.6 1.8
TL 1790361594.632 114.5 1.1
TL 1790361594.732 222.9 4.3
TL 1790361594.832 90.2 0.8
TL 1790361594.932 253.1 2.0
TL 1790361595.032 420.8 2.1
TL 1790361595.132 307.7 3.7
TL 1790361595.233 231.0 2.6
TL 1790361595.333 345.3 2.7
TL 1790361595.433 335.8 1.3
TL 1790361595.533 266.6 2.4
TL 1790361595.634 399.8 4.8
TL 1790361595.734 309.2 3.8
TL 1790361595.834 59.6 1.4
TL 1790361595.934 415.5 3.1
TL 1790361596.034 186.9 1.7
TL 1790361596.135 398.9 4.4
TL 1790361596.235 206.0 3.1
TL 1790361596.335 241.9 2.8
TL 1790361596.435 204.3 1.5
TL 1790361596.535 124.1 2.6
TL 1790361596.635 105.0 2.0
TL 1790361596.735 56.8 3.2
TL 1790361596.836 121.9 1.1
TL 1790361596.936 189.1 2.7
TL 1790361597.036 149.7 2.3
TL 1790361597.136 159.0 2.4
TL 1790361597.236 164.6 2.7
TL 1790361597.336 106.6 0.8
TL 1790361597.436 121.1 1.8
TL 1790361597.536 121.9 1.7
TL 1790361597.636 132.9 2.1
TL 1790361597.736 96.9 1.4
TL 1790361597.837 94.1 0.8
TL 1790361597.937 83.3 1.2
TL 1790361598.037 75.7 1.4
TL 1790361598.137 130.4 1.7
TL 1790361598.237 149.8 2.1
TL 1790361598.337 105.6 1.2
TL 1790361598.437 152.8 2.0
TL 1790361598.537 182.1 2.3
TL 1790361598.637 151.9 2.2
TL 1790361598.737 145.4 2.0
TL 1790361598.837 65.9 1.0
TL 1790361598.938 150.5 1.4
TL 1790361599.038 121.5 1.9
TL 1790361599.138 73.1 1.7
TL 1790361599.238 93.9 2.7
TL 1790361599.338 50.0 1.5
TL 1790361599.438 174.9 2.6
TL 1790361599.538 160.5 2.6
TL 1790361599.638 184.9 2.7
TL 1790361599.738 144.1 2.6
TL 1790361599.839 175.6 2.9
TL 1790361599.939 255.6 2.1
TL 1790361600.039 115.0 1.6
TL 1790361600.139 180.8 2.9
TL 1790361600.239 168.1 2.4
TL 1790361600.339 141.5 1.5
TL 1790361600.439 133.0 2.6
TL 1790361600.539 121.7 2.1
TL 1790361600.639 146.7 2.6
TL 1790361600.739 115.2 1.9
TL 1790361600.839 83.2 1.1
TL 1790361600.940 145.5 2.1
TL 1790361601.040 86.4 1.6
TL 1790361601.140 89.8 2.2
TL 1790361601.240 105.8 2.6
TL 1790361601.340 247.2 1.5
TL 1790361601.440 70.5 1.5
TL 1790361601.541 237.6 2.6
TL 1790361601.641 231.8 2.0
TL 1790361601.741 363.0 3.4
TL 1790361601.842 891.9 3.3
TL 1790361601.941 272.4 3.1
TL 1790361602.041 185.3 2.1
TL 1790361602.141 236.2 3.7
TL 1790361602.241 63.2 1.7
TL 1790361602.342 209.5 3.3
TL 1790361602.442 236.4 1.8
TL 1790361602.542 217.3 2.4
TL 1790361602.642 171.9 2.9
TL 1790361602.743 255.0 3.5
TL 1790361602.843 113.1 1.0
TL 1790361602.943 249.6 2.9
TL 1790361603.043 91.7 1.5
TL 1790361603.143 176.5 3.2
TL 1790361603.243 293.8 2.6
TL 1790361603.344 284.5 2.2
TL 1790361603.444 242.7 0.9
TL 1790361603.544 64.0 2.8
TL 1790361603.644 384.8 2.9
TL 1790361603.744 296.6 2.2
TL 1790361603.845 360.7 2.7
TL 1790361603.945 156.2 1.7
TL 1790361604.045 115.9 1.7
TL 1790361604.145 222.7 2.1
TL 1790361604.245 349.7 3.1
TL 1790361604.346 322.7 2.9
TL 1790361604.446 282.8 1.8
TL 1790361604.546 257.0 1.5
TL 1790361604.646 175.2 2.3
TL 1790361604.746 118.4 1.6
TL 1790361604.846 70.8 1.8
TL 1790361604.947 154.8 2.4
TL 1790361605.047 179.6 3.1
TL 1790361605.147 96.0 1.8
TL 1790361605.247 127.8 2.3
TL 1790361605.347 115.6 1.6
TL 1790361605.447 130.8 1.6
TL 1790361605.547 141.6 2.3
TL 1790361605.648 578.4 1.9
TL 1790361605.747 101.7 1.8
TL 1790361605.847 112.1 1.2
TL 1790361605.947 94.8 1.7
TL 1790361606.048 90.5 1.4
TL 1790361606.148 149.5 1.9
TL 1790361606.248 102.5 1.5
TL 1790361606.348 171.7 1.5
TL 1790361606.448 192.2 1.9
TL 1790361606.548 144.2 2.0
TL 1790361606.648 184.5 2.1
TL 1790361606.748 100.7 2.0
TL 1790361606.848 128.1 1.5
TL 1790361606.949 114.3 2.3
TL 1790361607.049 118.2 1.9
TL 1790361607.149 101.8 2.2
TL 1790361607.249 68.4 2.0
TL 1790361607.349 192.9 1.4
TL 1790361607.449 161.5 2.6
TL 1790361607.549 172.9 2.8
TL 1790361607.649 181.1 2.9
TL 1790361607.749 68.2 2.1
TL 1790361607.850 168.3 2.4
TL 1790361607.950 169.6 2.5
TL 1790361608.052 1884.0 2.4
TL 1790361608.150 100.0 2.4
TL 1790361608.250 79.5 1.5
TL 1790361608.350 139.0 1.2
TL 1790361608.450 125.3 2.1
TL 1790361608.550 135.0 2.3
TL 1790361608.650 137.2 2.3
TL 1790361608.750 110.3 1.6
TL 1790361608.851 119.4 1.8
TL 1790361608.951 97.9 2.1
TL 1790361609.051 141.8 1.2
TL 1790361609.151 117.1 2.1
TL 1790361609.251 117.4 1.9
TL 1790361609.351 76.3 0.9
TL 1790361609.451 66.9 2.6
TL 1790361609.551 118.1 1.4
TL 1790361609.651 155.6 1.9
TL 1790361609.751 109.6 1.4
TL 1790361609.852 120.6 1.5
TL 1790361609.952 94.6 1.7
TL 1790361610.052 100.8 1.4
TL 1790361610.152 184.1 2.2
TL 1790361610.252 103.2 1.7
TL 1790361610.352 112.8 0.8
TL 1790361610.452 107.0 2.5
TL 1790361610.552 130.8 2.0
TL 1790361610.652 172.0 2.2
TL 1790361610.752 143.1 1.7
TL 1790361610.853 159.5 2.3
TL 1790361610.953 138.0 1.8
TL 1790361611.053 112.6 1.8
TL 1790361611.153 158.1 2.5
TL 1790361611.253 117.5 2.4
TL 1790361611.353 110.5 1.0
TL 1790361611.453 60.5 1.9
TL 1790361611.553 167.4 2.3
TL 1790361611.653 174.9 2.8
TL 1790361611.754 148.1 2.3
TL 1790361611.854 124.9 1.5
TL 1790361611.954 87.6 1.8
TL 1790361612.054 131.2 1.8
TL 1790361612.154 172.9 3.1
TL 1790361612.254 94.3 1.8
TL 1790361612.354 112.0 1.1
TL 1790361612.454 68.4 1.7
TL 1790361612.554 103.8 1.4
TL 1790361612.654 86.2 1.7
TL 1790361612.755 197.0 3.2
TL 1790361612.855 417.5 1.8
TL 1790361612.955 71.7 2.0
TL 1790361613.055 155.7 2.6
TL 1790361613.155 173.4 2.9
TL 1790361613.257 152.7 1.7
TL 1790361613.357 173.7 1.8
TL 1790361613.457 93.1 1.7
TL 1790361613.557 97.8 2.2
TL 1790361613.657 99.2 2.1
TL 1790361613.757 107.2 1.8
TL 1790361613.857 69.4 1.8
TL 1790361613.957 91.7 2.0
TL 1790361614.058 121.8 1.8
TL 1790361614.158 148.0 2.4
TL 1790361614.258 111.0 2.6
TL 1790361614.358 221.0 2.5
TL 1790361614.458 207.5 2.3
TL 1790361614.558 74.2 0.7
TL 1790361614.658 224.7 2.8
TL 1790361614.759 274.2 4.1
TL 1790361614.859 272.8 2.8
TL 1790361614.959 133.7 1.8
TL 1790361615.059 98.4 1.1
TL 1790361615.159 259.4 3.9
TL 1790361615.259 358.7 3.5
TL 1790361615.360 268.0 1.2
TL 1790361615.460 135.6 1.1
TL 1790361615.560 101.8 1.4
TL 1790361615.660 584.5 4.8
TL 1790361615.761 285.6 1.5
TL 1790361615.861 394.3 3.1
TL 1790361615.961 84.3 1.1
TL 1790361616.062 212.9 1.1
TL 1790361616.162 286.3 3.9
TL 1790361616.262 176.8 1.5
TL 1790361616.362 258.0 3.3
TL 1790361616.462 79.5 1.4
TL 1790361616.562 86.0 1.8
TL 1790361616.662 171.9 2.1
TL 1790361616.763 337.8 1.7
TL 1790361616.863 110.8 1.6
TL 1790361616.963 284.1 2.6
TL 1790361617.063 353.5 4.2
TL 1790361617.163 89.4 3.2
TL 1790361617.264 341.4 3.9
TL 1790361617.364 212.3 1.0
TL 1790361617.464 107.3 1.0
TL 1790361617.564 112.6 1.4
TL 1790361617.664 396.0 2.5
TL 1790361617.765 398.2 4.2
TL 1790361617.865 418.4 3.0
TL 1790361617.965 355.7 2.9
TL 1790361618.065 267.6 2.1
TL 1790361618.166 359.3 3.6
TL 1790361618.265 99.1 1.9
TL 1790361618.366 299.3 2.6
TL 1790361618.466 84.3 1.9
TL 1790361618.566 430.7 2.6
TL 1790361618.666 243.7 2.9
TL 1790361618.767 261.7 2.3
TL 1790361618.867 252.8 2.8
TL 1790361618.967 346.9 3.0
TL 1790361619.067 241.5 1.4
TL 1790361619.167 270.0 3.0
TL 1790361619.267 50.3 1.7
TL 1790361619.368 109.1 1.5
TL 1790361619.468 104.2 2.3
TL 1790361619.568 397.6 3.7
TL 1790361619.668 374.5 5.4
TL 1790361619.768 158.7 1.8
TL 1790361619.869 344.8 2.0
TL 1790361619.969 185.2 2.1
TL 1790361620.069 82.2 1.5
TL 1790361620.169 351.5 3.2
TL 1790361620.269 208.0 4.2
TL 1790361620.370 245.0 3.1
TL 1790361620.470 245.5 3.7
TL 1790361620.570 354.4 4.0
TL 1790361620.670 374.5 4.9
TL 1790361620.771 192.8 2.2
TL 1790361620.871 148.6 1.6
TL 1790361620.971 99.1 2.7
TL 1790361621.071 373.3 3.6
TL 1790361621.172 482.0 4.0
TL 1790361621.272 185.2 2.4
TL 1790361621.372 125.7 0.7
TL 1790361621.473 503.0 3.9
TL 1790361621.573 358.9 4.7
TL 1790361621.673 255.7 5.8
TL 1790361621.773 331.8 4.1
TL 1790361621.873 119.9 1.2
TL 1790361621.974 347.0 3.6
TL 1790361622.074 224.2 1.3
TL 1790361622.174 315.4 3.6
TL 1790361622.275 331.0 5.1
TL 1790361622.375 371.3 3.8
TL 1790361622.475 338.1 4.7
TL 1790361622.575 294.8 2.6
TL 1790361622.675 249.4 4.6
TL 1790361622.776 112.0 1.7
TL 1790361622.876 135.4 1.6
TL 1790361622.976 306.4 4.3
TL 1790361623.077 273.7 1.7
TL 1790361623.177 291.8 3.6
TL 1790361623.277 399.2 4.0
TL 1790361623.377 232.4 1.7
TL 1790361623.477 157.6 1.8
TL 1790361623.577 150.2 3.8
TL 1790361623.677 92.8 3.1
TL 1790361623.778 250.1 2.2
TL 1790361623.878 105.3 1.4
TL 1790361623.978 356.8 4.9
TL 1790361624.078 311.1 6.0
TL 1790361624.179 312.0 2.3
TL 1790361624.279 199.8 3.8
TL 1790361624.379 134.9 2.0
TL 1790361624.479 205.3 1.8
TL 1790361624.579 67.8 2.1
TL 1790361624.680 405.9 4.3
TL 1790361624.780 241.1 2.2
TL 1790361624.880 293.5 1.5
TL 1790361624.980 156.3 1.7
TL 1790361625.080 118.0 1.5
TL 1790361625.181 455.5 5.4
TL 1790361625.281 312.6 4.1
TL 1790361625.381 270.6 2.8
TL 1790361625.481 292.4 3.3
TL 1790361625.581 104.6 1.5
TL 1790361625.681 194.4 1.5
TL 1790361625.781 126.6 2.7
TL 1790361625.881 111.3 1.7
TL 1790361625.981 171.1 2.2
TL 1790361626.082 81.1 4.5
TL 1790361626.182 106.2 2.6
TL 1790361626.282 122.1 2.2
TL 1790361626.382 132.4 2.0
TL 1790361626.482 65.6 2.0
TL 1790361626.582 119.8 1.6
TL 1790361626.682 196.7 2.2
TL 1790361626.783 106.4 2.2
TL 1790361626.883 87.8 1.4
TL 1790361626.983 81.1 1.7
TL 1790361627.085 146.5 3.0
TL 1790361627.188 3354.6 1.9
TL 1790361627.285 108.3 1.9
TL 1790361627.386 302.9 1.8
TL 1790361627.486 177.8 2.7
TL 1790361627.586 131.0 1.8
TL 1790361627.686 509.7 4.6
TL 1790361627.786 198.5 3.1
TL 1790361627.887 375.8 2.8
TL 1790361627.988 271.1 1.5
TL 1790361628.088 293.9 1.6
TL 1790361628.188 369.8 4.0
TL 1790361628.289 576.8 3.4
TL 1790361628.388 66.0 1.0
TL 1790361628.488 65.8 1.9
TL 1790361628.589 79.9 3.1
TL 1790361628.689 330.1 2.7
TL 1790361628.789 344.3 1.4
TL 1790361628.889 156.6 1.8
TL 1790361628.989 189.6 1.6
TL 1790361629.089 186.4 1.4
TL 1790361629.190 701.1 1.4
TL 1790361629.289 80.3 1.2
