1790361930.173649950  364155 1004132
1790361932.598899793       0       0
1790361934.863892708   69386 1002990
1790361937.134212187       0       0
1790361939.386858800       0       0
1790361941.648254841       0       0
1790361943.902254163       0       0
1790361946.170073329       0       0
1790361948.411446349       0       0
1790361950.676117911       0       0
1790361952.963733066       0       0
1790361955.248113847       0       0
1790361957.527592908   79440 1003376
1790361959.805271189       0       0
1790361962.067589625   41687 1002726
1790361964.329494624   60520 1002627
1790361966.709745613   59892 1002678
1790361968.979750248   69341 1002820
1790361971.234088945   66330 1002409
1790361973.496844621       0       0
1790361975.754366964   58959 1002632
1790361978.010521077   65066 1003115
1790361980.249631389   67298 1002864
1790361982.519202482   62207 1002593
1790361984.783964044   64115 1003356
1790361987.058980189   65628 1002923
1790361989.329497688   68862 1002864
1790361991.596190239   58091 1002812
1790361993.867560342   67779 1002694
1790361996.119875498   56892 1002511
1790361998.398083674   68171 1002971
1790362000.791477579   63664 1002892
1790362003.057417057   66370 1002727
1790362005.331798098   57031 1002748
1790362007.606824035   58143 1002849
1790362009.871171482   62843 1002614
1790362012.153068721   50825 1002606
1790362014.399629084       0       0
1790362016.649334344   55703 1002798
1790362018.915033301   63064 1002615
1790362021.170017988   58475 1002611
1790362023.445209602   55390 1002759
1790362025.707747413   56100 1002431
1790362027.980920850   67784 1002608
1790362030.254420068       0       0
1790362032.505559963   64798 1002617
1790362034.957630431   59866 1002503
1790362037.211342669   54631 1002861
1790362039.498559544   55075 1002610
1790362041.765419126   58876 1002728
1790362044.020088604   63113 1002731
1790362046.267259853   63870 1002574
1790362048.505797457   56933 1002422
1790362050.795681675       0       0
1790362053.068549955   63873 1002421
1790362055.352964694   61044 1002687
1790362057.646600526   55449 1002713
1790362059.910014223   49489 1002688
1790362062.180729327   60194 1003328
1790362064.461223649   43004 1002688
1790362066.729192710   67987 1002475
1790362069.144364272   58365 1002627
1790362071.440172969       0       0
1790362073.699340364   64261 1002514
1790362075.972184894   50738 1002523
1790362078.270066248   59046 1002895
1790362080.534923278   52369 1002706
1790362082.802015933   53415 1002796
1790362085.062972391   59889 1002443
1790362087.347256661   59795 1002805
1790362089.617967389   59728 1002538
1790362091.853495305       0       0
1790362094.135687856   54451 1002573
1790362096.386943064   49883 1002612
1790362098.652166031       0       0
1790362100.898723270       0       0
1790362103.278925613       0       0
1790362105.531087591       0       0
1790362107.824371028       0       0
1790362110.147390246   61507 1003463
