1790327632.778867721  453352 1003749
1790327635.193080584       0       0
1790327637.417882146       0       0
1790327639.637446468       0       0
1790327641.874277457   32441 1003942
1790327644.162998706       0       0
1790327646.414804695       0       0
1790327648.678372350       0       0
1790327650.940175943       0       0
1790327653.219100421       0       0
1790327655.491436931       0       0
1790327657.754389951       0       0
1790327660.027733960       0       0
1790327662.298880574       0       0
1790327664.548387500       0       0
1790327666.795287395       0       0
1790327669.188172603       0       0
1790327671.438181248       0       0
1790327673.705080413       0       0
1790327675.979594371       0       0
1790327678.238403328       0       0
1790327680.491950150       0       0
1790327682.768374525       0       0
