1790361152.798522278  524166 1003851
1790361155.233741079       0       0
1790361157.491137120   47406 1002712
1790361159.753070400       0       0
1790361162.010748212       0       0
1790361164.279788002       0       0
1790361166.539026231       0       0
1790361168.827113626       0       0
1790361171.087309510       0       0
1790361173.354010239       0       0
1790361175.593135342       0       0
1790361177.884019195       0       0
1790361180.174654871   54713 1003495
1790361182.436508516   41541 1002666
1790361184.706175078   51909 1002928
1790361186.966092004   44471 1002623
1790361189.341886847   55280 1002680
1790361191.603014294   58281 1002927
1790361193.878838668   52911 1002763
1790361196.142928355   59396 1002575
1790361198.421620229   54255 1002571
1790361200.682661061       0       0
1790361202.938502415   52368 1002625
1790361205.188121789   74869 1002783
1790361207.476428819   63852 1002720
1790361209.730906370       0       0
1790361212.000937255   63414 1002593
1790361214.269678140   68378 1002881
1790361216.532505014   66059 1002880
1790361218.811440690   50262 1002550
1790361221.075243814   71903 1002879
1790361223.474634126   59226 1002762
1790361225.733839177   68405 1002821
1790361228.031417457   68591 1002666
1790361230.291937508   68539 1002801
1790361232.554664435   56217 1002583
1790361234.841298757   46459 1002987
1790361237.125851100   52350 1002700
1790361239.378359588   51729 1002803
1790361241.635236202   47396 1002711
1790361243.922256826   51380 1002515
1790361246.202662867   53045 1002656
1790361248.461795939   49654 1002449
1790361250.707130938   55014 1002606
1790361252.971143958       0       0
1790361255.251836145   66968 1002586
1790361257.679868488   69536 1002757
1790361259.943168383   58825 1002801
1790361262.209005778   63061 1002591
1790361264.488338850   59291 1002723
1790361266.750880411   54897 1002960
1790361269.025881608   60085 1002584
1790361271.309936139   49101 1002576
1790361273.594401763       0       0
1790361275.871988793   59341 1002466
1790361278.131729365   49926 1002637
1790361280.383763739   53160 1002481
1790361282.664750405   51029 1002804
1790361284.921719675   63259 1002745
1790361287.185868685   68838 1002546
1790361289.464850611       0       0
1790361291.868752485   55169 1002700
1790361294.121041390   48918 1002595
1790361296.374708160   50659 1002625
1790361298.653057743   45798 1002874
1790361300.910119565   70153 1003412
1790361303.158870554   58086 1002907
1790361305.424315188   55017 1002703
1790361307.682939302   58845 1002681
1790361309.937333416       0       0
1790361312.224215498   57356 1002544
1790361314.487420237   61468 1002632
1790361316.750778153   57672 1002436
1790361319.027100964       0       0
1790361321.298925547       0       0
1790361323.554291744       0       0
1790361325.949961743       0       0
1790361328.202310648       0       0
1790361330.463406585       0       0
1790361332.770391167       0       0
