TL 1790356434.305 92.4 1.0
TL 1790356434.406 196.0 2.2
TL 1790356434.506 264.0 4.0
TL 1790356434.606 246.4 2.7
TL 1790356434.707 617.7 2.7
TL 1790356434.806 146.0 3.1
TL 1790356434.907 373.4 3.5
TL 1790356435.007 216.9 2.4
TL 1790356435.107 669.2 2.8
TL 1790356435.207 288.6 3.3
TL 1790356435.308 418.5 2.6
TL 1790356435.408 308.7 3.1
TL 1790356435.508 439.8 123.3
TL 1790356435.608 285.3 3.7
TL 1790356435.708 361.9 2.4
TL 1790356435.808 134.8 3.0
TL 1790356435.912 247.8 3.8
TL 1790356436.012 212.7 3.1
TL 1790356436.112 348.4 4.0
TL 1790356436.212 274.0 4.6
TL 1790356436.313 438.2 3.0
TL 1790356436.413 353.4 3.7
TL 1790356436.513 398.2 3.4
TL 1790356436.613 607.5 3.0
TL 1790356436.713 430.9 3.2
TL 1790356436.814 551.1 3.0
TL 1790356436.914 219.3 2.5
TL 1790356437.014 375.1 3.3
TL 1790356437.114 276.8 4.5
TL 1790356437.214 440.2 2.6
TL 1790356437.314 383.5 6.0
TL 1790356437.414 247.0 2.2
TL 1790356437.519 276.7 2.7
TL 1790356437.619 234.4 3.1
TL 1790356437.720 594.3 3.3
TL 1790356437.820 377.2 2.1
TL 1790356437.920 416.0 3.6
TL 1790356438.020 440.7 3.0
TL 1790356438.120 298.3 3.6
TL 1790356438.220 432.7 3.3
TL 1790356438.321 401.2 2.7
TL 1790356438.421 420.5 3.1
TL 1790356438.521 396.0 3.4
TL 1790356438.621 352.0 3.7
TL 1790356438.721 279.7 3.5
TL 1790356438.821 471.0 3.5
TL 1790356438.921 244.4 3.4
TL 1790356439.022 450.9 2.7
TL 1790356439.122 457.7 3.2
TL 1790356439.222 567.6 2.5
TL 1790356439.322 627.6 3.0
TL 1790356439.423 1021.4 3.4
TL 1790356439.522 192.3 2.0
TL 1790356439.623 319.3 3.3
TL 1790356439.723 483.1 3.1
TL 1790356439.823 525.8 2.7
TL 1790356439.923 256.9 2.6
TL 1790356440.024 348.6 2.4
TL 1790356440.124 715.1 2.7
TL 1790356440.224 268.7 2.2
TL 1790356440.324 330.0 4.5
TL 1790356440.425 206.7 2.2
TL 1790356440.525 127.0 1.7
TL 1790356440.625 406.9 4.1
TL 1790356440.725 352.6 2.6
TL 1790356440.826 358.7 3.2
TL 1790356440.926 411.8 9.2
TL 1790356441.027 486.5 3.0
TL 1790356441.127 340.8 3.0
TL 1790356441.227 560.5 1.9
TL 1790356441.327 181.2 2.3
TL 1790356441.427 328.8 2.6
TL 1790356441.527 218.4 2.9
TL 1790356441.627 219.2 2.8
TL 1790356441.728 321.3 2.7
TL 1790356441.828 461.0 1.7
TL 1790356441.928 460.8 3.0
TL 1790356442.028 603.5 2.6
TL 1790356442.128 323.8 3.1
TL 1790356442.228 460.3 3.0
TL 1790356442.328 193.0 2.6
TL 1790356442.429 262.1 1.8
TL 1790356442.530 393.3 2.7
TL 1790356442.631 1332.1 3.8
TL 1790356442.730 365.9 3.1
TL 1790356442.831 876.0 3.7
TL 1790356442.931 279.3 3.5
TL 1790356443.031 490.7 4.1
TL 1790356443.131 275.2 2.9
TL 1790356443.232 281.4 2.5
TL 1790356443.332 316.5 2.4
TL 1790356443.432 266.3 43.6
TL 1790356443.532 253.1 2.8
TL 1790356443.633 264.0 2.9
TL 1790356443.733 288.3 3.5
TL 1790356443.833 264.5 3.2
TL 1790356443.933 287.3 2.2
TL 1790356444.034 264.2 2.8
TL 1790356444.134 251.1 1.9
TL 1790356444.235 329.4 3.4
TL 1790356444.335 258.5 3.7
TL 1790356444.435 444.1 2.7
TL 1790356444.535 338.0 2.8
TL 1790356444.636 648.2 2.6
TL 1790356444.735 223.2 3.5
TL 1790356444.836 278.7 3.7
TL 1790356444.936 245.2 2.9
TL 1790356445.036 433.4 2.7
TL 1790356445.136 409.9 2.8
TL 1790356445.236 99.7 1.9
TL 1790356445.336 240.3 2.2
TL 1790356445.437 300.1 3.6
TL 1790356445.538 394.9 2.9
TL 1790356445.638 474.7 3.1
TL 1790356445.739 279.6 3.0
TL 1790356445.839 276.8 3.5
TL 1790356445.939 551.3 2.7
TL 1790356446.039 521.2 3.1
TL 1790356446.139 292.9 3.8
TL 1790356446.240 408.9 2.8
TL 1790356446.340 343.4 3.2
TL 1790356446.440 250.5 1.9
TL 1790356446.540 343.7 5.2
TL 1790356446.641 947.2 3.6
TL 1790356446.740 221.4 3.4
TL 1790356446.841 533.9 3.6
TL 1790356446.941 401.1 3.7
TL 1790356447.041 322.0 3.3
TL 1790356447.141 271.7 4.2
TL 1790356447.241 388.6 2.8
TL 1790356447.342 323.0 3.5
TL 1790356447.442 562.4 3.6
TL 1790356447.542 294.6 4.2
TL 1790356447.642 302.7 4.3
TL 1790356447.743 404.9 2.3
TL 1790356447.843 253.1 3.8
TL 1790356447.943 516.5 2.8
TL 1790356448.044 416.9 2.7
TL 1790356448.143 191.4 2.4
TL 1790356448.244 325.2 2.8
TL 1790356448.345 316.3 3.4
TL 1790356448.445 270.7 3.6
TL 1790356448.545 259.4 2.8
TL 1790356448.646 743.5 4.2
TL 1790356448.746 553.9 3.4
TL 1790356448.846 376.8 4.0
TL 1790356448.946 465.5 3.0
TL 1790356449.046 231.2 3.1
TL 1790356449.147 476.9 2.6
TL 1790356449.247 309.9 2.8
TL 1790356449.347 974.6 3.6
TL 1790356449.447 594.8 2.0
TL 1790356449.547 560.0 4.2
TL 1790356449.648 556.4 4.0
TL 1790356449.748 618.9 3.1
TL 1790356449.848 458.0 2.8
TL 1790356449.948 210.9 2.2
TL 1790356450.049 253.2 3.4
TL 1790356450.150 756.5 2.8
TL 1790356450.250 317.8 2.7
TL 1790356450.350 407.2 4.1
TL 1790356450.450 398.5 2.6
TL 1790356450.551 422.3 2.2
TL 1790356450.651 276.4 4.2
TL 1790356450.751 414.6 3.9
TL 1790356450.851 333.5 3.5
TL 1790356450.951 559.9 3.5
TL 1790356451.051 352.3 2.5
TL 1790356451.152 338.4 2.7
TL 1790356451.252 310.2 3.2
TL 1790356451.352 267.5 2.9
TL 1790356451.453 245.6 2.8
TL 1790356451.553 720.8 2.6
TL 1790356451.654 612.0 2.8
TL 1790356451.754 407.0 3.4
TL 1790356451.854 284.6 2.8
TL 1790356451.954 344.3 162.6
TL 1790356452.054 335.1 2.2
TL 1790356452.155 461.8 2.6
TL 1790356452.255 374.9 3.2
TL 1790356452.356 804.9 7.9
TL 1790356452.455 142.9 1.7
TL 1790356452.556 295.3 4.3
TL 1790356452.656 232.7 2.0
TL 1790356452.757 193.9 3.1
TL 1790356452.857 302.6 3.7
TL 1790356452.957 377.6 3.3
TL 1790356453.057 366.8 2.6
TL 1790356453.157 263.9 2.4
TL 1790356453.258 310.6 2.7
TL 1790356453.358 360.7 2.6
TL 1790356453.458 278.0 3.7
TL 1790356453.559 274.8 3.8
TL 1790356453.659 352.6 3.0
TL 1790356453.759 292.7 3.0
TL 1790356453.860 643.3 1.7
TL 1790356453.960 384.6 2.4
TL 1790356454.060 307.8 2.0
TL 1790356454.160 652.5 2.7
TL 1790356454.260 350.4 3.9
TL 1790356454.360 455.6 2.5
TL 1790356454.460 246.6 4.0
TL 1790356454.560 272.3 3.6
TL 1790356454.661 264.2 3.3
TL 1790356454.761 317.9 2.9
TL 1790356454.861 490.4 2.6
TL 1790356454.962 1351.2 2.8
TL 1790356455.062 546.3 2.9
TL 1790356455.162 304.0 5.1
TL 1790356455.263 423.5 2.3
TL 1790356455.363 955.1 9.7
TL 1790356455.463 324.0 2.2
TL 1790356455.563 493.3 2.6
TL 1790356455.663 283.0 5.2
TL 1790356455.764 319.7 2.8
TL 1790356455.864 375.1 3.7
TL 1790356455.965 355.3 2.3
TL 1790356456.065 362.0 2.9
TL 1790356456.165 314.2 7.6
TL 1790356456.266 294.0 3.1
TL 1790356456.366 525.4 2.8
TL 1790356456.466 121.5 1.8
TL 1790356456.566 576.6 2.7
TL 1790356456.667 684.3 3.7
TL 1790356456.766 208.6 1.8
TL 1790356456.867 405.9 3.2
TL 1790356456.967 333.3 2.8
TL 1790356457.067 389.4 1.9
TL 1790356457.167 451.3 3.0
TL 1790356457.267 436.4 2.5
TL 1790356457.367 277.4 3.1
TL 1790356457.468 286.8 3.1
TL 1790356457.568 482.3 3.0
TL 1790356457.668 570.5 2.8
TL 1790356457.768 243.9 2.2
TL 1790356457.869 1040.9 3.0
TL 1790356457.969 781.9 26.4
TL 1790356458.069 429.7 2.7
TL 1790356458.169 304.7 2.7
TL 1790356458.269 448.1 2.6
TL 1790356458.369 309.2 2.6
TL 1790356458.470 333.5 2.4
TL 1790356458.570 164.1 1.7
TL 1790356458.670 490.8 2.9
TL 1790356458.771 256.0 2.9
TL 1790356458.872 261.6 3.2
TL 1790356458.972 466.4 2.5
TL 1790356459.072 325.8 3.2
TL 1790356459.173 774.9 3.0
TL 1790356459.273 269.7 3.3
TL 1790356459.374 472.1 3.2
TL 1790356459.474 320.7 3.0
TL 1790356459.574 502.2 3.3
TL 1790356459.674 309.4 3.9
TL 1790356459.775 264.0 3.0
TL 1790356459.875 496.6 3.3
TL 1790356459.975 246.8 2.4
TL 1790356460.075 381.5 2.8
TL 1790356460.175 382.9 2.8
TL 1790356460.276 467.6 1.8
TL 1790356460.376 316.8 1.7
TL 1790356460.476 623.3 3.1
TL 1790356460.576 269.3 3.9
TL 1790356460.677 355.9 2.9
TL 1790356460.777 269.7 2.7
TL 1790356460.877 278.7 3.4
TL 1790356460.977 257.4 3.4
TL 1790356461.078 973.7 2.8
TL 1790356461.178 709.6 3.6
TL 1790356461.278 272.8 3.9
TL 1790356461.378 266.8 3.1
TL 1790356461.478 233.4 1.6
TL 1790356461.578 266.7 3.2
TL 1790356461.679 332.1 2.7
TL 1790356461.779 736.5 3.2
TL 1790356461.879 296.7 2.3
TL 1790356461.979 244.9 3.0
TL 1790356462.079 499.9 2.7
TL 1790356462.180 415.8 3.6
TL 1790356462.281 874.1 3.0
TL 1790356462.381 331.3 2.7
TL 1790356462.481 277.4 3.9
TL 1790356462.581 267.8 3.6
TL 1790356462.681 237.7 2.9
TL 1790356462.782 709.6 3.0
TL 1790356462.882 271.8 2.2
TL 1790356462.982 291.6 2.4
TL 1790356463.082 660.9 2.9
TL 1790356463.183 373.6 2.4
TL 1790356463.283 316.9 5.7
TL 1790356463.384 871.1 3.1
TL 1790356463.483 343.4 4.2
TL 1790356463.584 385.7 2.3
TL 1790356463.684 326.2 1.7
TL 1790356463.784 749.2 3.3
TL 1790356463.884 392.1 2.2
TL 1790356463.984 379.6 1.7
TL 1790356464.084 373.5 2.4
TL 1790356464.185 483.5 3.5
TL 1790356464.285 255.1 3.5
TL 1790356464.385 506.9 2.4
TL 1790356464.485 226.5 1.6
TL 1790356464.585 277.4 4.1
TL 1790356464.685 367.2 2.3
TL 1790356464.786 646.1 3.7
TL 1790356464.887 766.2 2.7
TL 1790356464.987 357.9 2.2
TL 1790356465.087 299.7 2.4
TL 1790356465.188 517.8 3.1
TL 1790356465.289 340.4 2.9
TL 1790356465.389 471.2 2.3
TL 1790356465.489 559.5 3.2
TL 1790356465.590 677.6 2.4
TL 1790356465.690 520.7 2.1
TL 1790356465.790 461.8 2.8
TL 1790356465.890 568.1 3.5
TL 1790356465.990 291.7 3.2
TL 1790356466.090 535.5 3.1
TL 1790356466.191 308.9 2.6
TL 1790356466.291 312.5 3.2
TL 1790356466.391 286.5 3.8
TL 1790356466.491 279.1 33.2
TL 1790356466.592 312.9 3.5
TL 1790356466.692 331.4 3.6
TL 1790356466.792 296.9 4.0
TL 1790356466.893 849.4 2.6
TL 1790356466.992 440.6 3.3
TL 1790356467.093 383.8 2.8
TL 1790356467.193 552.1 3.2
TL 1790356467.293 350.5 2.9
TL 1790356467.394 1171.4 3.5
TL 1790356467.493 243.4 1.5
TL 1790356467.594 239.2 2.9
TL 1790356467.694 338.9 4.0
TL 1790356467.794 447.9 4.1
TL 1790356467.895 539.1 3.6
TL 1790356467.995 428.8 2.6
TL 1790356468.095 840.2 3.3
TL 1790356468.195 278.0 2.9
TL 1790356468.295 349.7 3.5
TL 1790356468.396 250.5 2.2
TL 1790356468.496 758.0 3.4
TL 1790356468.596 386.3 3.7
TL 1790356468.696 201.7 2.6
TL 1790356468.797 595.9 2.8
TL 1790356468.897 254.1 2.8
TL 1790356468.997 393.4 2.7
TL 1790356469.097 614.4 2.9
TL 1790356469.197 556.8 4.2
TL 1790356469.298 469.3 3.6
TL 1790356469.398 284.5 3.0
TL 1790356469.498 311.4 3.7
TL 1790356469.598 452.7 3.6
TL 1790356469.698 501.8 3.7
TL 1790356469.799 401.6 2.4
TL 1790356469.899 349.6 3.7
TL 1790356469.999 313.5 4.0
TL 1790356470.099 426.3 2.7
TL 1790356470.200 458.3 3.4
TL 1790356470.300 303.3 3.3
TL 1790356470.400 671.2 4.7
TL 1790356470.501 705.9 2.2
TL 1790356470.601 267.7 3.2
TL 1790356470.701 258.3 3.2
TL 1790356470.801 466.6 4.0
TL 1790356470.902 375.1 2.9
TL 1790356471.004 2700.8 3.2
TL 1790356471.102 353.4 2.4
TL 1790356471.202 398.2 2.8
TL 1790356471.302 265.1 3.5
TL 1790356471.403 427.6 2.9
TL 1790356471.503 225.0 3.4
TL 1790356471.604 558.8 3.1
TL 1790356471.704 313.7 3.2
TL 1790356471.805 500.2 3.0
TL 1790356471.905 512.6 3.3
TL 1790356472.005 304.1 2.8
TL 1790356472.105 210.3 3.2
TL 1790356472.205 297.3 2.9
TL 1790356472.305 466.4 3.3
TL 1790356472.406 614.8 3.4
TL 1790356472.506 308.5 2.8
TL 1790356472.606 387.2 3.0
TL 1790356472.706 355.9 3.7
TL 1790356472.806 343.2 3.9
TL 1790356472.906 306.2 3.5
TL 1790356473.007 415.4 2.9
TL 1790356473.107 297.3 3.5
TL 1790356473.207 296.7 3.9
TL 1790356473.307 528.5 3.3
TL 1790356473.407 286.7 3.0
TL 1790356473.508 344.4 2.5
TL 1790356473.608 445.5 2.7
TL 1790356473.708 489.4 2.7
TL 1790356473.808 282.1 3.7
TL 1790356473.912 280.5 3.1
TL 1790356474.012 187.2 2.6
TL 1790356474.112 242.4 2.9
TL 1790356474.213 439.6 2.7
TL 1790356474.313 223.1 2.9
TL 1790356474.414 650.1 2.9
TL 1790356474.514 677.3 2.1
TL 1790356474.614 403.7 3.1
TL 1790356474.714 308.7 3.6
TL 1790356474.814 212.7 4.0
TL 1790356474.914 424.4 3.0
TL 1790356475.014 314.8 3.1
TL 1790356475.115 277.8 3.1
TL 1790356475.215 326.8 3.2
TL 1790356475.316 523.9 1.8
TL 1790356475.416 452.5 3.3
TL 1790356475.517 752.0 3.1
TL 1790356475.616 225.7 3.2
TL 1790356475.717 696.0 3.1
TL 1790356475.817 256.9 3.5
TL 1790356475.917 400.5 2.9
TL 1790356476.017 455.9 2.7
TL 1790356476.118 773.2 2.7
TL 1790356476.218 302.2 3.2
TL 1790356476.318 292.2 3.7
TL 1790356476.418 276.5 2.7
TL 1790356476.518 235.3 1.1
TL 1790356476.618 379.0 4.1
TL 1790356476.719 401.6 2.4
TL 1790356476.819 311.8 3.2
TL 1790356476.919 248.5 2.2
TL 1790356477.019 383.0 2.7
TL 1790356477.119 448.5 3.1
TL 1790356477.219 222.0 3.6
TL 1790356477.320 924.2 2.8
TL 1790356477.420 358.5 2.7
TL 1790356477.520 439.5 2.4
TL 1790356477.621 179.8 2.0
TL 1790356477.721 255.3 3.5
TL 1790356477.822 641.4 3.0
TL 1790356477.922 610.2 3.5
TL 1790356478.022 344.4 2.7
TL 1790356478.122 374.9 2.5
TL 1790356478.222 272.6 3.1
TL 1790356478.322 261.7 3.1
TL 1790356478.423 425.6 3.1
TL 1790356478.523 392.0 1.9
TL 1790356478.623 418.3 3.1
TL 1790356478.723 317.6 2.3
TL 1790356478.823 206.9 3.6
TL 1790356478.923 319.1 2.6
TL 1790356479.023 273.4 3.6
TL 1790356479.124 265.9 3.0
TL 1790356479.224 475.3 4.3
TL 1790356479.324 288.1 4.5
TL 1790356479.425 298.1 2.5
TL 1790356479.525 284.5 2.8
TL 1790356479.625 453.2 3.1
TL 1790356479.725 329.4 3.4
TL 1790356479.825 316.1 3.4
TL 1790356479.926 317.9 2.9
TL 1790356480.026 343.4 2.1
TL 1790356480.126 264.8 3.0
TL 1790356480.226 279.5 3.0
TL 1790356480.327 292.9 3.8
TL 1790356480.427 538.7 3.4
TL 1790356480.527 573.9 2.3
TL 1790356480.627 426.6 2.7
TL 1790356480.728 455.3 2.8
TL 1790356480.828 304.6 3.7
TL 1790356480.928 261.9 3.4
TL 1790356481.029 433.0 3.3
TL 1790356481.129 657.0 3.0
TL 1790356481.229 567.7 2.6
TL 1790356481.329 428.1 2.7
TL 1790356481.430 389.2 2.3
TL 1790356481.530 371.2 2.3
TL 1790356481.631 436.5 3.4
TL 1790356481.731 276.6 3.1
TL 1790356481.832 742.2 3.1
TL 1790356481.932 311.3 2.3
TL 1790356482.033 757.7 3.4
TL 1790356482.132 301.6 3.6
TL 1790356482.233 452.7 3.5
TL 1790356482.333 365.1 3.5
TL 1790356482.433 475.5 3.3
TL 1790356482.534 755.3 2.7
TL 1790356482.633 214.6 2.8
TL 1790356482.733 381.7 3.0
TL 1790356482.833 235.2 3.2
TL 1790356482.934 340.8 2.3
TL 1790356483.034 242.6 2.8
TL 1790356483.134 247.9 3.4
TL 1790356483.235 1092.6 2.7
TL 1790356483.335 278.3 3.0
TL 1790356483.436 550.0 22.3
TL 1790356483.535 234.0 2.3
TL 1790356483.636 305.3 3.1
TL 1790356483.736 292.1 3.3
TL 1790356483.837 311.6 2.8
TL 1790356483.938 568.6 3.0
TL 1790356484.038 331.7 2.3
TL 1790356484.138 268.3 3.0
TL 1790356484.239 414.1 2.8
TL 1790356484.340 1350.8 2.5
TL 1790356484.439 234.2 3.2
TL 1790356484.539 243.2 2.3
TL 1790356484.639 270.3 3.2
TL 1790356484.740 342.3 2.6
TL 1790356484.840 323.0 3.0
TL 1790356484.940 329.8 3.0
TL 1790356485.041 526.8 3.2
TL 1790356485.140 113.5 2.1
TL 1790356485.242 1331.9 3.2
TL 1790356485.341 387.4 4.0
TL 1790356485.442 281.7 3.6
TL 1790356485.542 216.8 1.7
TL 1790356485.643 735.3 4.2
TL 1790356485.742 308.7 4.7
TL 1790356485.843 244.8 2.8
TL 1790356485.943 331.5 2.3
TL 1790356486.043 406.8 1.9
TL 1790356486.144 397.8 3.5
TL 1790356486.244 430.3 2.4
TL 1790356486.344 585.6 3.0
TL 1790356486.444 518.1 2.4
TL 1790356486.544 408.9 2.5
TL 1790356486.644 433.4 1.8
TL 1790356486.745 424.0 3.0
TL 1790356486.845 247.6 2.8
TL 1790356486.945 433.1 2.7
TL 1790356487.045 166.9 2.4
TL 1790356487.146 547.4 3.8
TL 1790356487.245 265.2 2.9
TL 1790356487.346 292.2 3.0
TL 1790356487.446 469.9 3.3
TL 1790356487.546 203.2 1.7
TL 1790356487.647 248.0 2.6
TL 1790356487.747 275.8 3.2
TL 1790356487.847 355.2 3.2
TL 1790356487.947 260.2 3.5
TL 1790356488.048 374.9 17.7
TL 1790356488.148 383.8 2.8
TL 1790356488.248 522.1 4.1
TL 1790356488.348 394.6 3.0
TL 1790356488.448 395.5 2.6
TL 1790356488.548 273.5 2.1
TL 1790356488.649 470.5 3.2
TL 1790356488.750 481.7 3.1
TL 1790356488.850 286.1 3.5
TL 1790356488.950 80.8 1.3
TL 1790356489.051 519.7 2.8
TL 1790356489.151 383.2 3.8
TL 1790356489.251 420.5 2.9
TL 1790356489.352 253.2 3.6
TL 1790356489.452 384.8 4.6
TL 1790356489.552 135.9 1.1
TL 1790356489.653 1261.9 3.9
TL 1790356489.753 371.4 3.7
TL 1790356489.853 482.2 2.6
TL 1790356489.953 631.8 2.8
TL 1790356490.053 260.5 3.0
TL 1790356490.153 430.5 2.9
TL 1790356490.253 273.0 3.6
TL 1790356490.354 475.3 2.4
TL 1790356490.455 325.7 2.8
TL 1790356490.555 178.8 1.4
TL 1790356490.656 245.3 2.7
TL 1790356490.756 246.9 2.7
TL 1790356490.856 618.7 3.1
TL 1790356490.956 385.3 2.6
TL 1790356491.057 628.2 3.5
TL 1790356491.157 275.9 2.3
TL 1790356491.257 291.7 1.8
TL 1790356491.360 2911.4 226.1
TL 1790356491.458 408.5 7.8
TL 1790356491.558 125.3 1.2
TL 1790356491.659 349.6 3.3
TL 1790356491.760 319.1 4.0
TL 1790356491.860 272.2 4.2
TL 1790356491.961 274.8 2.4
TL 1790356492.061 473.2 2.9
TL 1790356492.161 275.2 3.3
TL 1790356492.261 203.7 3.0
TL 1790356492.363 1639.5 3.5
TL 1790356492.462 285.5 3.3
TL 1790356492.562 113.9 0.8
TL 1790356492.662 190.5 2.2
TL 1790356492.763 595.1 2.6
TL 1790356492.863 310.4 2.2
TL 1790356492.963 150.2 1.6
TL 1790356493.063 362.6 2.4
TL 1790356493.164 417.2 1.4
TL 1790356493.264 147.3 2.1
TL 1790356493.365 1161.2 1.9
TL 1790356493.465 280.0 3.0
TL 1790356493.566 373.6 1.9
TL 1790356493.666 327.5 2.9
TL 1790356493.766 308.3 2.4
TL 1790356493.866 258.1 3.1
TL 1790356493.966 244.6 2.6
TL 1790356494.067 441.1 2.6
TL 1790356494.167 287.8 2.9
TL 1790356494.267 329.6 2.0
TL 1790356494.367 290.6 2.3
TL 1790356494.467 229.0 3.1
TL 1790356494.568 804.5 1.4
TL 1790356494.667 126.9 1.7
TL 1790356494.768 298.8 2.4
TL 1790356494.868 125.4 1.8
TL 1790356494.968 219.6 3.7
TL 1790356495.069 1106.3 1.9
TL 1790356495.169 1001.4 3.3
TL 1790356495.268 411.7 1.9
TL 1790356495.370 2025.1 1.6
TL 1790356495.475 6521.5 2.9
TL 1790356495.568 139.6 2.7
TL 1790356495.669 513.8 2.2
TL 1790356495.770 1130.5 1.5
TL 1790356495.869 288.7 2.5
TL 1790356495.969 128.0 1.5
TL 1790356496.069 349.1 1.6
TL 1790356496.170 644.4 1.7
TL 1790356496.269 160.9 2.2
TL 1790356496.370 491.5 2.8
TL 1790356496.472 2746.3 1.6
TL 1790356496.570 91.6 1.5
TL 1790356496.671 1727.1 1.9
TL 1790356496.770 159.3 1.6
TL 1790356496.871 1412.1 1.7
TL 1790356496.970 283.8 1.7
TL 1790356497.071 1013.1 1.5
TL 1790356497.170 120.6 1.5
TL 1790356497.271 323.7 2.3
TL 1790356497.371 64.0 3.4
TL 1790356497.472 1199.7 1.7
TL 1790356497.572 1374.1 2.2
TL 1790356497.671 119.9 2.9
TL 1790356497.773 1912.1 3.3
TL 1790356497.872 821.4 1.7
TL 1790356497.972 261.3 3.1
TL 1790356498.072 276.8 2.3
TL 1790356498.172 393.3 2.3
TL 1790356498.272 197.3 1.5
TL 1790356498.372 103.4 1.6
TL 1790356498.472 272.7 1.3
TL 1790356498.572 93.6 1.6
TL 1790356498.676 3094.9 1.3
TL 1790356498.773 195.7 1.2
TL 1790356498.873 508.5 2.7
TL 1790356498.973 89.8 1.8
TL 1790356499.073 154.3 1.3
TL 1790356499.174 274.2 2.4
TL 1790356499.275 1845.4 1.7
TL 1790356499.374 119.3 2.4
TL 1790356499.474 128.9 1.9
TL 1790356499.574 229.5 1.6
TL 1790356499.674 90.7 1.5
TL 1790356499.775 227.9 1.5
TL 1790356499.875 296.5 1.7
TL 1790356499.975 90.9 2.2
TL 1790356500.075 145.2 1.3
TL 1790356500.175 79.9 1.4
TL 1790356500.275 324.1 2.8
TL 1790356500.375 155.2 1.5
TL 1790356500.475 112.1 2.9
TL 1790356500.576 454.9 1.8
TL 1790356500.677 2014.0 1.5
TL 1790356500.777 1397.2 1.9
TL 1790356500.878 2443.1 1.4
TL 1790356500.978 2006.1 2.1
TL 1790356501.088 12064.2 2.8
TL 1790356501.178 2327.2 2.0
TL 1790356501.278 2268.4 1.7
TL 1790356501.377 571.2 2.1
TL 1790356501.476 210.2 2.6
TL 1790356501.578 1285.3 2.2
TL 1790356501.677 333.1 2.0
TL 1790356501.778 1281.1 2.2
TL 1790356501.877 437.9 1.8
TL 1790356501.978 1148.4 1.9
TL 1790356502.078 243.0 1.0
TL 1790356502.228 50660.4 2.8
TL 1790356502.278 518.0 1.8
TL 1790356502.388 10375.3 2.2
TL 1790356502.488 9800.3 1.7
TL 1790356502.579 655.1 2.0
TL 1790356502.756 77742.4 2.4
TL 1790356502.786 8082.4 2.2
TL 1790356502.998 119367.2 2.0
TL 1790356503.053 55136.1 2.7
TL 1790356503.098 303.0 2.4
TL 1790356503.198 85.6 1.7
TL 1790356503.317 19278.9 2.3
TL 1790356503.531 133055.9 2.1
TL 1790356503.531 137.1 0.5
TL 1790356503.632 94.7 2.5
TL 1790356503.796 64734.3 3.0
TL 1790356503.847 15265.2 2.9
TL 1790356503.932 301.5 3.0
TL 1790356504.034 1761.2 2.1
TL 1790356504.133 588.1 2.1
TL 1790356504.234 1801.6 1.0
TL 1790356504.373 40327.8 1.7
TL 1790356504.437 4092.6 3.4
TL 1790356504.545 12779.5 2.4
TL 1790356504.955 322475.6 2.3
TL 1790356504.955 95.4 0.6
TL 1790356505.088 32346.3 2.6
TL 1790356505.269 113677.3 3.7
TL 1790356505.270 474.6 1.1
TL 1790356505.429 59076.9 3.0
TL 1790356505.480 9996.8 1.6
TL 1790356505.574 4511.8 2.4
TL 1790356505.685 14670.8 3.2
TL 1790356505.962 191558.7 2.1
TL 1790356505.963 1700.1 1.3
TL 1790356506.142 79945.7 2.6
TL 1790356506.167 5490.7 1.8
TL 1790356506.281 18501.0 2.1
TL 1790356506.362 125.9 0.5
TL 1790356506.462 158.2 2.8
TL 1790356506.564 2081.1 1.7
TL 1790356506.663 152.1 1.5
TL 1790356507.031 268653.5 3.2
TL 1790356507.155 123629.2 4.2
TL 1790356507.155 263.5 1.0
TL 1790356507.267 11601.5 1.8
TL 1790356507.356 421.7 2.2
TL 1790356507.464 8147.0 1.8
TL 1790356507.556 170.3 3.1
TL 1790356507.658 2487.9 1.6
TL 1790356507.756 197.5 1.7
TL 1790356507.994 137938.2 132.8
TL 1790356507.998 4234.8 2.1
TL 1790356508.094 123.4 1.4
TL 1790356508.195 880.8 1.9
TL 1790356508.428 133148.4 2.1
TL 1790356508.429 1082.5 0.8
TL 1790356508.542 13966.9 3.2
TL 1790356508.628 140.1 1.6
TL 1790356508.728 244.0 1.4
TL 1790356508.830 1675.5 1.5
TL 1790356508.934 6204.7 1.8
TL 1790356509.172 144046.7 1.9
TL 1790356509.173 789.2 0.8
TL 1790356509.908 635710.4 2.2
TL 1790356509.908 71.0 1.0
TL 1790356510.031 22836.7 1.8
TL 1790356510.109 464.9 1.5
TL 1790356510.973 764056.6 1.7
TL 1790356510.975 2771.7 1.6
TL 1790356511.095 22007.0 1.1
TL 1790356511.192 18804.7 1.7
TL 1790356511.281 7723.7 1.9
TL 1790356511.890 516531.5 2.9
TL 1790356511.890 418.8 1.1
TL 1790356512.084 93756.1 1.4
TL 1790356512.174 83811.3 3.0
TL 1790356512.191 376.1 1.3
TL 1790356512.365 74445.0 2.7
TL 1790356512.485 94809.9 2.0
TL 1790356512.494 2994.6 1.6
TL 1790356512.817 226385.5 2.7
TL 1790356512.817 82.4 0.8
TL 1790356513.131 213621.7 1.0
TL 1790356513.191 59763.3 2.2
TL 1790356513.670 437314.3 2.6
TL 1790356513.680 9673.3 1.1
TL 1790356513.777 7461.2 1.8
TL 1790356513.874 3752.2 1.1
TL 1790356513.973 2208.9 1.6
TL 1790356514.071 293.7 1.6
TL 1790356514.171 106.8 1.5
TL 1790356514.271 120.9 3.9
TL 1790356514.372 898.9 1.5
TL 1790356514.473 1184.6 1.5
TL 1790356514.573 660.8 1.4
TL 1790356514.680 7811.1 2.1
TL 1790356514.778 1966.8 2.1
TL 1790356514.876 329.5 1.6
TL 1790356514.976 60.4 1.5
TL 1790356515.077 135.1 1.6
TL 1790356515.177 230.2 1.5
TL 1790356515.277 299.9 1.4
TL 1790356515.377 93.2 1.6
TL 1790356515.477 100.2 17.5
TL 1790356515.577 104.6 1.6
TL 1790356515.677 227.9 1.6
TL 1790356515.778 248.1 1.9
TL 1790356515.878 141.0 3.5
TL 1790356515.978 288.4 1.9
TL 1790356516.078 210.6 1.5
TL 1790356516.178 213.5 1.9
TL 1790356516.278 195.5 3.5
TL 1790356516.379 575.7 4.0
TL 1790356516.479 140.3 2.6
TL 1790356516.579 348.9 3.6
TL 1790356516.679 228.3 2.6
TL 1790356516.779 391.0 3.1
TL 1790356516.879 384.8 3.4
TL 1790356516.980 509.6 2.8
TL 1790356517.080 431.7 2.8
TL 1790356517.180 624.5 4.0
TL 1790356517.280 314.5 3.1
TL 1790356517.380 408.3 3.0
TL 1790356517.481 428.2 3.7
TL 1790356517.581 563.9 3.4
TL 1790356517.681 642.2 6.0
TL 1790356517.781 612.4 3.7
TL 1790356517.881 193.2 4.1
TL 1790356517.982 388.3 4.0
TL 1790356518.082 491.1 3.6
TL 1790356518.182 189.2 1.7
TL 1790356518.282 458.2 4.0
TL 1790356518.382 323.1 2.6
TL 1790356518.483 383.6 2.3
TL 1790356518.583 145.9 1.6
TL 1790356518.683 478.1 3.3
TL 1790356518.783 281.6 3.8
TL 1790356518.883 230.4 3.0
TL 1790356518.984 750.7 2.6
TL 1790356519.084 239.1 2.3
TL 1790356519.184 334.8 3.1
TL 1790356519.284 213.2 1.8
TL 1790356519.384 401.8 3.3
TL 1790356519.485 658.9 3.3
TL 1790356519.585 528.1 3.9
TL 1790356519.685 413.0 5.2
TL 1790356519.786 1185.4 4.4
TL 1790356519.885 159.1 2.4
TL 1790356519.985 222.1 3.2
TL 1790356520.086 358.3 2.9
TL 1790356520.186 368.3 2.9
TL 1790356520.286 249.2 3.3
TL 1790356520.387 401.0 3.2
TL 1790356520.487 505.3 4.2
TL 1790356520.587 304.9 4.2
TL 1790356520.688 459.0 3.1
TL 1790356520.787 97.6 3.8
TL 1790356520.888 430.1 3.9
TL 1790356520.988 552.6 2.0
TL 1790356521.088 324.5 3.1
TL 1790356521.188 498.0 3.8
TL 1790356521.288 298.1 1.8
TL 1790356521.389 642.1 2.9
TL 1790356521.489 263.2 1.9
TL 1790356521.589 284.4 3.4
TL 1790356521.689 412.9 3.0
TL 1790356521.789 225.2 2.0
TL 1790356521.890 364.9 4.4
TL 1790356521.990 409.6 3.1
TL 1790356522.090 433.7 3.0
TL 1790356522.190 417.2 3.1
TL 1790356522.290 460.3 3.3
TL 1790356522.391 441.9 3.7
TL 1790356522.491 352.9 3.5
TL 1790356522.591 390.9 4.4
TL 1790356522.692 777.3 3.3
TL 1790356522.791 267.7 1.8
TL 1790356522.891 324.8 2.7
TL 1790356522.992 376.4 2.3
TL 1790356523.092 323.0 2.0
TL 1790356523.193 894.3 3.7
TL 1790356523.292 350.8 2.3
TL 1790356523.393 435.3 2.7
TL 1790356523.493 469.8 3.1
TL 1790356523.593 501.5 2.4
TL 1790356523.693 548.5 3.0
TL 1790356523.794 493.1 2.7
TL 1790356523.894 306.8 3.0
TL 1790356523.994 293.5 2.8
TL 1790356524.094 260.4 2.9
TL 1790356524.194 199.2 2.1
TL 1790356524.294 295.2 2.0
TL 1790356524.394 283.6 3.7
TL 1790356524.495 572.2 3.8
TL 1790356524.596 352.7 2.4
TL 1790356524.696 148.9 2.8
TL 1790356524.796 510.2 3.0
TL 1790356524.896 423.6 3.2
TL 1790356524.997 250.7 3.0
TL 1790356525.097 374.5 4.8
TL 1790356525.197 416.1 2.2
TL 1790356525.298 397.1 2.3
TL 1790356525.398 549.0 3.3
TL 1790356525.498 328.3 4.8
TL 1790356525.598 429.8 3.2
TL 1790356525.699 618.8 3.9
TL 1790356525.798 238.1 3.0
TL 1790356525.899 263.2 3.2
TL 1790356525.999 330.2 3.4
TL 1790356526.099 283.5 3.0
TL 1790356526.199 295.3 2.1
TL 1790356526.299 184.2 1.7
TL 1790356526.400 388.6 4.2
TL 1790356526.500 412.1 3.8
TL 1790356526.600 281.5 2.1
TL 1790356526.700 326.1 2.1
TL 1790356526.800 239.6 3.1
TL 1790356526.901 190.3 2.4
TL 1790356527.001 132.0 2.1
TL 1790356527.102 944.3 1.8
TL 1790356527.201 91.8 2.8
TL 1790356527.301 162.0 1.8
TL 1790356527.401 309.0 2.1
TL 1790356527.501 98.1 2.9
TL 1790356527.601 68.9 2.5
TL 1790356527.701 98.5 2.1
TL 1790356527.802 99.5 1.7
TL 1790356527.902 82.3 3.0
TL 1790356528.015 13061.3 3.1
TL 1790356528.102 438.0 2.5
TL 1790356528.236 34002.8 3.0
TL 1790356528.302 334.3 2.4
TL 1790356528.402 236.7 2.0
TL 1790356528.503 136.9 1.9
TL 1790356528.605 2280.1 1.3
TL 1790356528.703 417.9 2.0
TL 1790356528.804 504.4 2.1
TL 1790356528.903 186.0 2.0
TL 1790356529.004 253.4 2.1
TL 1790356529.104 147.6 2.1
TL 1790356529.204 362.9 2.3
TL 1790356529.304 350.6 1.6
TL 1790356529.404 154.5 2.0
TL 1790356529.504 382.3 1.8
TL 1790356529.606 1239.6 2.0
TL 1790356529.705 208.8 2.0
TL 1790356529.805 616.1 2.3
TL 1790356529.905 418.0 2.4
TL 1790356530.005 246.8 1.9
TL 1790356530.105 348.2 3.0
TL 1790356530.205 226.2 2.5
TL 1790356530.306 144.4 2.4
TL 1790356530.406 209.9 1.8
TL 1790356530.506 213.4 2.0
TL 1790356530.606 112.4 1.8
TL 1790356530.706 339.3 1.9
TL 1790356530.806 120.1 3.2
TL 1790356530.906 165.5 1.9
TL 1790356531.007 754.1 3.5
TL 1790356531.107 354.5 1.9
TL 1790356531.207 287.0 1.7
TL 1790356531.310 2579.0 1.5
TL 1790356531.585 177535.2 2.8
TL 1790356531.591 5780.9 1.6
TL 1790356531.688 3515.8 2.4
TL 1790356531.786 763.3 2.2
TL 1790356531.895 9597.7 2.0
TL 1790356531.986 430.1 3.3
TL 1790356532.091 5065.8 2.9
TL 1790356532.186 434.5 1.8
TL 1790356532.287 93.0 2.1
TL 1790356532.387 175.5 2.0
TL 1790356532.488 1315.7 2.5
TL 1790356532.588 211.4 1.9
TL 1790356532.688 110.2 2.7
TL 1790356532.788 257.1 3.4
TL 1790356532.889 613.3 2.3
TL 1790356532.989 516.3 1.9
TL 1790356533.090 2100.3 2.7
TL 1790356533.191 2748.9 2.6
TL 1790356533.292 3461.0 3.0
TL 1790356533.389 240.8 3.6
TL 1790356533.489 220.2 2.7
TL 1790356533.589 220.2 2.9
TL 1790356533.690 688.4 2.6
TL 1790356533.799 9764.6 2.9
TL 1790356533.909 19470.3 2.5
TL 1790356533.996 6614.8 2.8
TL 1790356534.117 26629.7 2.9
TL 1790356534.233 42551.8 2.1
TL 1790356534.307 16889.9 2.8
TL 1790356534.391 676.0 2.6
TL 1790356534.496 4490.3 3.9
TL 1790356534.598 6388.6 2.2
TL 1790356534.990 297834.6 2.0
TL 1790356534.991 1316.2 0.8
TL 1790356535.092 2003.9 1.9
TL 1790356535.206 16027.6 1.7
TL 1790356535.301 10146.9 1.9
TL 1790356535.416 25094.2 1.9
TL 1790356535.496 4911.4 1.9
TL 1790356535.592 1184.5 2.2
TL 1790356535.721 29564.4 2.2
TL 1790356535.805 13806.8 2.2
TL 1790356535.892 575.8 2.7
TL 1790356535.996 4513.0 2.3
TL 1790356536.092 127.2 2.3
TL 1790356536.192 125.4 2.2
TL 1790356536.293 297.0 1.7
TL 1790356536.393 498.7 2.7
TL 1790356536.493 109.7 2.0
TL 1790356536.593 89.0 2.6
TL 1790356536.699 5546.6 2.0
TL 1790356536.796 2692.0 3.9
TL 1790356536.895 1280.3 3.1
TL 1790356536.994 742.9 2.1
TL 1790356537.096 2376.6 1.8
TL 1790356537.195 1824.4 2.3
TL 1790356537.294 390.8 1.9
TL 1790356537.394 375.3 1.5
TL 1790356537.496 1551.2 2.4
TL 1790356537.594 242.4 1.5
TL 1790356537.695 234.4 1.5
TL 1790356537.797 2109.8 2.1
TL 1790356537.895 536.7 2.1
TL 1790356537.995 408.1 2.2
TL 1790356538.095 266.5 1.9
TL 1790356538.198 2568.5 1.7
TL 1790356538.296 363.9 1.9
TL 1790356538.400 3582.0 1.6
TL 1790356538.498 919.9 2.6
TL 1790356538.600 3201.3 1.7
TL 1790356538.699 2431.4 2.2
TL 1790356538.798 498.3 1.9
TL 1790356538.904 6358.9 1.9
TL 1790356539.057 59306.9 3.2
TL 1790356539.135 36644.9 2.6
TL 1790356539.318 120266.5 2.1
TL 1790356539.323 4597.5 1.9
TL 1790356539.431 12554.5 2.4
TL 1790356539.538 19596.3 1.7
TL 1790356539.621 2294.0 2.9
TL 1790356539.720 1190.3 2.2
TL 1790356539.820 1104.0 1.6
TL 1790356539.919 61.1 1.9
TL 1790356540.020 259.4 2.0
TL 1790356540.120 140.7 2.0
TL 1790356540.221 1563.8 1.7
TL 1790356540.320 92.5 2.0
TL 1790356540.420 186.4 1.8
TL 1790356540.520 89.3 0.8
TL 1790356540.620 306.8 1.6
TL 1790356540.720 265.7 1.6
TL 1790356540.822 2045.7 2.1
TL 1790356540.939 18381.6 2.8
TL 1790356541.030 9896.8 3.1
TL 1790356541.121 823.8 1.7
TL 1790356541.222 1210.8 2.9
TL 1790356541.323 2243.2 1.8
TL 1790356541.432 11171.7 2.6
TL 1790356541.523 2212.1 1.0
TL 1790356541.622 1172.4 2.1
TL 1790356541.730 9118.2 2.1
TL 1790356541.825 3239.9 2.9
TL 1790356541.924 2221.5 2.8
TL 1790356542.022 152.6 2.7
TL 1790356542.122 159.5 3.4
TL 1790356542.222 126.0 1.7
TL 1790356542.322 341.4 1.5
TL 1790356542.422 189.7 1.8
TL 1790356542.522 116.6 1.7
TL 1790356542.623 340.0 2.2
TL 1790356542.723 449.6 1.6
TL 1790356542.823 303.3 3.2
TL 1790356542.923 233.3 2.1
TL 1790356543.023 152.4 1.8
TL 1790356543.123 99.2 2.2
TL 1790356543.224 638.2 1.9
TL 1790356543.324 404.2 1.7
TL 1790356543.424 216.6 2.7
TL 1790356543.524 544.1 1.8
TL 1790356543.626 403.1 1.6
TL 1790356543.726 160.9 1.6
TL 1790356543.826 101.7 1.8
TL 1790356543.928 1747.6 1.9
TL 1790356544.026 203.3 1.6
TL 1790356544.126 146.8 1.9
TL 1790356544.230 3384.2 1.8
TL 1790356544.327 860.4 3.8
TL 1790356544.427 478.1 3.6
TL 1790356544.528 924.6 3.5
TL 1790356544.627 496.2 1.9
TL 1790356544.727 172.6 2.4
TL 1790356544.829 2152.4 2.8
TL 1790356544.929 1425.4 2.1
TL 1790356545.028 561.2 3.7
TL 1790356545.128 708.3 2.1
TL 1790356545.228 855.8 3.7
TL 1790356545.328 743.9 3.2
TL 1790356545.428 105.7 3.4
TL 1790356545.528 153.6 3.3
TL 1790356545.629 263.2 4.1
TL 1790356545.729 207.7 1.9
TL 1790356545.829 149.4 4.1
TL 1790356545.930 235.2 2.2
TL 1790356546.030 103.6 3.0
TL 1790356546.133 2987.2 2.2
TL 1790356546.230 189.4 2.2
TL 1790356546.333 2844.0 2.5
TL 1790356546.430 129.4 2.6
TL 1790356546.531 459.4 2.0
TL 1790356546.631 178.3 2.6
TL 1790356546.731 145.2 3.2
TL 1790356546.831 335.5 1.7
TL 1790356546.931 153.2 1.8
TL 1790356547.033 1515.2 2.0
TL 1790356547.133 1409.7 2.7
TL 1790356547.232 228.3 3.2
TL 1790356547.332 208.6 2.9
TL 1790356547.433 754.5 1.9
TL 1790356547.533 647.4 1.8
TL 1790356547.633 395.8 1.5
TL 1790356547.734 1047.0 2.2
TL 1790356547.833 414.3 2.0
TL 1790356547.933 416.1 3.7
TL 1790356548.033 179.3 1.9
TL 1790356548.134 401.4 1.9
TL 1790356548.233 123.6 2.3
TL 1790356548.334 942.2 1.7
TL 1790356548.434 105.9 2.8
TL 1790356548.534 151.3 3.3
TL 1790356548.635 107.8 2.0
TL 1790356548.735 144.3 2.9
TL 1790356548.836 388.4 2.4
TL 1790356548.936 622.8 3.6
TL 1790356549.036 105.5 3.0
TL 1790356549.136 407.3 3.8
TL 1790356549.236 154.7 2.6
TL 1790356549.338 188.8 3.7
TL 1790356549.438 252.1 2.4
TL 1790356549.539 503.2 1.7
TL 1790356549.639 237.3 1.4
TL 1790356549.739 202.3 2.0
TL 1790356549.839 785.3 2.2
TL 1790356549.939 166.9 2.0
TL 1790356550.039 197.1 2.3
TL 1790356550.140 485.9 2.2
TL 1790356550.240 392.6 2.1
TL 1790356550.339 187.1 1.9
TL 1790356550.440 150.9 2.2
TL 1790356550.540 106.4 2.1
TL 1790356550.640 236.0 0.7
TL 1790356550.740 478.4 1.9
TL 1790356550.840 374.0 1.7
TL 1790356550.940 198.4 1.6
TL 1790356551.041 334.8 2.2
TL 1790356551.140 170.1 2.3
TL 1790356551.241 800.1 1.9
TL 1790356551.341 88.8 2.1
TL 1790356551.441 343.4 2.3
TL 1790356551.541 632.2 2.4
TL 1790356551.641 88.5 1.8
TL 1790356551.742 1121.5 3.5
TL 1790356551.841 161.8 1.9
TL 1790356551.942 171.6 1.8
TL 1790356552.042 172.8 1.9
TL 1790356552.142 217.9 2.1
TL 1790356552.242 334.2 2.0
TL 1790356552.345 2778.0 2.2
TL 1790356552.443 251.8 1.9
TL 1790356552.543 132.8 2.0
TL 1790356552.643 235.2 2.2
TL 1790356552.743 141.1 2.6
TL 1790356552.843 133.7 2.0
TL 1790356552.943 148.6 1.8
TL 1790356553.043 244.4 2.0
TL 1790356553.144 203.1 2.2
TL 1790356553.244 254.3 1.9
TL 1790356553.344 204.7 2.4
TL 1790356553.445 254.5 1.8
TL 1790356553.545 381.8 3.3
TL 1790356553.645 180.9 3.3
TL 1790356553.745 402.9 3.5
TL 1790356553.846 507.0 3.4
TL 1790356553.947 1326.9 2.7
TL 1790356554.046 475.3 3.4
TL 1790356554.147 1008.4 3.3
TL 1790356554.247 331.8 1.8
TL 1790356554.347 624.1 3.5
TL 1790356554.447 343.0 1.8
TL 1790356554.551 4258.9 1.8
TL 1790356554.781 134041.0 2.8
TL 1790356554.782 391.4 2.3
TL 1790356554.890 8659.7 3.0
TL 1790356555.000 17911.6 3.2
TL 1790356555.083 1312.7 2.7
TL 1790356555.190 7840.7 3.6
TL 1790356555.283 121.1 2.9
TL 1790356555.383 373.7 2.1
TL 1790356555.483 409.6 3.3
TL 1790356555.583 480.3 3.3
TL 1790356555.684 352.9 3.4
TL 1790356555.784 374.7 2.9
TL 1790356555.884 521.6 2.0
TL 1790356555.984 464.1 2.8
TL 1790356556.084 488.7 2.6
TL 1790356556.184 282.3 3.2
TL 1790356556.287 2887.3 2.0
TL 1790356556.385 536.6 2.6
TL 1790356556.485 386.4 4.0
TL 1790356556.585 343.8 3.1
TL 1790356556.685 436.0 2.3
TL 1790356556.785 378.1 3.6
TL 1790356556.886 757.1 3.2
TL 1790356556.986 607.2 3.2
TL 1790356557.086 249.2 1.8
TL 1790356557.186 519.1 2.4
TL 1790356557.286 628.9 3.0
TL 1790356557.386 738.5 2.4
TL 1790356557.486 444.9 2.5
TL 1790356557.587 472.9 2.8
TL 1790356557.687 449.1 2.1
TL 1790356557.787 664.5 2.4
TL 1790356557.887 426.8 3.1
TL 1790356557.987 544.2 2.1
TL 1790356558.087 394.9 2.7
TL 1790356558.188 792.3 1.7
TL 1790356558.288 502.4 3.4
TL 1790356558.389 756.1 2.8
TL 1790356558.489 614.5 2.8
TL 1790356558.589 338.5 2.1
TL 1790356558.689 197.1 1.9
TL 1790356558.800 11518.2 1.8
TL 1790356558.889 270.9 2.9
TL 1790356558.989 594.5 3.0
TL 1790356559.089 161.4 1.1
TL 1790356559.189 250.4 1.9
TL 1790356559.290 322.7 1.9
TL 1790356559.389 133.7 1.7
TL 1790356559.490 133.5 1.9
TL 1790356559.590 241.2 2.3
TL 1790356559.690 210.9 1.7
TL 1790356559.790 601.1 1.8
TL 1790356559.890 165.2 1.8
TL 1790356559.992 1731.8 2.3
TL 1790356560.092 1440.6 1.5
TL 1790356560.195 4353.8 2.5
TL 1790356560.291 215.1 1.7
TL 1790356560.391 103.6 3.3
TL 1790356560.491 127.2 2.0
TL 1790356560.591 184.5 1.7
TL 1790356560.692 271.8 1.6
TL 1790356560.792 447.1 2.0
TL 1790356560.892 526.3 2.0
TL 1790356560.992 316.5 2.7
TL 1790356561.093 418.2 3.0
TL 1790356561.193 464.0 2.1
TL 1790356561.293 232.4 2.6
TL 1790356561.393 335.8 2.2
TL 1790356561.493 188.0 2.4
TL 1790356561.593 372.2 3.1
TL 1790356561.693 364.8 3.8
TL 1790356561.794 339.6 1.8
TL 1790356561.894 400.3 2.1
TL 1790356561.994 403.4 2.4
TL 1790356562.094 188.6 2.2
TL 1790356562.194 455.5 2.0
TL 1790356562.294 187.6 1.9
TL 1790356562.394 310.3 2.7
TL 1790356562.495 317.9 2.1
TL 1790356562.595 285.8 1.8
TL 1790356562.695 695.7 2.5
TL 1790356562.795 362.0 2.9
TL 1790356562.895 299.6 2.4
TL 1790356562.995 279.0 2.1
TL 1790356563.096 366.5 2.1
TL 1790356563.196 349.4 1.9
TL 1790356563.296 321.6 3.0
TL 1790356563.396 506.8 2.6
TL 1790356563.496 368.8 1.9
TL 1790356563.597 426.9 2.2
TL 1790356563.697 510.5 1.7
TL 1790356563.797 148.5 2.1
TL 1790356563.897 402.0 3.7
TL 1790356563.997 249.3 2.1
TL 1790356564.097 336.4 3.9
TL 1790356564.199 1230.5 2.3
TL 1790356564.298 287.4 2.1
TL 1790356564.398 196.6 2.3
TL 1790356564.498 266.4 2.1
TL 1790356564.599 624.2 2.8
TL 1790356564.700 1844.4 2.2
TL 1790356564.799 539.2 2.7
TL 1790356564.899 197.3 2.0
TL 1790356564.999 302.4 2.5
TL 1790356565.099 336.4 2.1
TL 1790356565.199 415.3 2.8
TL 1790356565.300 386.4 2.7
TL 1790356565.400 365.5 3.0
TL 1790356565.500 379.6 2.4
TL 1790356565.600 370.2 2.2
TL 1790356565.701 567.6 3.2
TL 1790356565.801 653.1 2.8
TL 1790356565.901 287.2 1.6
TL 1790356566.002 347.7 2.1
TL 1790356566.102 269.2 2.1
TL 1790356566.202 167.2 2.2
TL 1790356566.302 409.4 2.9
TL 1790356566.402 204.8 2.8
TL 1790356566.503 608.0 3.0
TL 1790356566.603 834.3 2.9
TL 1790356566.703 338.2 2.1
TL 1790356566.803 449.8 2.1
TL 1790356566.903 108.9 1.9
TL 1790356567.003 202.0 1.9
TL 1790356567.105 2280.1 2.7
TL 1790356567.203 180.2 3.2
TL 1790356567.304 291.8 2.3
TL 1790356567.404 470.6 2.0
TL 1790356567.504 434.0 3.8
TL 1790356567.605 528.3 3.6
TL 1790356567.705 292.2 1.9
TL 1790356567.805 505.6 1.9
TL 1790356567.905 324.8 18.6
TL 1790356568.005 338.2 2.2
TL 1790356568.106 349.2 2.0
TL 1790356568.206 274.6 2.5
TL 1790356568.307 220.9 2.8
TL 1790356568.407 280.0 2.2
TL 1790356568.507 312.1 2.1
TL 1790356568.607 163.0 2.1
TL 1790356568.707 242.8 1.9
TL 1790356568.808 334.8 2.7
TL 1790356568.908 261.8 2.8
TL 1790356569.008 334.9 2.4
TL 1790356569.108 357.6 3.2
TL 1790356569.209 773.2 3.2
TL 1790356569.308 468.0 2.4
TL 1790356569.408 275.0 1.9
TL 1790356569.510 408.3 2.8
TL 1790356569.610 265.4 2.7
TL 1790356569.711 512.1 2.6
TL 1790356569.811 337.3 2.5
TL 1790356569.911 250.5 2.6
TL 1790356570.011 375.1 2.1
TL 1790356570.111 266.6 3.6
TL 1790356570.212 383.2 2.1
TL 1790356570.312 221.2 2.4
TL 1790356570.414 373.7 2.2
TL 1790356570.514 326.1 2.2
TL 1790356570.614 244.2 1.4
TL 1790356570.714 132.0 3.4
TL 1790356570.815 405.3 3.3
TL 1790356570.915 335.8 2.9
TL 1790356571.015 293.1 1.9
TL 1790356571.115 303.3 2.4
TL 1790356571.215 398.2 3.5
TL 1790356571.315 226.1 2.4
TL 1790356571.416 708.1 4.1
TL 1790356571.516 310.5 2.8
TL 1790356571.616 422.1 2.6
TL 1790356571.716 349.9 2.8
TL 1790356571.817 400.9 2.7
TL 1790356571.918 1086.8 1.9
TL 1790356572.018 286.0 2.3
TL 1790356572.118 297.4 2.1
TL 1790356572.218 371.5 3.0
TL 1790356572.318 296.3 3.1
TL 1790356572.418 373.9 2.2
TL 1790356572.519 355.9 2.7
TL 1790356572.619 408.6 2.0
TL 1790356572.719 460.1 2.8
TL 1790356572.819 300.9 1.9
TL 1790356572.920 559.9 1.9
TL 1790356573.020 323.7 2.1
TL 1790356573.120 280.5 2.1
TL 1790356573.220 439.6 2.1
TL 1790356573.320 462.9 1.9
TL 1790356573.420 223.0 2.0
TL 1790356573.521 322.9 2.1
TL 1790356573.621 382.2 2.3
TL 1790356573.721 326.6 2.2
TL 1790356573.821 431.2 3.5
TL 1790356573.922 429.0 3.2
TL 1790356574.022 255.2 2.6
TL 1790356574.122 168.6 3.5
TL 1790356574.222 172.2 1.7
TL 1790356574.322 434.9 3.8
TL 1790356574.422 236.8 2.3
TL 1790356574.523 299.6 2.1
TL 1790356574.623 520.1 2.9
TL 1790356574.723 308.6 2.1
TL 1790356574.823 512.7 1.8
TL 1790356574.923 173.5 2.0
TL 1790356575.024 472.7 2.6
TL 1790356575.124 202.9 2.5
TL 1790356575.224 175.2 1.7
TL 1790356575.324 160.9 2.8
TL 1790356575.425 548.2 4.1
TL 1790356575.524 202.1 2.0
TL 1790356575.624 170.3 2.0
TL 1790356575.725 241.7 1.7
TL 1790356575.825 766.3 2.4
TL 1790356575.925 302.1 2.2
TL 1790356576.025 365.4 2.1
TL 1790356576.125 246.1 2.2
TL 1790356576.225 223.5 2.1
TL 1790356576.326 269.0 2.4
TL 1790356576.426 265.5 2.4
TL 1790356576.526 285.2 2.2
TL 1790356576.626 274.7 1.8
TL 1790356576.727 436.3 2.2
TL 1790356576.826 94.2 1.7
TL 1790356576.926 109.4 2.0
TL 1790356577.027 317.0 2.6
TL 1790356577.132 4967.7 2.9
TL 1790356577.227 123.0 63.3
TL 1790356577.327 85.2 2.8
TL 1790356577.428 750.4 2.8
TL 1790356577.528 402.3 2.5
TL 1790356577.629 1490.3 2.9
TL 1790356577.728 118.1 2.7
TL 1790356577.828 205.6 2.3
TL 1790356577.929 73.8 3.0
TL 1790356578.029 185.4 3.0
TL 1790356578.134 4860.2 2.4
TL 1790356578.229 121.1 3.1
TL 1790356578.329 225.9 2.7
TL 1790356578.429 142.3 2.9
TL 1790356578.529 129.5 2.9
TL 1790356578.630 174.0 2.3
TL 1790356578.730 335.1 2.7
TL 1790356578.830 319.2 2.6
TL 1790356578.931 414.7 3.0
TL 1790356579.031 178.3 2.3
TL 1790356579.131 160.5 2.9
TL 1790356579.231 150.4 2.9
TL 1790356579.331 84.8 2.4
TL 1790356579.431 76.7 2.8
TL 1790356579.531 171.8 2.5
TL 1790356579.632 96.1 2.4
TL 1790356579.732 159.5 3.9
TL 1790356579.832 121.3 19.3
TL 1790356579.932 208.5 2.7
TL 1790356580.032 185.8 3.0
TL 1790356580.133 283.3 2.4
TL 1790356580.233 110.6 2.0
TL 1790356580.333 131.5 2.3
TL 1790356580.434 731.0 2.4
TL 1790356580.533 155.7 2.5
TL 1790356580.633 198.2 2.6
TL 1790356580.734 933.4 1.9
TL 1790356580.834 221.6 2.6
TL 1790356580.934 130.2 2.5
TL 1790356581.034 111.5 2.8
TL 1790356581.134 195.3 4.0
TL 1790356581.236 2038.4 1.9
TL 1790356581.335 117.4 2.7
TL 1790356581.435 90.7 2.7
TL 1790356581.535 107.8 2.7
TL 1790356581.635 111.2 3.3
TL 1790356581.735 260.7 2.2
TL 1790356581.836 489.2 3.3
TL 1790356581.936 121.6 2.6
TL 1790356582.036 95.1 2.4
TL 1790356582.137 234.6 2.8
TL 1790356582.238 1698.6 2.0
TL 1790356582.337 306.4 2.3
TL 1790356582.439 1543.9 2.4
TL 1790356582.538 266.1 2.0
TL 1790356582.638 388.3 2.4
TL 1790356582.739 1316.1 2.2
TL 1790356582.838 356.6 2.2
TL 1790356582.938 329.6 2.2
TL 1790356583.038 461.8 2.6
TL 1790356583.139 382.3 2.7
TL 1790356583.239 210.2 1.8
TL 1790356583.339 308.2 2.8
TL 1790356583.439 219.6 1.9
TL 1790356583.540 411.7 2.7
TL 1790356583.640 446.5 98.5
TL 1790356583.741 618.7 2.1
TL 1790356583.840 263.8 2.0
TL 1790356583.941 404.9 3.2
TL 1790356584.041 350.6 3.0
TL 1790356584.141 250.9 2.7
TL 1790356584.241 307.3 1.6
TL 1790356584.341 406.8 2.2
TL 1790356584.442 250.7 2.2
TL 1790356584.542 362.7 2.1
TL 1790356584.642 322.4 2.6
TL 1790356584.742 301.8 2.0
TL 1790356584.842 205.1 2.3
TL 1790356584.943 444.1 1.9
TL 1790356585.043 303.0 3.7
TL 1790356585.143 593.0 2.0
TL 1790356585.243 350.7 2.0
TL 1790356585.343 295.9 2.3
TL 1790356585.443 340.4 2.7
TL 1790356585.543 342.2 2.2
TL 1790356585.644 526.0 2.0
TL 1790356585.744 372.6 2.3
TL 1790356585.844 315.3 1.9
TL 1790356585.944 222.9 2.0
TL 1790356586.044 280.6 2.6
TL 1790356586.145 244.6 1.9
TL 1790356586.245 372.7 2.8
TL 1790356586.345 291.8 1.9
TL 1790356586.445 207.3 2.0
TL 1790356586.545 253.8 2.3
TL 1790356586.645 213.6 3.4
TL 1790356586.745 173.3 2.0
TL 1790356586.846 244.1 2.1
TL 1790356586.946 203.2 2.1
TL 1790356587.046 236.8 2.3
TL 1790356587.146 225.1 2.4
TL 1790356587.246 175.7 2.1
TL 1790356587.346 459.0 2.2
TL 1790356587.447 548.9 4.2
TL 1790356587.547 214.0 2.1
TL 1790356587.647 287.1 1.9
TL 1790356587.747 329.3 2.0
TL 1790356587.847 341.6 2.6
TL 1790356587.948 724.9 2.0
TL 1790356588.047 201.1 1.8
TL 1790356588.148 344.3 2.2
TL 1790356588.248 284.5 1.7
TL 1790356588.348 296.8 1.9
TL 1790356588.448 255.2 2.1
TL 1790356588.548 434.9 2.2
TL 1790356588.648 279.1 1.9
TL 1790356588.749 319.1 2.2
TL 1790356588.849 210.2 2.1
TL 1790356588.949 328.2 2.4
TL 1790356589.049 284.3 1.8
TL 1790356589.149 362.7 2.1
TL 1790356589.249 363.6 2.4
TL 1790356589.350 330.3 2.7
TL 1790356589.450 259.9 1.9
TL 1790356589.550 230.6 2.4
TL 1790356589.650 500.3 40.2
TL 1790356589.750 325.6 2.1
TL 1790356589.850 257.3 2.0
TL 1790356589.951 917.7 2.0
TL 1790356590.056 321.7 2.3
TL 1790356590.156 234.6 2.2
TL 1790356590.256 384.3 2.3
TL 1790356590.356 286.5 2.4
TL 1790356590.456 420.3 2.0
TL 1790356590.556 241.8 1.8
TL 1790356590.657 168.1 2.5
TL 1790356590.757 372.1 2.2
TL 1790356590.857 472.8 2.2
TL 1790356590.957 370.3 2.4
TL 1790356591.058 527.0 2.0
TL 1790356591.157 298.2 2.4
TL 1790356591.258 602.1 3.0
TL 1790356591.358 370.2 2.1
TL 1790356591.458 139.5 1.7
TL 1790356591.558 300.7 1.8
TL 1790356591.658 272.7 2.0
TL 1790356591.758 326.3 2.5
TL 1790356591.858 236.4 1.9
TL 1790356591.959 633.5 2.7
TL 1790356592.061 2882.0 2.8
TL 1790356592.159 282.4 1.9
TL 1790356592.260 988.4 1.8
TL 1790356592.359 309.2 2.3
TL 1790356592.460 454.5 2.2
TL 1790356592.560 422.9 2.3
TL 1790356592.660 364.6 2.1
TL 1790356592.760 355.5 2.3
TL 1790356592.860 427.5 2.2
TL 1790356592.960 256.8 2.6
TL 1790356593.061 666.0 2.1
TL 1790356593.161 444.1 2.2
TL 1790356593.261 404.2 2.6
TL 1790356593.361 252.2 2.3
TL 1790356593.462 310.2 2.2
TL 1790356593.562 324.5 2.4
TL 1790356593.662 302.2 2.8
TL 1790356593.762 301.9 1.8
TL 1790356593.862 280.5 2.6
TL 1790356593.962 286.1 2.5
TL 1790356594.062 283.0 3.0
TL 1790356594.163 547.3 2.3
TL 1790356594.263 385.2 2.1
TL 1790356594.363 227.1 3.0
TL 1790356594.464 298.9 2.1
TL 1790356594.564 213.3 2.0
TL 1790356594.664 274.3 2.2
TL 1790356594.765 245.3 1.9
TL 1790356594.865 355.8 2.3
TL 1790356594.965 271.5 3.1
TL 1790356595.065 321.6 1.9
TL 1790356595.165 331.8 2.4
TL 1790356595.265 261.3 2.4
TL 1790356595.366 281.4 2.1
TL 1790356595.466 228.7 1.8
TL 1790356595.570 3442.8 2.2
TL 1790356595.667 247.8 2.4
TL 1790356595.767 288.7 1.6
TL 1790356595.867 412.3 2.7
TL 1790356595.967 313.2 1.7
TL 1790356596.069 490.9 2.3
TL 1790356596.169 235.6 2.0
TL 1790356596.269 322.8 2.7
TL 1790356596.369 293.7 2.6
TL 1790356596.469 252.9 2.4
TL 1790356596.570 446.5 2.2
TL 1790356596.670 284.7 2.6
TL 1790356596.770 383.4 2.5
TL 1790356596.871 329.0 3.1
TL 1790356596.971 342.3 3.0
TL 1790356597.071 275.9 2.2
TL 1790356597.171 393.1 2.1
TL 1790356597.271 233.6 2.4
TL 1790356597.371 398.3 1.9
TL 1790356597.472 431.3 2.3
TL 1790356597.572 372.9 2.7
TL 1790356597.672 292.1 2.0
TL 1790356597.772 343.3 2.3
TL 1790356597.872 465.9 2.9
TL 1790356597.973 510.0 2.0
TL 1790356598.073 948.2 2.8
TL 1790356598.173 292.6 2.3
TL 1790356598.273 436.5 2.2
TL 1790356598.374 763.1 2.7
TL 1790356598.474 861.6 2.4
TL 1790356598.574 577.4 2.0
TL 1790356598.674 639.4 3.2
TL 1790356598.774 406.4 2.0
TL 1790356598.874 223.2 2.4
TL 1790356598.974 279.3 2.4
TL 1790356599.075 297.1 2.2
TL 1790356599.175 213.5 2.2
TL 1790356599.275 509.1 2.1
TL 1790356599.376 864.9 2.1
TL 1790356599.475 255.8 2.6
TL 1790356599.575 285.2 2.1
TL 1790356599.676 345.4 1.8
TL 1790356599.776 342.2 16.9
TL 1790356599.876 462.3 3.5
TL 1790356599.976 521.9 3.0
TL 1790356600.076 430.5 2.7
TL 1790356600.178 138.2 2.4
TL 1790356600.279 306.4 2.4
TL 1790356600.379 339.5 2.2
TL 1790356600.479 547.7 2.6
TL 1790356600.579 380.2 1.7
TL 1790356600.680 341.4 2.2
TL 1790356600.780 478.8 2.7
TL 1790356600.880 482.0 2.6
TL 1790356600.980 291.1 1.8
TL 1790356601.080 127.0 2.3
TL 1790356601.181 429.7 3.2
TL 1790356601.281 191.9 1.7
TL 1790356601.381 312.9 2.7
TL 1790356601.482 420.6 2.0
TL 1790356601.582 357.1 2.3
TL 1790356601.682 365.2 2.3
TL 1790356601.782 568.1 2.3
TL 1790356601.882 278.6 2.9
TL 1790356601.983 881.4 2.2
TL 1790356602.082 355.3 2.1
TL 1790356602.183 637.6 2.4
TL 1790356602.283 440.2 3.2
TL 1790356602.383 626.5 2.2
TL 1790356602.483 261.7 1.9
TL 1790356602.583 389.9 2.3
TL 1790356602.683 344.5 4.0
TL 1790356602.784 535.2 2.8
TL 1790356602.884 696.8 2.1
TL 1790356602.984 432.2 2.3
TL 1790356603.085 278.1 2.2
TL 1790356603.185 186.7 2.0
TL 1790356603.285 298.4 2.2
TL 1790356603.385 306.0 2.5
TL 1790356603.486 588.5 2.1
TL 1790356603.586 358.5 2.8
TL 1790356603.686 272.0 1.9
TL 1790356603.786 326.6 2.5
TL 1790356603.886 305.6 2.0
TL 1790356603.987 484.9 2.3
TL 1790356604.087 294.2 2.0
TL 1790356604.187 508.8 2.1
TL 1790356604.287 432.8 2.0
TL 1790356604.388 559.5 2.2
TL 1790356604.488 416.0 2.8
TL 1790356604.588 608.8 2.3
TL 1790356604.688 489.7 2.3
TL 1790356604.789 745.9 3.2
TL 1790356604.889 439.5 2.1
TL 1790356604.988 278.7 2.1
TL 1790356605.089 363.6 2.2
TL 1790356605.189 517.3 2.2
TL 1790356605.289 507.2 2.1
TL 1790356605.390 565.7 2.2
TL 1790356605.489 284.2 3.2
TL 1790356605.590 643.1 2.3
TL 1790356605.690 414.8 2.2
TL 1790356605.790 469.4 2.2
TL 1790356605.890 538.7 2.6
TL 1790356605.990 407.9 2.0
TL 1790356606.090 423.2 2.5
TL 1790356606.191 528.9 1.9
TL 1790356606.291 431.2 1.9
TL 1790356606.391 332.7 2.9
TL 1790356606.491 305.6 2.6
TL 1790356606.591 498.9 3.2
TL 1790356606.691 401.5 2.4
TL 1790356606.792 559.5 2.3
TL 1790356606.892 389.4 2.5
TL 1790356606.992 561.8 2.9
TL 1790356607.093 370.5 2.2
TL 1790356607.193 386.3 2.7
TL 1790356607.293 302.1 2.0
TL 1790356607.393 455.3 2.1
TL 1790356607.494 658.5 2.1
TL 1790356607.593 432.1 2.2
TL 1790356607.694 386.9 2.6
TL 1790356607.794 459.9 3.3
TL 1790356607.894 366.5 2.1
TL 1790356607.994 495.0 2.0
TL 1790356608.094 264.4 2.0
TL 1790356608.194 262.7 2.3
TL 1790356608.295 635.4 2.6
TL 1790356608.395 310.6 2.1
TL 1790356608.495 635.1 2.7
TL 1790356608.595 634.3 2.2
TL 1790356608.695 280.8 2.7
TL 1790356608.796 651.0 1.9
TL 1790356608.896 381.6 3.0
TL 1790356608.996 433.4 2.3
TL 1790356609.096 781.9 3.1
TL 1790356609.197 779.1 2.7
TL 1790356609.297 853.5 2.4
TL 1790356609.397 358.9 3.0
TL 1790356609.497 384.0 2.0
TL 1790356609.597 788.2 2.0
TL 1790356609.697 540.6 2.8
TL 1790356609.797 202.3 2.0
TL 1790356609.898 423.3 2.3
TL 1790356609.998 297.2 2.4
TL 1790356610.098 403.9 2.8
TL 1790356610.198 403.9 2.0
TL 1790356610.298 537.7 2.3
TL 1790356610.399 1018.8 2.2
TL 1790356610.499 399.5 2.0
TL 1790356610.599 348.3 2.1
TL 1790356610.699 432.2 2.3
TL 1790356610.799 381.1 1.8
TL 1790356610.900 984.8 1.8
TL 1790356610.999 241.9 2.2
TL 1790356611.100 666.4 2.0
TL 1790356611.200 329.5 2.1
TL 1790356611.300 548.6 2.5
TL 1790356611.401 1139.1 1.8
TL 1790356611.500 540.1 2.5
TL 1790356611.601 692.7 2.4
TL 1790356611.701 565.9 2.4
TL 1790356611.801 353.1 2.1
TL 1790356611.901 380.7 2.7
TL 1790356612.001 440.3 1.8
TL 1790356612.101 371.6 2.1
TL 1790356612.202 470.1 2.4
TL 1790356612.302 647.2 2.1
TL 1790356612.402 465.2 2.1
TL 1790356612.502 318.7 2.0
TL 1790356612.602 177.0 1.8
TL 1790356612.703 560.8 2.1
TL 1790356612.803 583.6 3.1
TL 1790356612.903 456.5 2.5
TL 1790356613.003 383.1 2.4
TL 1790356613.103 499.0 2.2
TL 1790356613.203 472.5 2.9
TL 1790356613.304 556.8 2.9
TL 1790356613.404 409.6 2.3
TL 1790356613.504 273.2 3.0
TL 1790356613.604 585.3 1.9
TL 1790356613.704 375.5 2.2
TL 1790356613.805 235.6 2.3
TL 1790356613.905 425.7 2.3
TL 1790356614.005 374.7 1.8
TL 1790356614.105 497.6 2.1
TL 1790356614.206 395.7 2.7
TL 1790356614.306 1050.1 2.0
TL 1790356614.406 270.4 2.3
TL 1790356614.507 704.3 2.2
TL 1790356614.607 362.3 2.4
TL 1790356614.707 476.5 2.1
TL 1790356614.807 268.0 2.8
TL 1790356614.907 298.7 2.1
TL 1790356615.007 392.2 2.1
TL 1790356615.108 377.0 2.4
TL 1790356615.208 362.3 2.3
TL 1790356615.308 643.9 1.9
TL 1790356615.408 410.2 2.9
TL 1790356615.508 218.5 2.3
TL 1790356615.608 393.0 1.7
TL 1790356615.709 384.9 2.7
TL 1790356615.809 533.6 2.4
TL 1790356615.909 669.6 2.6
TL 1790356616.010 339.8 1.9
TL 1790356616.110 544.8 2.3
TL 1790356616.210 284.6 2.0
TL 1790356616.311 906.8 2.3
TL 1790356616.410 296.1 1.9
TL 1790356616.511 578.6 2.1
TL 1790356616.611 569.1 2.0
TL 1790356616.711 424.7 2.2
TL 1790356616.811 338.2 2.4
TL 1790356616.911 398.1 2.1
TL 1790356617.012 727.3 2.6
TL 1790356617.112 649.2 2.6
TL 1790356617.212 356.4 3.0
TL 1790356617.312 663.3 2.9
TL 1790356617.412 288.1 1.8
TL 1790356617.512 430.9 2.4
TL 1790356617.612 310.5 2.9
TL 1790356617.712 289.2 2.0
TL 1790356617.813 593.7 2.8
TL 1790356617.913 523.1 2.7
TL 1790356618.014 1032.8 2.7
TL 1790356618.114 340.4 3.1
TL 1790356618.214 327.6 2.5
TL 1790356618.314 377.2 2.2
TL 1790356618.414 436.0 2.6
TL 1790356618.515 405.6 2.6
TL 1790356618.615 733.4 1.7
TL 1790356618.715 360.6 2.4
TL 1790356618.815 215.6 1.7
TL 1790356618.915 341.1 2.3
TL 1790356619.015 368.3 2.4
TL 1790356619.115 232.2 2.4
TL 1790356619.215 437.0 2.5
TL 1790356619.316 347.7 2.4
TL 1790356619.416 272.2 2.5
TL 1790356619.516 811.5 1.8
TL 1790356619.616 670.1 3.7
TL 1790356619.716 362.2 2.6
TL 1790356619.816 590.4 2.3
TL 1790356619.916 462.8 2.4
TL 1790356620.017 437.6 1.8
TL 1790356620.117 421.7 3.6
TL 1790356620.217 581.0 2.2
TL 1790356620.317 338.3 2.4
TL 1790356620.417 389.4 1.6
TL 1790356620.517 345.7 2.2
TL 1790356620.617 349.0 1.7
TL 1790356620.718 352.1 2.0
TL 1790356620.818 185.2 2.4
TL 1790356620.919 1073.0 2.4
TL 1790356621.019 366.9 2.1
TL 1790356621.119 344.0 2.1
TL 1790356621.219 920.4 2.4
TL 1790356621.319 501.3 2.9
TL 1790356621.419 707.8 2.4
TL 1790356621.519 272.2 2.1
TL 1790356621.623 366.5 1.9
TL 1790356621.723 392.4 2.5
TL 1790356621.823 437.8 2.3
TL 1790356621.923 496.9 2.2
TL 1790356622.023 286.1 2.4
TL 1790356622.127 2395.7 2.3
TL 1790356622.225 365.7 1.8
TL 1790356622.325 314.3 3.0
TL 1790356622.425 355.9 1.6
TL 1790356622.525 321.6 2.7
TL 1790356622.626 412.7 2.1
TL 1790356622.726 736.8 3.5
TL 1790356622.826 273.2 2.6
TL 1790356622.926 574.7 2.6
TL 1790356623.026 297.8 2.4
TL 1790356623.127 416.4 2.2
TL 1790356623.227 353.1 2.3
TL 1790356623.327 508.9 2.1
TL 1790356623.427 321.8 1.7
TL 1790356623.527 303.7 2.0
TL 1790356623.627 330.8 2.1
TL 1790356623.728 612.0 3.1
TL 1790356623.827 315.0 2.2
TL 1790356623.928 507.4 2.6
TL 1790356624.028 307.9 2.4
TL 1790356624.128 604.7 1.9
TL 1790356624.228 268.5 2.0
TL 1790356624.329 1241.9 2.4
TL 1790356624.429 257.9 1.5
TL 1790356624.529 275.1 1.7
TL 1790356624.629 352.4 2.5
TL 1790356624.729 366.7 2.6
TL 1790356624.832 1142.8 2.8
TL 1790356624.931 315.8 2.4
TL 1790356625.032 704.4 2.2
TL 1790356625.131 408.3 3.0
TL 1790356625.232 488.5 2.3
TL 1790356625.332 414.3 1.8
TL 1790356625.432 314.8 1.6
TL 1790356625.532 351.0 2.4
TL 1790356625.632 406.0 2.3
TL 1790356625.732 287.8 2.4
TL 1790356625.833 346.3 2.4
TL 1790356625.933 256.9 2.1
TL 1790356626.033 474.8 2.0
TL 1790356626.133 791.3 2.9
TL 1790356626.237 732.7 2.0
TL 1790356626.337 342.9 2.1
TL 1790356626.437 232.6 1.4
TL 1790356626.537 655.5 2.2
TL 1790356626.637 241.3 2.1
TL 1790356626.737 593.2 2.1
TL 1790356626.837 269.8 2.6
TL 1790356626.937 321.0 2.6
TL 1790356627.038 354.1 2.6
TL 1790356627.139 287.8 2.4
TL 1790356627.239 385.1 2.5
TL 1790356627.339 326.9 2.5
TL 1790356627.439 239.7 1.7
TL 1790356627.539 418.2 1.9
TL 1790356627.640 369.1 2.4
TL 1790356627.740 548.0 1.9
TL 1790356627.840 452.2 2.0
TL 1790356627.940 421.8 1.7
TL 1790356628.040 452.6 1.9
TL 1790356628.141 650.9 2.2
TL 1790356628.241 401.0 2.3
TL 1790356628.341 716.3 2.7
TL 1790356628.441 417.1 1.2
TL 1790356628.541 507.8 2.0
TL 1790356628.641 367.6 1.8
TL 1790356628.742 571.1 3.6
TL 1790356628.841 355.4 2.6
TL 1790356628.941 236.3 2.0
TL 1790356629.042 334.7 2.2
TL 1790356629.142 498.4 2.0
TL 1790356629.242 579.9 1.9
TL 1790356629.342 423.1 2.4
TL 1790356629.442 200.9 1.6
TL 1790356629.542 408.2 2.0
TL 1790356629.642 301.7 2.3
TL 1790356629.743 742.4 2.6
TL 1790356629.843 455.9 2.1
TL 1790356629.944 525.9 3.1
TL 1790356630.043 349.7 1.9
TL 1790356630.144 461.5 2.5
TL 1790356630.244 575.8 2.1
TL 1790356630.344 558.4 2.7
TL 1790356630.444 176.1 1.1
TL 1790356630.544 679.6 2.6
TL 1790356630.644 478.3 2.2
TL 1790356630.745 478.8 2.0
TL 1790356630.845 325.7 2.1
TL 1790356630.948 2969.4 2.3
TL 1790356631.045 239.1 2.0
TL 1790356631.145 271.0 2.0
TL 1790356631.246 1069.0 1.9
TL 1790356631.346 1092.9 2.6
TL 1790356631.446 261.6 2.9
TL 1790356631.546 365.2 2.3
TL 1790356631.647 476.6 1.8
TL 1790356631.746 237.9 1.7
TL 1790356631.847 795.4 2.9
TL 1790356631.947 650.5 2.6
TL 1790356632.047 460.4 2.3
TL 1790356632.147 558.2 2.8
TL 1790356632.247 298.8 2.8
TL 1790356632.347 288.5 2.0
TL 1790356632.448 749.7 2.7
TL 1790356632.548 598.0 2.4
TL 1790356632.648 519.0 2.2
TL 1790356632.748 180.5 2.3
TL 1790356632.849 290.8 2.2
TL 1790356632.949 270.4 1.8
TL 1790356633.049 202.3 3.4
TL 1790356633.149 259.4 2.0
TL 1790356633.250 1106.9 2.2
TL 1790356633.354 4189.5 2.8
TL 1790356633.450 215.5 2.0
TL 1790356633.551 1091.8 2.0
TL 1790356633.650 331.3 2.2
TL 1790356633.750 347.5 3.0
TL 1790356633.851 409.5 2.3
TL 1790356633.951 728.0 3.1
TL 1790356634.051 706.2 3.3
TL 1790356634.151 607.7 2.1
TL 1790356634.251 406.1 1.7
TL 1790356634.352 817.2 2.1
TL 1790356634.451 294.0 2.2
TL 1790356634.552 204.4 2.4
TL 1790356634.652 344.4 2.8
TL 1790356634.753 387.6 2.2
TL 1790356634.853 545.6 2.3
TL 1790356634.953 319.0 2.5
TL 1790356635.053 614.3 2.5
TL 1790356635.153 417.6 1.8
TL 1790356635.253 457.1 2.8
TL 1790356635.353 456.7 2.4
TL 1790356635.454 444.9 3.9
TL 1790356635.554 389.3 2.5
TL 1790356635.654 580.6 2.3
TL 1790356635.754 343.9 2.4
TL 1790356635.855 726.0 1.9
TL 1790356635.956 1443.0 2.2
TL 1790356636.055 955.1 2.2
TL 1790356636.155 247.6 2.3
TL 1790356636.255 361.6 2.3
TL 1790356636.355 281.7 1.8
TL 1790356636.459 561.0 2.5
TL 1790356636.559 207.2 1.7
TL 1790356636.659 301.3 2.6
TL 1790356636.760 614.1 2.5
TL 1790356636.860 277.9 2.3
TL 1790356636.960 335.3 2.2
TL 1790356637.060 492.4 1.9
TL 1790356637.160 404.0 2.8
TL 1790356637.261 654.1 2.4
TL 1790356637.360 325.3 1.9
TL 1790356637.462 244.4 1.7
TL 1790356637.563 389.3 2.2
TL 1790356637.663 627.5 2.0
TL 1790356637.763 541.1 2.0
TL 1790356637.863 582.0 2.1
TL 1790356637.965 1070.8 1.6
TL 1790356638.064 307.1 2.2
TL 1790356638.165 583.1 2.3
TL 1790356638.265 745.4 2.2
TL 1790356638.365 416.8 2.3
TL 1790356638.465 391.1 2.2
TL 1790356638.565 407.7 2.0
TL 1790356638.665 351.4 2.7
TL 1790356638.766 537.9 2.1
TL 1790356638.866 258.0 2.2
TL 1790356638.966 290.6 2.1
TL 1790356639.066 412.1 2.9
TL 1790356639.167 424.5 2.7
TL 1790356639.267 399.1 2.3
TL 1790356639.367 416.3 1.9
TL 1790356639.468 628.7 2.1
TL 1790356639.568 450.7 2.5
TL 1790356639.668 421.1 2.9
TL 1790356639.768 380.1 2.8
TL 1790356639.868 344.5 2.4
TL 1790356639.969 671.9 3.2
TL 1790356640.069 367.9 2.4
TL 1790356640.169 685.4 2.1
TL 1790356640.269 312.4 1.9
TL 1790356640.369 460.4 2.9
TL 1790356640.469 301.1 3.6
TL 1790356640.571 396.6 1.8
TL 1790356640.671 398.0 2.3
TL 1790356640.771 375.1 2.1
TL 1790356640.872 827.2 2.1
TL 1790356640.971 260.3 2.2
TL 1790356641.072 896.9 1.9
TL 1790356641.172 328.5 2.0
TL 1790356641.272 521.6 2.3
TL 1790356641.373 681.3 2.3
TL 1790356641.472 265.1 2.7
TL 1790356641.573 819.9 2.5
TL 1790356641.673 534.7 2.7
TL 1790356641.773 282.9 2.4
TL 1790356641.873 453.3 2.4
TL 1790356641.974 767.6 2.6
TL 1790356642.074 424.0 2.7
TL 1790356642.174 331.8 3.0
TL 1790356642.274 540.1 2.9
TL 1790356642.375 423.8 3.0
TL 1790356642.475 421.5 2.7
TL 1790356642.575 251.7 2.5
TL 1790356642.675 261.0 2.2
TL 1790356642.775 336.7 2.3
TL 1790356642.876 460.4 2.4
TL 1790356642.976 592.2 1.9
TL 1790356643.076 435.6 2.4
TL 1790356643.176 397.1 3.0
TL 1790356643.277 497.7 2.4
TL 1790356643.377 565.6 2.1
TL 1790356643.477 312.2 2.6
TL 1790356643.577 680.1 2.8
TL 1790356643.677 718.5 2.4
TL 1790356643.777 346.7 2.1
TL 1790356643.877 443.8 2.7
TL 1790356643.978 506.0 16.8
TL 1790356644.078 593.8 2.6
TL 1790356644.179 1239.5 1.8
TL 1790356644.278 379.3 2.8
TL 1790356644.378 351.3 2.4
TL 1790356644.478 588.3 2.4
TL 1790356644.579 608.3 3.2
TL 1790356644.679 495.8 2.3
TL 1790356644.779 532.1 2.8
TL 1790356644.878 131.4 2.3
TL 1790356644.979 1039.5 2.1
TL 1790356645.079 374.4 3.3
TL 1790356645.180 430.2 138.0
TL 1790356645.280 397.8 2.0
TL 1790356645.380 477.1 2.1
TL 1790356645.480 500.3 2.5
TL 1790356645.580 342.3 2.6
TL 1790356645.680 274.8 2.6
TL 1790356645.780 304.3 2.0
TL 1790356645.880 310.8 2.6
TL 1790356645.981 302.3 2.2
TL 1790356646.081 298.3 2.4
TL 1790356646.181 203.0 2.0
TL 1790356646.281 374.3 2.9
TL 1790356646.382 369.8 2.7
TL 1790356646.482 373.2 2.6
TL 1790356646.582 717.1 2.4
TL 1790356646.683 892.5 2.4
TL 1790356646.783 296.5 2.0
TL 1790356646.883 773.4 1.9
TL 1790356646.983 678.5 2.3
TL 1790356647.083 275.4 2.0
TL 1790356647.184 356.6 2.2
TL 1790356647.284 334.2 2.4
TL 1790356647.384 432.3 2.2
TL 1790356647.484 302.9 2.2
TL 1790356647.585 480.1 3.0
TL 1790356647.685 328.8 2.2
TL 1790356647.785 549.4 1.8
TL 1790356647.885 375.4 2.8
TL 1790356647.986 336.7 2.6
TL 1790356648.086 322.4 3.1
TL 1790356648.186 314.0 2.2
TL 1790356648.286 434.3 3.5
TL 1790356648.386 332.6 2.1
TL 1790356648.486 398.7 3.5
TL 1790356648.587 519.5 2.3
TL 1790356648.687 419.1 3.4
TL 1790356648.787 257.7 2.7
TL 1790356648.887 285.4 2.3
TL 1790356648.987 378.1 3.2
TL 1790356649.088 416.8 2.3
TL 1790356649.188 316.6 2.4
TL 1790356649.289 592.2 3.5
TL 1790356649.388 350.6 2.0
TL 1790356649.488 215.8 2.3
TL 1790356649.589 468.6 2.0
TL 1790356649.689 428.4 3.3
TL 1790356649.789 342.2 2.2
TL 1790356649.889 386.0 4.2
TL 1790356649.989 281.5 2.0
TL 1790356650.089 295.7 3.6
TL 1790356650.190 431.5 2.7
TL 1790356650.290 361.8 2.9
TL 1790356650.390 470.3 3.1
TL 1790356650.491 570.1 2.9
TL 1790356650.591 252.8 2.0
TL 1790356650.691 206.5 1.8
TL 1790356650.791 300.6 2.7
TL 1790356650.891 362.7 1.9
TL 1790356650.991 296.3 1.9
TL 1790356651.091 364.7 2.2
TL 1790356651.192 362.9 2.7
TL 1790356651.292 164.6 2.4
TL 1790356651.392 449.6 3.5
TL 1790356651.492 293.4 2.2
TL 1790356651.593 496.6 4.0
TL 1790356651.693 341.6 2.1
TL 1790356651.793 457.4 3.7
TL 1790356651.893 294.8 3.2
TL 1790356651.994 459.8 2.4
TL 1790356652.094 519.9 2.3
TL 1790356652.194 180.1 1.8
TL 1790356652.294 431.4 3.0
TL 1790356652.394 313.8 2.0
TL 1790356652.494 317.7 3.3
TL 1790356652.594 207.8 1.9
TL 1790356652.695 450.4 2.4
TL 1790356652.795 298.4 2.3
TL 1790356652.895 281.6 2.5
TL 1790356652.995 138.0 2.6
TL 1790356653.095 425.5 3.1
TL 1790356653.195 365.8 1.9
TL 1790356653.296 455.3 2.7
TL 1790356653.396 474.5 2.6
TL 1790356653.496 382.3 3.0
TL 1790356653.596 659.2 3.6
TL 1790356653.696 389.0 2.8
TL 1790356653.796 287.0 2.5
TL 1790356653.897 317.7 3.1
TL 1790356653.997 388.3 2.4
TL 1790356654.097 410.8 2.6
TL 1790356654.197 410.3 3.3
TL 1790356654.297 197.2 2.5
TL 1790356654.397 280.7 2.6
TL 1790356654.498 381.3 2.9
TL 1790356654.598 226.1 2.0
TL 1790356654.698 523.2 3.1
TL 1790356654.798 175.9 2.1
TL 1790356654.899 329.5 2.9
TL 1790356654.999 486.5 2.2
TL 1790356655.099 403.7 2.4
TL 1790356655.199 384.7 3.2
TL 1790356655.299 354.5 3.1
TL 1790356655.399 316.1 3.2
TL 1790356655.500 323.3 2.1
TL 1790356655.600 364.0 2.0
TL 1790356655.700 329.0 2.8
TL 1790356655.800 432.1 2.2
TL 1790356655.900 344.6 3.1
TL 1790356656.001 268.3 2.9
TL 1790356656.101 365.5 2.7
TL 1790356656.201 335.1 3.2
TL 1790356656.301 380.1 3.3
TL 1790356656.402 440.2 3.0
TL 1790356656.502 310.9 2.2
TL 1790356656.602 410.4 3.2
TL 1790356656.702 213.7 2.9
TL 1790356656.802 349.1 2.3
TL 1790356656.902 386.0 4.1
TL 1790356657.003 365.5 2.3
TL 1790356657.103 317.2 1.8
TL 1790356657.203 165.0 2.1
TL 1790356657.303 313.5 2.0
TL 1790356657.403 402.2 2.9
TL 1790356657.503 266.6 3.0
TL 1790356657.603 229.8 2.4
TL 1790356657.704 382.4 2.4
TL 1790356657.804 440.4 2.8
TL 1790356657.904 260.7 2.0
TL 1790356658.005 979.0 3.4
TL 1790356658.105 390.0 2.0
TL 1790356658.205 115.4 1.9
TL 1790356658.305 118.1 2.1
TL 1790356658.405 275.5 2.9
TL 1790356658.506 574.0 2.0
TL 1790356658.606 243.9 2.7
TL 1790356658.706 357.6 2.3
TL 1790356658.806 370.3 2.7
TL 1790356658.907 527.7 1.8
TL 1790356659.007 444.7 3.1
TL 1790356659.107 340.6 2.2
TL 1790356659.207 160.0 2.1
TL 1790356659.307 331.3 1.9
TL 1790356659.407 335.9 3.0
TL 1790356659.507 323.4 2.4
TL 1790356659.608 251.5 3.8
TL 1790356659.708 288.6 2.2
TL 1790356659.808 347.7 3.5
TL 1790356659.908 300.9 2.2
TL 1790356660.009 316.6 3.1
TL 1790356660.109 369.2 2.4
TL 1790356660.209 485.5 2.9
TL 1790356660.309 180.6 3.6
TL 1790356660.409 309.0 2.4
TL 1790356660.509 313.6 3.4
TL 1790356660.610 278.1 2.4
TL 1790356660.710 295.7 2.1
TL 1790356660.810 361.6 2.4
TL 1790356660.910 243.9 1.8
TL 1790356661.010 316.2 3.2
TL 1790356661.110 422.7 3.1
TL 1790356661.211 386.6 2.6
TL 1790356661.311 366.3 2.9
TL 1790356661.411 355.5 2.5
TL 1790356661.511 295.7 2.2
TL 1790356661.611 168.5 2.6
TL 1790356661.711 252.9 2.8
TL 1790356661.811 242.2 2.2
TL 1790356661.912 480.9 2.9
TL 1790356662.013 479.9 2.2
TL 1790356662.113 356.6 3.0
TL 1790356662.213 346.5 3.0
TL 1790356662.313 259.7 3.7
TL 1790356662.413 308.5 2.1
TL 1790356662.513 258.0 2.3
TL 1790356662.614 296.7 1.6
TL 1790356662.714 297.6 2.3
TL 1790356662.814 360.8 3.3
TL 1790356662.914 313.6 3.9
TL 1790356663.015 745.8 3.3
TL 1790356663.115 291.4 2.7
TL 1790356663.215 340.6 3.2
TL 1790356663.315 271.8 2.3
TL 1790356663.416 599.6 2.7
TL 1790356663.516 309.8 2.0
TL 1790356663.616 343.5 2.1
TL 1790356663.716 372.9 2.8
TL 1790356663.816 143.4 2.3
TL 1790356663.917 415.4 2.9
TL 1790356664.017 348.7 1.8
TL 1790356664.117 296.7 2.2
TL 1790356664.217 172.3 2.1
TL 1790356664.318 426.9 3.4
TL 1790356664.418 778.6 3.1
TL 1790356664.518 419.9 1.8
TL 1790356664.618 510.7 3.4
TL 1790356664.719 367.9 2.2
TL 1790356664.819 376.7 3.4
TL 1790356664.919 298.6 3.3
TL 1790356665.020 436.7 3.4
TL 1790356665.120 288.5 2.2
TL 1790356665.221 375.4 2.6
TL 1790356665.321 230.6 2.0
TL 1790356665.421 328.1 3.2
TL 1790356665.521 220.3 2.3
TL 1790356665.621 308.9 2.8
TL 1790356665.721 198.0 1.9
TL 1790356665.821 417.0 3.2
TL 1790356665.921 328.0 2.2
TL 1790356666.022 329.4 2.7
TL 1790356666.122 331.1 3.4
TL 1790356666.222 639.4 3.7
TL 1790356666.322 459.2 3.1
TL 1790356666.422 501.2 4.5
TL 1790356666.522 321.7 3.1
TL 1790356666.623 478.5 1.6
TL 1790356666.723 248.0 2.1
TL 1790356666.823 503.0 2.5
TL 1790356666.923 381.1 3.4
TL 1790356667.024 422.6 2.6
TL 1790356667.124 297.2 1.8
TL 1790356667.224 512.2 2.3
TL 1790356667.324 389.1 2.4
TL 1790356667.424 353.1 2.6
TL 1790356667.524 157.3 2.0
TL 1790356667.625 312.4 1.3
TL 1790356667.725 245.3 2.6
TL 1790356667.825 319.0 2.2
TL 1790356667.925 222.4 2.9
TL 1790356668.025 386.3 2.4
TL 1790356668.126 332.0 2.6
TL 1790356668.226 225.1 2.2
TL 1790356668.327 1041.3 2.4
TL 1790356668.426 454.3 3.5
TL 1790356668.526 316.3 2.3
TL 1790356668.626 143.8 1.9
TL 1790356668.727 452.0 1.9
TL 1790356668.827 334.3 2.9
TL 1790356668.927 145.5 2.3
TL 1790356669.027 376.6 2.9
TL 1790356669.128 388.4 1.9
TL 1790356669.228 258.4 1.8
TL 1790356669.328 616.9 2.9
TL 1790356669.428 399.0 3.1
TL 1790356669.528 289.8 1.5
TL 1790356669.628 168.1 1.3
TL 1790356669.729 356.5 2.6
TL 1790356669.829 304.8 2.5
TL 1790356669.929 309.0 2.4
TL 1790356670.029 312.7 2.7
TL 1790356670.130 296.9 2.8
TL 1790356670.230 291.2 2.2
TL 1790356670.330 334.4 3.1
TL 1790356670.431 382.6 1.6
TL 1790356670.532 586.6 2.2
TL 1790356670.632 252.0 1.7
TL 1790356670.732 387.4 1.9
TL 1790356670.832 173.9 2.2
TL 1790356670.935 556.0 1.8
TL 1790356671.035 523.3 2.6
TL 1790356671.136 319.3 2.2
TL 1790356671.236 303.1 2.7
TL 1790356671.336 184.8 1.6
TL 1790356671.436 445.5 3.0
TL 1790356671.536 224.1 2.5
TL 1790356671.636 342.3 3.2
TL 1790356671.736 327.3 2.0
TL 1790356671.837 372.6 3.1
TL 1790356671.937 280.1 2.3
TL 1790356672.037 404.0 3.2
TL 1790356672.137 237.9 2.6
TL 1790356672.237 370.1 2.9
TL 1790356672.337 218.4 2.1
TL 1790356672.438 438.7 2.6
TL 1790356672.538 293.5 2.1
TL 1790356672.638 278.8 3.1
TL 1790356672.738 452.6 3.5
TL 1790356672.838 426.6 3.5
TL 1790356672.938 397.1 2.2
TL 1790356673.039 317.1 3.0
TL 1790356673.139 437.8 3.3
TL 1790356673.239 320.4 2.3
TL 1790356673.339 664.3 3.0
TL 1790356673.439 336.7 2.2
TL 1790356673.539 224.5 1.8
TL 1790356673.640 265.4 1.4
TL 1790356673.740 277.5 1.9
TL 1790356673.841 306.7 2.4
TL 1790356673.941 419.7 3.2
TL 1790356674.041 369.7 1.9
TL 1790356674.141 321.7 3.7
TL 1790356674.242 309.8 2.3
TL 1790356674.342 343.9 3.6
TL 1790356674.442 429.5 2.4
TL 1790356674.543 678.9 2.6
TL 1790356674.642 263.0 1.6
TL 1790356674.743 460.3 3.8
TL 1790356674.843 248.0 2.6
TL 1790356674.943 307.4 2.7
TL 1790356675.043 295.2 2.1
TL 1790356675.144 356.3 3.5
TL 1790356675.244 364.2 2.2
TL 1790356675.345 688.6 2.8
TL 1790356675.444 355.4 2.0
TL 1790356675.545 484.3 4.1
TL 1790356675.644 165.7 1.5
TL 1790356675.745 319.9 2.9
TL 1790356675.845 243.5 1.9
TL 1790356675.945 438.6 3.5
TL 1790356676.045 341.2 2.2
TL 1790356676.146 380.6 3.1
TL 1790356676.246 245.3 2.4
TL 1790356676.346 426.7 2.0
TL 1790356676.446 377.0 4.5
TL 1790356676.546 502.9 4.3
TL 1790356676.646 224.4 1.1
TL 1790356676.747 422.7 3.0
TL 1790356676.847 405.5 1.9
TL 1790356676.947 366.5 2.8
TL 1790356677.048 823.8 2.4
TL 1790356677.147 252.8 3.5
TL 1790356677.248 670.2 2.1
TL 1790356677.347 298.2 2.9
TL 1790356677.448 419.8 3.4
TL 1790356677.548 230.8 2.2
TL 1790356677.648 230.4 1.7
TL 1790356677.748 195.7 2.8
TL 1790356677.848 159.7 1.9
TL 1790356677.948 261.8 2.8
TL 1790356678.049 193.2 2.3
TL 1790356678.149 306.0 2.3
TL 1790356678.249 376.4 2.3
TL 1790356678.349 344.1 2.6
TL 1790356678.449 295.8 3.8
TL 1790356678.550 245.6 2.1
TL 1790356678.650 487.7 0.8
TL 1790356678.750 221.8 2.6
TL 1790356678.850 162.5 2.4
TL 1790356678.950 144.5 2.3
TL 1790356679.051 307.7 2.3
TL 1790356679.151 189.3 1.7
TL 1790356679.251 268.5 2.8
TL 1790356679.351 161.8 2.6
TL 1790356679.451 306.5 2.3
TL 1790356679.551 253.0 2.1
TL 1790356679.652 245.2 1.8
TL 1790356679.752 289.2 2.0
TL 1790356679.852 167.3 2.1
TL 1790356679.952 263.6 122.5
TL 1790356680.052 224.3 2.7
TL 1790356680.153 268.4 2.0
TL 1790356680.253 390.7 2.4
TL 1790356680.353 207.8 2.2
TL 1790356680.453 256.8 2.1
TL 1790356680.553 284.8 2.2
TL 1790356680.653 225.5 1.1
TL 1790356680.753 227.9 2.1
TL 1790356680.854 766.5 2.3
TL 1790356680.954 308.3 1.8
TL 1790356681.054 267.4 2.4
TL 1790356681.154 229.2 2.3
TL 1790356681.254 149.1 3.1
TL 1790356681.354 238.4 2.5
TL 1790356681.454 295.8 2.1
TL 1790356681.554 267.1 2.0
TL 1790356681.654 196.5 0.7
TL 1790356681.755 262.7 2.3
TL 1790356681.855 193.6 2.0
TL 1790356681.955 281.1 1.8
TL 1790356682.055 340.9 2.1
TL 1790356682.155 297.3 2.1
TL 1790356682.256 579.0 2.2
TL 1790356682.355 180.9 2.1
TL 1790356682.457 292.1 1.9
TL 1790356682.557 137.2 2.1
TL 1790356682.657 233.4 0.8
TL 1790356682.757 255.7 2.0
TL 1790356682.857 273.4 2.4
TL 1790356682.957 167.4 2.1
TL 1790356683.057 282.5 2.1
TL 1790356683.160 91.4 1.4
TL 1790356683.260 195.9 1.7
TL 1790356683.360 190.8 2.5
TL 1790356683.461 244.6 2.4
TL 1790356683.561 185.3 2.0
TL 1790356683.661 221.6 0.9
TL 1790356683.762 416.5 1.6
TL 1790356683.862 425.0 2.3
TL 1790356683.963 1318.8 2.0
TL 1790356684.063 286.1 2.1
TL 1790356684.164 1938.5 1.8
TL 1790356684.263 398.7 2.1
TL 1790356684.364 726.7 2.0
TL 1790356684.463 247.9 2.3
TL 1790356684.564 483.4 2.4
TL 1790356684.663 285.8 0.7
TL 1790356684.764 311.7 2.4
TL 1790356684.864 214.4 2.0
TL 1790356684.964 328.2 2.0
TL 1790356685.064 219.3 2.2
TL 1790356685.165 245.1 2.1
TL 1790356685.265 317.3 2.1
TL 1790356685.365 545.8 2.3
TL 1790356685.465 212.1 2.1
TL 1790356685.565 556.0 2.1
TL 1790356685.665 171.3 2.2
TL 1790356685.765 275.1 1.9
TL 1790356685.865 220.9 2.2
TL 1790356685.966 692.6 2.0
TL 1790356686.067 1318.2 1.9
TL 1790356686.166 408.9 2.8
TL 1790356686.266 227.5 2.6
TL 1790356686.366 289.0 2.0
TL 1790356686.466 187.9 2.6
TL 1790356686.567 546.4 2.1
TL 1790356686.668 375.4 1.9
TL 1790356686.768 334.7 3.3
TL 1790356686.868 365.3 2.0
TL 1790356686.968 442.2 3.2
TL 1790356687.068 354.6 2.2
TL 1790356687.168 185.5 2.3
TL 1790356687.269 317.5 2.8
TL 1790356687.369 387.7 2.8
TL 1790356687.469 313.9 1.9
TL 1790356687.570 360.6 3.1
TL 1790356687.670 420.0 3.7
TL 1790356687.770 448.2 1.9
TL 1790356687.870 396.0 3.5
TL 1790356687.970 304.2 1.8
TL 1790356688.070 479.0 3.5
TL 1790356688.170 263.2 2.1
TL 1790356688.271 344.8 2.1
TL 1790356688.371 243.6 2.3
TL 1790356688.471 377.9 3.4
TL 1790356688.571 257.6 2.0
TL 1790356688.671 252.5 2.1
TL 1790356688.772 441.6 2.4
TL 1790356688.872 551.7 2.3
TL 1790356688.972 308.4 2.6
TL 1790356689.072 723.6 1.9
TL 1790356689.173 617.3 3.7
TL 1790356689.272 270.9 1.8
TL 1790356689.373 339.8 3.6
TL 1790356689.473 258.7 2.6
TL 1790356689.573 386.2 3.0
TL 1790356689.673 326.1 2.3
TL 1790356689.774 561.8 3.2
TL 1790356689.874 348.7 2.6
TL 1790356689.974 400.3 2.4
TL 1790356690.074 197.8 2.3
TL 1790356690.175 327.0 3.2
TL 1790356690.275 690.1 3.6
TL 1790356690.376 1738.4 3.4
TL 1790356690.475 395.5 3.0
TL 1790356690.575 140.3 2.1
TL 1790356690.675 420.7 2.7
TL 1790356690.775 247.3 2.0
TL 1790356690.876 312.3 2.1
TL 1790356690.976 356.8 2.6
TL 1790356691.076 279.8 1.9
TL 1790356691.176 291.6 3.3
TL 1790356691.276 401.4 2.2
TL 1790356691.377 338.0 3.4
TL 1790356691.477 331.7 2.0
TL 1790356691.577 383.8 3.1
TL 1790356691.677 323.5 2.0
TL 1790356691.777 320.1 3.1
TL 1790356691.877 176.3 3.0
TL 1790356691.978 312.1 3.5
TL 1790356692.078 293.2 1.8
TL 1790356692.178 292.1 2.6
TL 1790356692.278 149.7 2.7
TL 1790356692.378 330.1 2.3
TL 1790356692.479 342.9 2.0
TL 1790356692.579 386.1 2.6
TL 1790356692.679 297.7 2.0
TL 1790356692.779 335.7 2.3
TL 1790356692.880 497.7 3.4
TL 1790356692.980 374.5 2.0
TL 1790356693.080 723.0 2.7
TL 1790356693.180 439.0 2.4
TL 1790356693.280 332.5 3.6
TL 1790356693.380 258.3 3.5
TL 1790356693.481 235.7 3.1
TL 1790356693.581 262.5 3.0
TL 1790356693.681 351.3 3.0
TL 1790356693.781 350.8 4.2
TL 1790356693.884 2748.5 2.9
TL 1790356693.982 229.5 2.3
TL 1790356694.082 249.6 2.2
TL 1790356694.182 179.0 2.2
TL 1790356694.282 322.9 3.0
TL 1790356694.383 289.7 3.3
TL 1790356694.483 563.1 2.2
TL 1790356694.583 539.4 3.5
TL 1790356694.683 144.8 2.0
TL 1790356694.784 477.7 3.5
TL 1790356694.884 814.4 1.7
TL 1790356694.984 240.7 2.0
TL 1790356695.084 323.1 2.4
TL 1790356695.185 632.1 3.0
TL 1790356695.285 314.3 2.3
TL 1790356695.386 1052.4 2.3
TL 1790356695.486 364.2 3.1
TL 1790356695.586 329.1 1.9
TL 1790356695.686 404.9 3.0
TL 1790356695.786 394.1 2.0
TL 1790356695.886 332.0 3.2
TL 1790356695.986 210.4 2.1
TL 1790356696.087 272.4 2.4
TL 1790356696.187 147.2 2.6
TL 1790356696.287 464.5 2.8
TL 1790356696.388 402.8 2.0
TL 1790356696.488 294.8 2.4
TL 1790356696.588 608.8 2.6
TL 1790356696.688 362.3 2.8
TL 1790356696.788 390.4 3.2
TL 1790356696.889 451.3 2.1
TL 1790356696.989 653.4 3.4
TL 1790356697.089 370.5 2.2
TL 1790356697.189 366.4 3.6
TL 1790356697.289 324.8 2.4
TL 1790356697.389 318.8 3.2
TL 1790356697.490 366.5 2.7
TL 1790356697.590 530.9 2.9
TL 1790356697.690 210.3 2.6
TL 1790356697.791 396.3 2.0
TL 1790356697.891 371.3 2.8
TL 1790356697.991 314.0 2.6
TL 1790356698.091 314.6 2.3
TL 1790356698.191 291.0 2.7
TL 1790356698.291 324.6 2.6
TL 1790356698.391 193.3 2.2
TL 1790356698.492 479.6 3.2
TL 1790356698.592 211.7 1.9
TL 1790356698.692 351.6 2.7
TL 1790356698.792 294.1 2.5
TL 1790356698.893 370.5 3.0
TL 1790356698.993 472.9 3.5
TL 1790356699.093 304.3 2.1
TL 1790356699.193 413.3 3.5
TL 1790356699.293 366.3 2.6
TL 1790356699.393 154.8 1.9
TL 1790356699.494 489.7 2.8
TL 1790356699.594 365.8 2.6
TL 1790356699.696 436.3 4.8
TL 1790356699.796 360.9 2.6
TL 1790356699.896 539.8 2.8
TL 1790356699.996 409.8 3.1
TL 1790356700.096 327.4 3.9
TL 1790356700.197 360.9 3.0
TL 1790356700.297 493.4 3.6
TL 1790356700.397 358.4 3.0
TL 1790356700.497 329.1 2.1
TL 1790356700.597 394.8 3.5
TL 1790356700.698 483.4 1.9
TL 1790356700.798 395.1 3.3
TL 1790356700.898 366.5 2.4
TL 1790356700.998 249.8 2.0
TL 1790356701.098 342.8 3.1
TL 1790356701.199 509.4 2.4
TL 1790356701.299 479.7 3.6
TL 1790356701.399 201.7 1.8
TL 1790356701.499 248.2 2.5
TL 1790356701.599 335.9 2.3
TL 1790356701.699 361.8 1.8
TL 1790356701.800 541.6 2.9
TL 1790356701.900 352.1 1.5
TL 1790356702.001 787.8 2.2
TL 1790356702.101 635.4 2.3
TL 1790356702.201 300.6 2.6
TL 1790356702.301 588.0 2.9
TL 1790356702.401 244.0 2.3
TL 1790356702.502 602.4 2.5
TL 1790356702.602 322.3 1.7
TL 1790356702.702 163.3 2.3
TL 1790356702.802 121.4 1.9
TL 1790356702.903 433.4 1.9
TL 1790356703.003 358.9 2.2
TL 1790356703.103 175.3 2.2
TL 1790356703.203 379.7 3.0
TL 1790356703.303 190.8 2.4
TL 1790356703.403 304.2 2.3
TL 1790356703.503 235.1 1.9
TL 1790356703.604 333.6 2.4
TL 1790356703.704 228.0 2.2
TL 1790356703.804 170.5 2.4
TL 1790356703.904 254.5 2.2
TL 1790356704.004 449.0 2.0
TL 1790356704.104 337.1 2.3
TL 1790356704.204 219.9 2.3
TL 1790356704.304 245.7 2.4
TL 1790356704.405 498.0 2.1
TL 1790356704.505 282.0 2.0
TL 1790356704.605 202.9 2.3
TL 1790356704.705 266.6 2.4
TL 1790356704.805 248.4 3.0
TL 1790356704.905 257.2 2.6
TL 1790356705.006 328.1 2.6
TL 1790356705.106 237.9 2.0
TL 1790356705.206 261.1 2.4
TL 1790356705.306 241.6 2.5
TL 1790356705.406 344.5 2.5
TL 1790356705.506 207.7 2.4
TL 1790356705.606 221.2 2.4
TL 1790356705.707 243.9 2.1
TL 1790356705.807 239.8 2.0
TL 1790356705.907 455.5 2.3
TL 1790356706.007 672.3 2.6
TL 1790356706.107 269.8 2.4
TL 1790356706.207 340.0 2.0
TL 1790356706.308 315.5 2.2
TL 1790356706.408 282.8 2.2
TL 1790356706.508 209.9 2.3
TL 1790356706.608 274.3 2.3
TL 1790356706.709 540.9 2.0
TL 1790356706.808 216.5 2.0
TL 1790356706.909 289.7 2.7
TL 1790356707.009 373.1 2.3
TL 1790356707.109 184.0 2.5
TL 1790356707.209 186.3 2.0
TL 1790356707.309 333.8 2.6
TL 1790356707.409 151.0 1.8
TL 1790356707.509 290.8 2.2
TL 1790356707.610 256.8 2.2
TL 1790356707.710 255.7 2.1
TL 1790356707.810 165.3 2.1
TL 1790356707.910 317.6 2.5
TL 1790356708.010 280.8 2.5
TL 1790356708.110 211.9 2.4
TL 1790356708.211 387.2 2.4
TL 1790356708.311 723.9 2.3
TL 1790356708.411 327.8 2.1
TL 1790356708.511 975.6 2.2
TL 1790356708.613 2166.1 2.9
TL 1790356708.712 419.4 2.9
TL 1790356708.814 1956.5 1.8
TL 1790356708.912 409.5 2.6
TL 1790356709.012 226.0 2.0
TL 1790356709.112 120.8 1.7
TL 1790356709.213 268.1 1.8
TL 1790356709.313 287.2 2.0
TL 1790356709.413 199.6 2.1
TL 1790356709.513 250.3 2.2
TL 1790356709.613 142.3 2.0
TL 1790356709.714 524.9 3.6
TL 1790356709.813 247.4 1.7
TL 1790356709.914 365.9 2.1
TL 1790356710.014 290.5 2.3
TL 1790356710.114 271.2 2.3
TL 1790356710.214 373.4 2.3
TL 1790356710.314 213.3 2.5
TL 1790356710.414 212.3 2.0
TL 1790356710.514 310.1 2.4
TL 1790356710.614 322.1 2.5
TL 1790356710.715 389.2 2.9
TL 1790356710.815 477.3 2.6
TL 1790356710.915 320.4 2.1
TL 1790356711.015 373.1 2.9
TL 1790356711.115 521.2 2.9
TL 1790356711.216 452.5 2.9
TL 1790356711.316 260.8 2.9
TL 1790356711.416 415.9 1.9
TL 1790356711.516 176.7 2.1
TL 1790356711.616 362.8 2.3
TL 1790356711.716 397.4 2.7
TL 1790356711.816 283.6 2.2
TL 1790356711.917 286.1 2.1
TL 1790356712.017 485.4 2.2
TL 1790356712.117 329.8 2.3
TL 1790356712.217 304.3 1.8
TL 1790356712.317 312.0 2.5
TL 1790356712.418 311.0 3.7
TL 1790356712.518 322.9 2.8
TL 1790356712.618 451.3 3.6
TL 1790356712.719 401.0 1.9
TL 1790356712.819 335.3 3.6
TL 1790356712.919 334.4 2.6
TL 1790356713.019 254.6 2.1
TL 1790356713.120 417.9 2.6
TL 1790356713.220 664.2 2.1
TL 1790356713.320 407.8 2.4
TL 1790356713.420 384.8 3.5
TL 1790356713.521 571.6 2.3
TL 1790356713.621 414.0 2.1
TL 1790356713.721 324.0 2.3
TL 1790356713.821 176.4 2.2
TL 1790356713.922 423.6 2.3
TL 1790356714.022 219.8 1.9
TL 1790356714.122 294.8 2.5
TL 1790356714.222 279.8 1.2
TL 1790356714.322 235.1 2.1
TL 1790356714.422 182.1 3.1
TL 1790356714.523 624.2 2.2
TL 1790356714.623 421.0 2.4
TL 1790356714.723 254.9 2.2
TL 1790356714.823 247.3 1.7
TL 1790356714.923 330.7 2.3
TL 1790356715.023 264.5 2.7
TL 1790356715.124 532.2 2.9
TL 1790356715.223 214.5 2.4
TL 1790356715.324 225.1 2.2
TL 1790356715.424 333.3 2.6
TL 1790356715.524 278.5 1.9
TL 1790356715.624 172.2 2.4
TL 1790356715.725 318.0 2.2
TL 1790356715.825 168.3 1.1
TL 1790356715.925 283.4 2.2
TL 1790356716.025 143.8 2.8
TL 1790356716.125 305.0 1.9
TL 1790356716.225 292.6 2.1
TL 1790356716.325 230.1 2.1
TL 1790356716.426 325.4 2.3
TL 1790356716.526 246.0 2.1
TL 1790356716.626 185.5 2.0
TL 1790356716.726 256.6 2.8
TL 1790356716.826 246.6 1.8
TL 1790356716.926 208.2 1.8
TL 1790356717.027 285.8 2.0
TL 1790356717.127 394.1 1.8
TL 1790356717.227 142.8 2.3
TL 1790356717.327 242.7 2.4
TL 1790356717.427 240.3 2.8
TL 1790356717.527 280.2 2.1
TL 1790356717.628 259.9 2.3
TL 1790356717.728 253.2 2.0
TL 1790356717.828 204.8 2.4
TL 1790356717.928 313.1 2.2
TL 1790356718.028 301.8 2.6
TL 1790356718.128 244.2 2.8
TL 1790356718.228 224.3 2.0
TL 1790356718.329 442.7 2.2
TL 1790356718.429 191.7 2.7
TL 1790356718.529 231.0 2.1
TL 1790356718.630 854.2 1.1
TL 1790356718.730 650.2 1.9
TL 1790356718.831 1429.0 2.7
TL 1790356718.931 1165.5 2.0
TL 1790356719.031 1470.7 2.1
TL 1790356719.130 274.6 2.0
TL 1790356719.233 715.1 2.3
TL 1790356719.333 259.4 2.0
TL 1790356719.434 1222.0 1.9
TL 1790356719.536 2956.7 2.4
TL 1790356719.635 1433.0 2.8
TL 1790356719.734 327.8 1.9
TL 1790356719.834 134.9 1.6
TL 1790356719.935 794.3 2.1
TL 1790356720.035 222.0 1.8
TL 1790356720.135 313.9 2.8
TL 1790356720.235 201.2 2.0
TL 1790356720.335 318.7 2.6
TL 1790356720.435 249.0 2.3
TL 1790356720.536 344.2 2.3
TL 1790356720.636 265.0 2.0
TL 1790356720.736 211.9 2.1
TL 1790356720.836 207.1 2.1
TL 1790356720.936 254.6 2.1
TL 1790356721.036 260.0 2.4
TL 1790356721.136 212.4 1.9
TL 1790356721.236 277.3 3.2
TL 1790356721.337 190.3 2.1
TL 1790356721.437 236.3 2.7
TL 1790356721.537 257.8 1.9
TL 1790356721.637 278.0 3.2
TL 1790356721.737 330.2 2.1
TL 1790356721.837 339.5 1.9
TL 1790356721.938 410.6 2.3
TL 1790356722.038 233.0 2.7
TL 1790356722.138 237.0 2.0
TL 1790356722.238 269.2 2.4
TL 1790356722.338 209.0 2.0
TL 1790356722.438 264.9 2.4
TL 1790356722.539 210.5 2.3
TL 1790356722.639 241.7 2.2
TL 1790356722.739 236.7 1.8
TL 1790356722.839 206.1 1.7
TL 1790356722.940 354.0 2.0
TL 1790356723.040 295.1 2.1
TL 1790356723.140 262.1 2.2
TL 1790356723.240 241.8 2.4
TL 1790356723.340 242.2 2.0
TL 1790356723.440 223.6 2.6
TL 1790356723.540 296.7 2.3
TL 1790356723.641 260.1 2.7
TL 1790356723.741 330.9 2.2
TL 1790356723.841 231.1 1.7
TL 1790356723.941 285.5 2.3
TL 1790356724.041 275.7 2.0
TL 1790356724.141 170.9 2.0
TL 1790356724.242 181.2 2.3
TL 1790356724.342 329.1 2.5
TL 1790356724.442 361.0 2.2
TL 1790356724.542 199.7 2.6
TL 1790356724.642 295.8 2.0
TL 1790356724.745 406.8 2.4
TL 1790356724.845 327.9 2.2
TL 1790356724.945 311.7 2.2
TL 1790356725.045 289.1 2.5
TL 1790356725.145 214.6 2.0
TL 1790356725.245 211.9 2.4
TL 1790356725.346 287.9 2.2
TL 1790356725.446 160.8 2.0
TL 1790356725.546 207.3 1.9
TL 1790356725.646 279.1 2.0
TL 1790356725.746 202.6 2.4
TL 1790356725.846 252.3 2.0
TL 1790356725.946 157.1 2.1
TL 1790356726.047 248.9 2.4
TL 1790356726.147 202.4 2.3
TL 1790356726.247 134.0 2.0
TL 1790356726.347 327.3 2.1
TL 1790356726.447 316.8 2.5
TL 1790356726.547 353.2 2.0
TL 1790356726.647 245.8 2.2
TL 1790356726.748 453.1 2.5
TL 1790356726.850 742.9 2.4
TL 1790356726.950 328.0 2.4
TL 1790356727.050 356.3 1.9
TL 1790356727.150 385.0 2.5
TL 1790356727.250 207.6 2.5
TL 1790356727.350 196.6 2.9
TL 1790356727.450 248.8 2.1
TL 1790356727.550 290.2 2.4
TL 1790356727.650 152.2 2.0
TL 1790356727.751 319.7 2.2
TL 1790356727.851 170.9 2.0
TL 1790356727.951 366.1 2.0
TL 1790356728.051 301.8 2.2
TL 1790356728.151 181.0 1.8
TL 1790356728.252 260.9 2.2
TL 1790356728.352 237.6 1.9
TL 1790356728.452 209.5 2.8
TL 1790356728.552 322.0 2.3
TL 1790356728.652 101.4 2.2
TL 1790356728.752 224.4 2.2
TL 1790356728.853 456.0 1.7
TL 1790356728.953 285.7 2.9
TL 1790356729.055 1620.0 2.1
TL 1790356729.154 243.2 3.7
TL 1790356729.254 673.6 2.8
TL 1790356729.354 289.4 2.7
TL 1790356729.454 297.3 2.0
TL 1790356729.554 300.4 2.0
TL 1790356729.655 347.2 2.3
TL 1790356729.755 267.4 2.6
TL 1790356729.855 247.8 1.9
TL 1790356729.955 320.5 2.0
TL 1790356730.055 219.1 2.6
TL 1790356730.155 449.6 2.1
TL 1790356730.256 509.1 3.6
TL 1790356730.355 204.3 2.6
TL 1790356730.456 216.5 2.7
TL 1790356730.556 476.0 2.0
TL 1790356730.656 268.7 1.9
TL 1790356730.756 493.0 1.9
TL 1790356730.857 523.3 1.9
TL 1790356730.957 364.2 4.2
TL 1790356731.057 627.1 2.0
TL 1790356731.157 360.9 3.1
TL 1790356731.257 429.2 2.3
TL 1790356731.357 368.2 2.9
TL 1790356731.458 443.9 1.9
TL 1790356731.558 1027.3 2.5
TL 1790356731.658 296.2 3.4
TL 1790356731.758 443.6 2.1
TL 1790356731.858 312.0 2.0
TL 1790356731.958 177.0 3.2
TL 1790356732.059 403.0 2.7
TL 1790356732.159 147.4 2.6
TL 1790356732.259 354.6 2.9
TL 1790356732.360 366.9 3.0
TL 1790356732.460 253.4 2.2
TL 1790356732.560 287.1 2.7
TL 1790356732.660 247.8 1.9
TL 1790356732.760 384.0 3.4
TL 1790356732.860 153.3 1.9
TL 1790356732.961 387.7 3.6
TL 1790356733.061 193.7 2.6
TL 1790356733.161 340.8 2.6
TL 1790356733.261 334.1 2.1
TL 1790356733.361 425.9 3.2
TL 1790356733.461 342.8 3.0
TL 1790356733.562 462.0 2.8
TL 1790356733.662 435.1 3.4
TL 1790356733.763 375.8 2.0
TL 1790356733.864 333.6 2.3
TL 1790356733.964 308.6 2.2
TL 1790356734.067 3506.7 3.0
TL 1790356734.164 404.2 1.8
TL 1790356734.264 237.1 2.4
TL 1790356734.364 416.7 3.1
TL 1790356734.465 360.1 2.9
TL 1790356734.565 305.3 2.0
TL 1790356734.665 344.2 2.9
TL 1790356734.766 442.4 3.0
TL 1790356734.866 304.4 1.3
TL 1790356734.966 144.0 0.8
TL 1790356735.066 141.6 2.1
