1790327727.205265185  264459 1003310
1790327729.618805132       0       0
1790327731.888705704       0       0
1790327734.164277995   52325 1003001
1790327736.426482629       0       0
1790327738.698011170       0       0
1790327740.980975804       0       0
1790327743.242538929       0       0
1790327745.546900386       0       0
1790327747.833563719       0       0
1790327750.078779238       0       0
1790327752.376953456       0       0
1790327754.653150539       0       0
1790327756.918211580   44132 1002508
1790327759.182354287   43024 1002656
1790327761.433524599   54892 1002658
1790327763.833759442   42984 1002395
1790327766.103071212   62452 1002689
1790327768.370544232   46242 1002520
1790327770.655730272   61219 1002501
1790327772.913894074   50627 1002400
1790327775.176719073   63317 1002497
1790327777.482884332   54479 1002331
1790327779.748820686   65236 1002582
1790327782.022464747   71434 1002694
1790327784.268169017   67755 1002351
1790327786.539174068   66807 1002775
1790327788.819902349   67175 1002906
1790327791.083520473   50525 1002316
1790327793.362821305   53380 1002400
1790327795.618981929   48040 1002281
1790327797.999710054   70204 1002584
1790327800.269146094   62785 1002426
1790327802.543373073   68283 1002443
1790327804.804034426       0       0
1790327807.071088071   64896 1002163
1790327809.335945883   60879 1002291
1790327811.603524580   53218 1002371
1790327813.868987652   48882 1002290
1790327816.161444265   57562 1002416
1790327818.444207390   51956 1002349
1790327820.704352441   52835 1002320
1790327823.006004159   55733 1002306
1790327825.278368429   63396 1002441
1790327827.542165355       0       0
1790327829.794240823   64679 1002687
1790327832.204477488   61505 1002596
1790327834.461944415       0       0
1790327836.735574518   65561 1002393
1790327839.006768059   63701 1002465
1790327841.269733527   60909 1002461
1790327843.532083161   70319 1002506
1790327845.827263681   57371 1002520
1790327848.091792951   62314 1002575
1790327850.348963992   64913 1002417
1790327852.642243887   60960 1002467
1790327854.929609355   52302 1002878
1790327857.208372531       0       0
1790327859.541798520   56915 1002661
1790327861.870128206   42985 1002332
1790327864.175446591   64316 1002940
1790327866.650024819   67429 1002643
1790327868.936511172   59930 1002586
1790327871.233850651   60342 1002559
1790327873.542113462       0       0
1790327875.813388201   55544 1002428
1790327878.101613304   60814 1002681
1790327880.422724762   69538 1002418
1790327882.749157834       0       0
1790327885.047856218   52999 1002480
1790327887.374452415   68369 1002949
1790327889.662191164   67000 1002820
1790327891.925290903   51928 1002734
1790327894.169598975       0       0
1790327896.419400224       0       0
1790327898.650753348       0       0
1790327900.986461993       0       0
1790327903.239288034       0       0
1790327905.461538294       0       0
1790327907.825049178       0       0
