1790150844.933933108  237855 1002837
1790150847.431240607       0       0
1790150849.704713575  103211 1003930
1790150851.990797168   91172 1003913
1790150854.440586281   88565 1003046
1790150856.939791489  122381 1003874
1790150859.215694613  122381 1003874
1790150861.479733258       0       0
1790150863.789520601   63262 1002258
1790150866.059643152       0       0
1790150868.360355234       0       0
1790150870.655436379       0       0
1790150872.912449712       0       0
1790150875.230176378       0       0
1790150877.513289554   97016 1004495
1790150879.790453876  101698 1003290
1790150882.219038354  136694 1004305
1790150884.519917051  128271 1003707
1790150886.875498873  126377 1003348
1790150889.194323664  126980 1003700
1790150891.495770069  122136 1003528
1790150893.797751214  131429 1003660
1790150896.119903922  125393 1004554
1790150898.441902879  127368 1003848
1790150900.754869180  125286 1004010
1790150903.061082773  125550 1003573
1790150905.386284335  128803 1003668
1790150907.716178605  124867 1003791
1790150910.026380062  125262 1003759
1790150912.350507874  133037 1003892
1790150914.681275633  124024 1003896
1790150917.202274018  133679 1003942
1790150919.536482402  123761 1003497
1790150921.915727922  132519 1003957
1790150924.256236880  132387 1003912
1790150926.572791723  128167 1003662
1790150928.910695367  124336 1003695
1790150931.245370940  129826 1003760
1790150933.611153595  132897 1003839
1790150935.971818854  131281 1003715
1790150938.312390520  130514 1004171
1790150940.640750311  139204 1003782
1790150942.972420258  129836 1003961
1790150945.296363174  129999 1003791
1790150947.675490517  124298 1003809
1790150950.064032026  135948 1004141
1790150952.655017702  128218 1004259
1790150955.014910410  132435 1003971
1790150957.373919575  132766 1003565
1790150959.731784731  132577 1004155
1790150962.060603897  126389 1004029
1790150964.431864312  127911 1003726
1790150966.792758218  133154 1003945
1790150969.154841029  128888 1003596
1790150971.522805247  133432 1004130
1790150973.888010663  126292 1003695
1790150976.250956547  133434 1004094
1790150978.612088317  125244 1003582
1790150981.045294046  133484 1004030
1790150983.502988680  158623 1004045
1790150985.901598054  160559 1004204
1790150988.477381126  155916 1003606
1790150990.838032323  156147 1003950
1790150993.233272374  153065 1004289
1790150995.591282373  162778 1003856
1790150998.006104143  155099 1003790
1790151000.386498049  160351 1003916
1790151002.767831850  159023 1003557
1790151005.165806640  160089 1004369
1790151007.602064660  155507 1003573
1790151010.099089399  159076 1003687
1790151012.529406429  155465 1004163
1790151014.884624970  157501 1003716
1790151017.258446532  157548 1003782
1790151019.590392572       0       0
1790151021.982826165       0       0
1790151024.570848821       0       0
1790151026.994845382       0       0
1790151029.428846996  140740 1003333
1790151031.888283141       0       0
