TL 1790327946.480 64.9 0.8
TL 1790327946.580 397.4 4.3
TL 1790327946.681 540.5 1.8
TL 1790327946.781 71.0 2.0
TL 1790327946.881 118.1 2.2
TL 1790327946.981 297.1 2.0
TL 1790327947.081 308.5 3.0
TL 1790327947.182 346.0 3.7
TL 1790327947.282 477.0 5.2
TL 1790327947.382 260.7 3.9
TL 1790327947.482 400.3 2.7
TL 1790327947.583 242.7 2.9
TL 1790327947.683 358.6 4.6
TL 1790327947.783 236.8 3.2
TL 1790327947.883 96.1 2.0
TL 1790327947.983 84.8 0.6
TL 1790327948.083 255.3 2.7
TL 1790327948.183 230.8 2.4
TL 1790327948.284 302.8 2.4
TL 1790327948.384 100.7 1.8
TL 1790327948.484 276.6 1.8
TL 1790327948.584 315.5 3.2
TL 1790327948.684 231.5 2.9
TL 1790327948.784 120.4 1.8
TL 1790327948.884 62.3 1.8
TL 1790327948.985 119.2 0.6
TL 1790327949.085 122.0 1.6
TL 1790327949.185 218.7 2.4
TL 1790327949.285 288.4 3.1
TL 1790327949.386 331.4 4.2
TL 1790327949.486 142.0 1.0
TL 1790327949.586 266.8 3.9
TL 1790327949.686 408.9 3.7
TL 1790327949.786 220.2 3.9
TL 1790327949.886 89.0 1.9
TL 1790327949.986 77.9 0.8
TL 1790327950.087 169.7 1.9
TL 1790327950.187 252.9 2.6
TL 1790327950.287 541.1 3.0
TL 1790327950.387 262.1 3.0
TL 1790327950.487 94.9 0.9
TL 1790327950.588 383.2 4.7
TL 1790327950.688 382.9 4.2
TL 1790327950.788 464.3 4.0
TL 1790327950.888 326.2 3.7
TL 1790327950.988 89.9 0.7
TL 1790327951.089 394.1 3.5
TL 1790327951.189 365.7 3.3
TL 1790327951.289 283.4 2.7
TL 1790327951.389 233.6 3.6
TL 1790327951.489 115.8 0.6
TL 1790327951.590 349.8 7.6
TL 1790327951.690 192.7 3.8
TL 1790327951.790 88.6 1.7
TL 1790327951.890 268.3 2.8
TL 1790327951.991 252.0 1.1
TL 1790327952.091 197.7 3.7
TL 1790327952.191 264.1 3.3
TL 1790327952.291 147.6 1.2
TL 1790327952.392 409.8 2.2
TL 1790327952.492 470.5 0.7
TL 1790327952.592 205.7 1.8
TL 1790327952.692 57.4 1.9
TL 1790327952.806 14147.5 2.0
TL 1790327952.892 201.5 1.8
TL 1790327952.992 48.7 1.4
TL 1790327953.092 158.1 1.8
TL 1790327953.192 76.8 1.5
TL 1790327953.292 88.4 1.8
TL 1790327953.392 53.9 1.6
TL 1790327953.492 65.3 0.7
TL 1790327953.592 68.1 2.3
TL 1790327953.693 116.1 1.7
TL 1790327953.793 132.5 2.4
TL 1790327953.893 117.9 1.8
TL 1790327953.993 410.8 0.9
TL 1790327954.093 86.4 2.4
TL 1790327954.193 68.9 2.6
TL 1790327954.293 81.9 2.8
TL 1790327954.393 76.7 1.9
TL 1790327954.493 86.4 0.6
TL 1790327954.593 100.5 2.6
TL 1790327954.694 150.1 2.0
TL 1790327954.794 76.5 3.0
TL 1790327954.894 85.7 2.6
TL 1790327954.994 56.3 0.8
TL 1790327955.094 274.7 2.3
TL 1790327955.194 64.7 2.1
TL 1790327955.294 76.9 2.4
TL 1790327955.395 395.9 1.8
TL 1790327955.495 123.4 0.7
TL 1790327955.595 101.7 2.1
TL 1790327955.695 67.9 1.7
TL 1790327955.795 77.6 2.0
TL 1790327955.895 66.9 1.6
TL 1790327955.995 85.5 0.9
TL 1790327956.095 80.0 1.7
TL 1790327956.195 64.4 2.0
TL 1790327956.309 14178.6 2.1
TL 1790327956.399 3837.8 1.9
TL 1790327956.499 3996.1 1.0
TL 1790327956.610 14395.0 2.6
TL 1790327956.698 2635.2 1.6
TL 1790327956.796 387.5 1.0
TL 1790327956.896 59.6 1.9
TL 1790327956.996 112.7 0.9
TL 1790327957.096 122.8 1.8
TL 1790327957.200 4107.2 1.9
TL 1790327957.296 205.1 1.9
TL 1790327957.398 1538.4 2.0
TL 1790327957.519 22554.2 1.5
TL 1790327957.597 340.5 1.7
TL 1790327957.697 384.9 1.7
TL 1790327957.797 257.0 1.8
TL 1790327957.897 161.8 2.1
TL 1790327957.997 155.2 3.1
TL 1790327958.097 70.5 1.8
TL 1790327958.198 195.4 2.3
TL 1790327958.298 198.5 2.3
TL 1790327958.398 132.5 2.2
TL 1790327958.498 79.7 1.4
TL 1790327958.598 127.6 2.5
TL 1790327958.698 340.2 5.2
TL 1790327958.799 248.7 4.1
TL 1790327958.899 290.2 3.7
TL 1790327958.999 226.8 3.5
TL 1790327959.099 170.5 1.1
TL 1790327959.199 113.9 1.6
TL 1790327959.299 74.5 1.6
TL 1790327959.400 476.5 5.1
TL 1790327959.500 323.2 3.7
TL 1790327959.601 274.8 2.9
TL 1790327959.700 97.2 2.6
TL 1790327959.801 314.7 2.7
TL 1790327959.901 117.3 1.7
TL 1790327960.001 167.2 2.5
TL 1790327960.101 253.7 1.9
TL 1790327960.201 172.8 1.6
TL 1790327960.302 379.0 3.0
TL 1790327960.402 360.1 3.7
TL 1790327960.502 315.4 3.6
TL 1790327960.602 306.0 3.8
TL 1790327960.702 242.0 2.7
TL 1790327960.803 335.0 4.3
TL 1790327960.903 94.8 1.6
TL 1790327961.003 287.4 3.1
TL 1790327961.104 225.1 3.7
TL 1790327961.204 284.8 3.6
TL 1790327961.304 748.8 3.1
TL 1790327961.405 366.0 4.1
TL 1790327961.505 364.7 3.9
TL 1790327961.605 252.0 4.1
TL 1790327961.705 219.2 3.4
TL 1790327961.805 67.7 1.3
TL 1790327961.905 69.8 3.0
TL 1790327962.005 93.3 2.4
TL 1790327962.106 271.8 3.6
TL 1790327962.206 127.1 2.8
TL 1790327962.306 57.2 1.8
TL 1790327962.406 321.1 3.8
TL 1790327962.506 295.2 2.5
TL 1790327962.606 166.0 1.6
TL 1790327962.706 315.2 2.3
TL 1790327962.807 309.3 2.9
TL 1790327962.907 436.2 5.0
TL 1790327963.007 368.2 7.2
TL 1790327963.107 134.9 0.9
TL 1790327963.207 94.5 1.2
TL 1790327963.307 88.5 1.9
TL 1790327963.408 336.6 5.3
TL 1790327963.508 156.7 2.1
TL 1790327963.608 152.1 1.5
TL 1790327963.708 254.4 3.2
TL 1790327963.808 306.0 3.9
TL 1790327963.909 278.4 4.3
TL 1790327964.009 353.4 4.6
TL 1790327964.109 93.1 1.5
TL 1790327964.209 117.0 3.1
TL 1790327964.309 124.1 1.9
TL 1790327964.409 51.8 1.9
TL 1790327964.509 440.3 4.3
TL 1790327964.610 379.5 3.9
TL 1790327964.710 212.2 3.2
TL 1790327964.810 351.2 5.1
TL 1790327964.910 142.0 2.1
TL 1790327965.010 135.2 3.4
TL 1790327965.111 349.3 2.1
TL 1790327965.211 237.8 2.1
TL 1790327965.311 341.6 2.0
TL 1790327965.411 271.6 3.3
TL 1790327965.511 434.6 4.7
TL 1790327965.611 335.3 2.6
TL 1790327965.711 234.2 3.0
TL 1790327965.812 331.1 3.4
TL 1790327965.912 159.2 3.9
TL 1790327966.012 63.5 1.9
TL 1790327966.112 578.6 2.2
TL 1790327966.213 1380.3 3.1
TL 1790327966.313 377.5 3.3
TL 1790327966.413 308.9 2.7
TL 1790327966.513 103.4 3.9
TL 1790327966.613 382.0 5.0
TL 1790327966.713 114.5 2.2
TL 1790327966.814 491.0 2.4
TL 1790327966.913 218.8 3.0
TL 1790327967.014 505.8 2.6
TL 1790327967.114 316.2 2.8
TL 1790327967.214 116.5 1.9
TL 1790327967.314 239.7 3.1
TL 1790327967.415 825.6 4.1
TL 1790327967.515 259.3 3.0
TL 1790327967.615 219.7 4.2
TL 1790327967.715 353.1 3.7
TL 1790327967.815 330.5 3.7
TL 1790327967.915 171.0 3.7
TL 1790327968.015 124.5 1.6
TL 1790327968.115 155.4 1.4
TL 1790327968.216 124.6 2.0
TL 1790327968.316 455.6 2.4
TL 1790327968.416 187.3 2.2
TL 1790327968.516 458.7 7.1
TL 1790327968.616 170.3 2.7
TL 1790327968.716 147.4 2.1
TL 1790327968.816 68.3 1.9
TL 1790327968.916 115.3 2.2
TL 1790327969.017 298.9 3.5
TL 1790327969.117 294.1 2.2
TL 1790327969.217 289.3 3.3
TL 1790327969.318 284.3 4.0
TL 1790327969.418 577.2 4.0
TL 1790327969.518 251.8 3.7
TL 1790327969.618 328.1 3.2
TL 1790327969.718 72.8 1.8
TL 1790327969.818 90.1 1.9
TL 1790327969.918 81.4 1.8
TL 1790327970.019 324.5 2.1
TL 1790327970.119 318.1 2.0
TL 1790327970.219 229.9 2.8
TL 1790327970.321 249.5 3.7
TL 1790327970.421 337.4 4.0
TL 1790327970.521 374.2 3.5
TL 1790327970.622 351.3 4.2
TL 1790327970.722 323.8 4.0
TL 1790327970.822 83.6 1.7
TL 1790327970.922 180.2 1.7
TL 1790327971.022 97.6 1.9
TL 1790327971.122 315.8 3.5
TL 1790327971.222 325.2 3.1
TL 1790327971.323 370.6 4.0
TL 1790327971.423 257.7 2.7
TL 1790327971.523 208.9 2.0
TL 1790327971.623 106.1 1.4
TL 1790327971.723 416.8 2.3
TL 1790327971.823 141.5 2.6
TL 1790327971.923 163.2 2.5
TL 1790327972.024 295.6 4.8
TL 1790327972.124 226.1 1.5
TL 1790327972.224 71.3 2.2
TL 1790327972.324 412.9 4.9
TL 1790327972.424 177.7 1.6
TL 1790327972.525 546.4 4.0
TL 1790327972.625 596.8 3.4
TL 1790327972.725 243.9 4.0
TL 1790327972.825 220.6 4.1
TL 1790327972.925 129.2 2.2
TL 1790327973.025 63.5 1.8
TL 1790327973.125 96.9 1.5
TL 1790327973.225 144.9 1.6
TL 1790327973.326 362.6 3.8
TL 1790327973.426 334.7 5.4
TL 1790327973.526 321.2 3.6
TL 1790327973.627 326.9 3.5
TL 1790327973.727 325.4 3.5
TL 1790327973.827 258.9 4.3
TL 1790327973.927 100.6 1.5
TL 1790327974.027 132.6 2.4
TL 1790327974.127 94.4 1.8
TL 1790327974.227 278.5 2.5
TL 1790327974.328 414.8 3.8
TL 1790327974.428 332.9 2.9
TL 1790327974.528 369.2 3.2
TL 1790327974.628 398.4 2.8
TL 1790327974.729 238.4 3.1
TL 1790327974.829 196.5 2.4
TL 1790327974.929 109.2 2.3
TL 1790327975.029 125.7 2.9
TL 1790327975.130 258.7 3.0
TL 1790327975.230 327.6 2.6
TL 1790327975.330 94.6 1.4
TL 1790327975.430 323.4 3.1
TL 1790327975.530 121.4 1.6
TL 1790327975.630 228.8 3.5
TL 1790327975.731 203.1 1.4
TL 1790327975.831 102.4 1.5
TL 1790327975.931 220.1 1.6
TL 1790327976.031 77.0 2.7
TL 1790327976.131 280.9 2.6
TL 1790327976.231 136.9 1.6
TL 1790327976.332 614.0 3.4
TL 1790327976.432 123.0 1.5
TL 1790327976.532 308.1 3.5
TL 1790327976.632 199.6 2.4
TL 1790327976.733 284.8 4.5
TL 1790327976.833 119.9 1.5
TL 1790327976.933 90.9 1.9
TL 1790327977.034 853.6 1.9
TL 1790327977.133 537.9 1.7
TL 1790327977.234 741.6 2.1
TL 1790327977.333 310.6 2.0
TL 1790327977.433 56.8 1.9
TL 1790327977.533 270.9 2.1
TL 1790327977.634 485.3 2.2
TL 1790327977.734 168.2 2.1
TL 1790327977.834 89.3 1.9
TL 1790327977.934 115.4 2.1
TL 1790327978.034 80.6 1.8
TL 1790327978.134 83.3 1.2
TL 1790327978.234 66.6 2.9
TL 1790327978.334 82.6 2.1
TL 1790327978.434 81.1 1.9
TL 1790327978.534 123.4 2.1
TL 1790327978.634 93.9 1.5
TL 1790327978.735 100.0 2.8
TL 1790327978.835 106.3 1.7
TL 1790327978.935 98.4 2.1
TL 1790327979.035 60.5 1.4
TL 1790327979.135 140.1 1.5
TL 1790327979.235 94.0 1.6
TL 1790327979.335 254.6 5.0
TL 1790327979.436 293.4 5.8
TL 1790327979.536 246.1 4.2
TL 1790327979.637 416.8 4.5
TL 1790327979.736 63.9 1.8
TL 1790327979.837 430.6 2.1
TL 1790327979.937 460.5 1.8
TL 1790327980.038 815.8 4.5
TL 1790327980.138 380.7 3.6
TL 1790327980.238 240.0 3.7
TL 1790327980.338 255.6 3.8
TL 1790327980.438 92.7 2.0
TL 1790327980.538 390.5 4.2
TL 1790327980.638 82.2 1.7
TL 1790327980.740 170.0 1.6
TL 1790327980.840 208.7 3.5
TL 1790327980.941 463.2 5.4
TL 1790327981.041 304.9 5.1
TL 1790327981.141 277.6 4.8
TL 1790327981.241 120.7 2.1
TL 1790327981.341 58.3 1.9
TL 1790327981.441 101.9 1.9
TL 1790327981.541 124.0 1.7
TL 1790327981.641 204.4 2.5
TL 1790327981.742 312.6 3.9
TL 1790327981.842 260.3 5.0
TL 1790327981.942 433.6 5.6
TL 1790327982.042 62.2 1.8
TL 1790327982.142 164.8 2.0
TL 1790327982.242 388.1 2.0
TL 1790327982.342 85.2 1.9
TL 1790327982.442 74.7 2.0
TL 1790327982.543 128.9 1.9
TL 1790327982.644 944.1 1.7
TL 1790327982.743 450.9 4.2
TL 1790327982.843 193.2 3.0
TL 1790327982.944 257.5 4.3
TL 1790327983.044 314.2 2.6
TL 1790327983.144 309.6 4.1
TL 1790327983.244 400.7 3.9
TL 1790327983.344 88.8 1.9
TL 1790327983.444 95.5 1.8
TL 1790327983.545 378.7 4.6
TL 1790327983.645 410.7 3.4
TL 1790327983.745 343.0 5.7
TL 1790327983.845 273.8 3.7
TL 1790327983.945 220.2 1.8
TL 1790327984.045 93.9 2.1
TL 1790327984.146 562.3 1.8
TL 1790327984.246 215.4 1.7
TL 1790327984.346 392.1 1.8
TL 1790327984.446 78.2 1.7
TL 1790327984.547 968.8 1.5
TL 1790327984.646 77.4 1.8
TL 1790327984.746 84.2 2.1
TL 1790327984.847 305.0 7.1
TL 1790327984.947 398.8 4.8
TL 1790327985.047 62.3 2.9
TL 1790327985.147 280.5 4.9
TL 1790327985.247 253.7 4.3
TL 1790327985.347 100.4 2.0
TL 1790327985.447 73.7 1.7
TL 1790327985.547 97.0 4.1
TL 1790327985.649 2209.8 1.7
TL 1790327985.748 383.3 3.5
TL 1790327985.848 371.5 4.4
TL 1790327985.948 310.2 3.5
TL 1790327986.048 338.4 4.2
TL 1790327986.148 251.6 2.7
TL 1790327986.248 96.2 1.9
TL 1790327986.349 188.9 1.6
TL 1790327986.449 114.9 1.8
TL 1790327986.549 451.8 2.8
TL 1790327986.649 293.0 1.6
TL 1790327986.749 184.6 2.0
TL 1790327986.849 169.2 2.0
TL 1790327986.949 114.4 2.1
TL 1790327987.049 224.2 2.1
TL 1790327987.150 236.2 1.6
TL 1790327987.250 510.2 2.2
TL 1790327987.350 100.4 53.9
TL 1790327987.450 160.6 1.9
TL 1790327987.550 272.7 4.3
TL 1790327987.650 414.2 5.6
TL 1790327987.751 795.9 7.7
TL 1790327987.851 118.8 2.1
TL 1790327987.951 98.2 2.1
TL 1790327988.051 86.3 1.7
TL 1790327988.151 117.7 1.8
TL 1790327988.251 104.5 1.9
TL 1790327988.352 655.3 5.1
TL 1790327988.452 177.6 3.5
TL 1790327988.552 285.7 6.5
TL 1790327988.652 284.2 4.0
TL 1790327988.752 139.7 2.1
TL 1790327988.852 115.9 1.7
TL 1790327988.952 67.8 1.7
TL 1790327989.052 136.2 1.5
TL 1790327989.161 8183.4 1.7
TL 1790327989.258 5099.9 2.1
TL 1790327989.354 1687.5 2.0
TL 1790327989.453 83.3 1.6
TL 1790327989.553 82.4 1.7
TL 1790327989.653 136.0 1.9
TL 1790327989.753 118.9 1.8
TL 1790327989.853 100.8 1.8
TL 1790327989.953 155.3 4.9
TL 1790327990.053 160.6 2.1
TL 1790327990.154 315.9 4.6
TL 1790327990.254 250.8 3.7
TL 1790327990.354 162.3 1.8
TL 1790327990.454 111.8 1.8
TL 1790327990.554 74.2 2.2
TL 1790327990.654 99.8 1.9
TL 1790327990.754 95.1 1.8
TL 1790327990.854 148.6 1.9
TL 1790327990.955 61.3 2.9
TL 1790327991.055 208.4 2.0
TL 1790327991.155 236.4 2.0
TL 1790327991.255 255.0 3.4
TL 1790327991.355 246.1 3.1
TL 1790327991.455 102.3 1.8
TL 1790327991.555 108.2 1.8
TL 1790327991.656 89.8 4.2
TL 1790327991.756 126.9 1.9
TL 1790327991.856 101.2 1.9
TL 1790327991.956 77.8 3.3
TL 1790327992.056 125.6 1.8
TL 1790327992.160 4108.3 1.7
TL 1790327992.256 141.8 1.8
TL 1790327992.357 265.5 1.7
TL 1790327992.457 228.0 4.1
TL 1790327992.557 54.8 1.8
TL 1790327992.657 102.0 2.0
TL 1790327992.757 134.0 2.3
TL 1790327992.857 125.3 2.4
TL 1790327992.957 99.1 17.7
TL 1790327993.057 104.4 2.0
TL 1790327993.158 122.9 1.8
TL 1790327993.258 97.4 1.8
TL 1790327993.358 85.2 1.8
TL 1790327993.458 90.9 3.7
TL 1790327993.559 1272.9 2.0
TL 1790327993.658 178.8 2.9
TL 1790327993.758 61.9 1.8
TL 1790327993.858 86.4 1.9
TL 1790327993.959 213.4 1.8
TL 1790327994.059 104.8 2.0
TL 1790327994.159 55.1 1.6
TL 1790327994.259 90.2 1.6
TL 1790327994.359 75.1 1.9
TL 1790327994.459 94.7 2.0
TL 1790327994.559 76.4 1.8
TL 1790327994.662 2580.2 2.4
TL 1790327994.760 344.5 5.1
TL 1790327994.860 243.8 3.9
TL 1790327994.960 333.8 4.1
TL 1790327995.060 159.8 2.2
TL 1790327995.160 84.0 1.8
TL 1790327995.260 101.5 1.9
TL 1790327995.360 91.8 1.7
TL 1790327995.460 87.4 1.5
TL 1790327995.561 118.3 1.9
TL 1790327995.661 88.4 2.7
TL 1790327995.767 5954.3 2.8
TL 1790327995.861 195.4 4.1
TL 1790327995.961 138.8 2.2
TL 1790327996.061 134.2 3.0
TL 1790327996.161 152.4 1.9
TL 1790327996.262 1092.0 2.3
TL 1790327996.362 109.2 1.8
TL 1790327996.462 161.3 1.8
TL 1790327996.562 93.5 3.6
TL 1790327996.663 1776.4 1.9
TL 1790327996.762 391.0 4.6
TL 1790327996.862 174.4 3.5
TL 1790327996.962 143.4 7.2
TL 1790327997.063 285.9 3.9
TL 1790327997.163 328.2 2.7
TL 1790327997.263 99.8 1.9
TL 1790327997.363 102.1 1.5
TL 1790327997.463 136.2 1.5
TL 1790327997.566 2615.7 1.8
TL 1790327997.663 283.2 4.8
TL 1790327997.764 435.8 4.1
TL 1790327997.864 74.1 2.2
TL 1790327997.965 662.8 21.8
TL 1790327998.064 166.7 3.1
TL 1790327998.164 147.3 1.4
TL 1790327998.265 140.5 2.4
TL 1790327998.365 46.8 1.7
TL 1790327998.467 2721.1 1.4
TL 1790327998.565 85.3 2.2
TL 1790327998.665 344.8 3.7
TL 1790327998.765 317.3 4.7
TL 1790327998.866 467.0 4.1
TL 1790327998.965 112.7 1.6
TL 1790327999.065 102.9 1.5
TL 1790327999.166 117.5 1.6
TL 1790327999.266 166.3 2.2
TL 1790327999.366 154.8 7.9
TL 1790327999.466 221.1 1.4
TL 1790327999.566 276.7 1.8
TL 1790327999.669 2303.1 2.3
TL 1790327999.767 406.7 9.0
TL 1790327999.867 434.0 9.1
TL 1790327999.968 318.8 4.9
TL 1790328000.068 209.4 2.7
TL 1790328000.168 140.3 1.8
TL 1790328000.268 79.1 1.6
TL 1790328000.368 84.9 1.9
TL 1790328000.468 127.8 1.8
TL 1790328000.568 105.1 5.9
TL 1790328000.671 2352.4 3.1
TL 1790328000.768 115.0 1.7
TL 1790328000.869 208.9 4.7
TL 1790328000.969 146.1 2.1
TL 1790328001.069 130.9 1.9
TL 1790328001.169 127.4 2.2
TL 1790328001.269 72.2 1.5
TL 1790328001.369 188.8 1.6
TL 1790328001.469 299.9 2.9
TL 1790328001.569 53.6 1.6
TL 1790328001.669 70.1 1.2
TL 1790328001.770 579.0 3.2
TL 1790328001.870 443.9 5.6
TL 1790328001.970 277.0 4.4
TL 1790328002.071 367.5 4.6
TL 1790328002.170 103.0 1.7
TL 1790328002.270 114.2 1.8
TL 1790328002.371 132.8 1.9
TL 1790328002.471 226.4 3.1
TL 1790328002.571 89.0 1.6
TL 1790328002.671 79.8 3.2
TL 1790328002.771 59.1 1.8
TL 1790328002.877 6275.8 3.9
TL 1790328002.971 56.5 2.5
TL 1790328003.071 91.5 1.4
TL 1790328003.171 143.6 1.9
TL 1790328003.272 365.4 4.5
TL 1790328003.372 267.9 2.0
TL 1790328003.472 148.9 2.0
TL 1790328003.572 178.1 2.0
TL 1790328003.672 70.5 1.3
TL 1790328003.772 75.1 1.7
TL 1790328003.872 150.1 1.5
TL 1790328003.977 4426.9 3.0
TL 1790328004.073 540.4 4.6
TL 1790328004.174 727.4 4.8
TL 1790328004.274 430.4 3.3
TL 1790328004.374 411.2 4.1
TL 1790328004.474 225.9 3.2
TL 1790328004.574 116.7 2.2
TL 1790328004.674 127.8 1.7
TL 1790328004.774 105.5 1.8
TL 1790328004.874 91.2 1.7
TL 1790328004.975 82.6 1.7
TL 1790328005.075 251.7 1.5
TL 1790328005.177 2682.5 33.6
TL 1790328005.275 88.1 2.8
TL 1790328005.375 71.6 1.6
TL 1790328005.476 375.2 4.8
TL 1790328005.576 389.7 4.4
TL 1790328005.676 403.6 2.0
TL 1790328005.776 113.5 2.0
TL 1790328005.876 120.4 1.7
TL 1790328005.976 83.4 2.2
TL 1790328006.078 1690.8 1.7
TL 1790328006.177 419.5 4.7
TL 1790328006.277 465.3 6.1
TL 1790328006.377 114.0 1.9
TL 1790328006.477 162.3 2.0
TL 1790328006.577 65.7 1.4
TL 1790328006.677 159.8 1.9
TL 1790328006.777 135.8 1.8
TL 1790328006.877 101.7 2.0
TL 1790328006.982 4516.1 1.5
TL 1790328007.077 202.3 2.1
TL 1790328007.177 159.6 1.7
TL 1790328007.278 208.6 2.4
TL 1790328007.378 152.8 2.7
TL 1790328007.478 53.4 2.5
TL 1790328007.578 137.6 1.3
TL 1790328007.678 164.3 2.2
TL 1790328007.778 112.5 1.9
TL 1790328007.878 80.5 1.6
TL 1790328007.978 61.3 2.0
TL 1790328008.078 102.8 2.3
TL 1790328008.179 409.0 4.4
TL 1790328008.279 264.9 3.6
TL 1790328008.379 250.7 3.1
TL 1790328008.479 117.6 1.7
TL 1790328008.579 81.4 2.0
TL 1790328008.679 109.6 1.8
TL 1790328008.779 103.4 1.8
TL 1790328008.879 141.4 1.8
TL 1790328008.979 80.8 1.7
TL 1790328009.079 95.5 1.8
TL 1790328009.180 278.7 1.9
TL 1790328009.280 159.2 1.7
TL 1790328009.380 131.9 3.6
TL 1790328009.480 248.6 1.6
TL 1790328009.580 135.5 1.5
TL 1790328009.680 137.9 1.7
TL 1790328009.781 482.2 2.1
TL 1790328009.880 109.0 1.7
TL 1790328009.982 1860.4 2.2
TL 1790328010.081 111.6 2.0
TL 1790328010.181 618.6 3.1
TL 1790328010.281 458.3 4.5
TL 1790328010.381 242.3 3.1
TL 1790328010.482 162.9 1.9
TL 1790328010.582 118.4 2.0
TL 1790328010.682 151.1 1.7
TL 1790328010.782 74.1 1.9
TL 1790328010.882 108.6 1.7
TL 1790328010.982 156.3 1.8
TL 1790328011.082 90.8 2.0
TL 1790328011.182 155.6 1.9
TL 1790328011.282 178.6 2.2
TL 1790328011.382 185.7 1.7
TL 1790328011.483 135.0 2.3
TL 1790328011.583 92.3 1.8
TL 1790328011.683 124.2 1.8
TL 1790328011.783 67.8 3.0
TL 1790328011.883 57.9 2.2
TL 1790328011.987 4340.8 1.8
TL 1790328012.083 106.7 1.9
TL 1790328012.183 398.4 2.2
TL 1790328012.283 138.3 4.2
TL 1790328012.384 93.9 1.5
TL 1790328012.484 138.8 2.0
TL 1790328012.584 136.8 1.9
TL 1790328012.684 158.7 1.7
TL 1790328012.784 91.1 2.0
TL 1790328012.884 205.4 2.0
TL 1790328012.984 130.6 1.6
TL 1790328013.084 197.4 1.8
TL 1790328013.185 321.2 1.8
TL 1790328013.285 190.8 1.8
TL 1790328013.385 166.4 1.9
TL 1790328013.485 163.6 2.4
TL 1790328013.585 94.5 1.7
TL 1790328013.685 96.1 1.7
TL 1790328013.785 76.2 2.4
TL 1790328013.885 122.0 1.8
TL 1790328013.985 108.4 1.8
TL 1790328014.085 161.8 1.8
TL 1790328014.186 447.9 6.8
TL 1790328014.286 221.0 1.8
TL 1790328014.386 236.3 1.9
TL 1790328014.486 147.8 1.8
TL 1790328014.586 108.2 1.8
TL 1790328014.686 215.4 1.9
TL 1790328014.786 104.0 2.0
TL 1790328014.890 3641.7 1.5
TL 1790328014.986 81.6 1.7
TL 1790328015.087 130.2 1.9
TL 1790328015.187 121.6 1.8
TL 1790328015.287 237.0 3.5
TL 1790328015.387 110.1 2.1
TL 1790328015.487 116.0 1.8
TL 1790328015.587 123.9 9.6
TL 1790328015.687 125.8 2.5
TL 1790328015.787 140.1 2.0
TL 1790328015.887 116.2 4.2
TL 1790328015.987 115.0 1.8
TL 1790328016.088 125.7 1.9
TL 1790328016.188 131.1 1.9
TL 1790328016.288 452.8 3.5
TL 1790328016.388 157.7 2.2
TL 1790328016.488 182.1 2.4
TL 1790328016.588 112.2 1.9
TL 1790328016.689 61.2 1.8
TL 1790328016.789 299.8 1.8
TL 1790328016.889 82.5 1.6
TL 1790328016.989 124.0 1.9
TL 1790328017.089 116.5 1.8
TL 1790328017.189 120.2 1.7
TL 1790328017.289 85.8 1.7
TL 1790328017.390 79.3 1.5
TL 1790328017.490 157.7 1.9
TL 1790328017.590 101.8 1.9
TL 1790328017.690 329.2 2.2
TL 1790328017.790 335.1 3.4
TL 1790328017.891 255.9 5.8
TL 1790328017.991 114.9 1.8
TL 1790328018.091 69.5 2.5
TL 1790328018.191 145.9 1.9
TL 1790328018.291 104.0 2.7
TL 1790328018.391 100.5 3.6
TL 1790328018.491 72.5 1.6
TL 1790328018.591 89.4 1.9
TL 1790328018.692 587.3 2.1
TL 1790328018.792 301.9 4.1
TL 1790328018.892 71.4 1.9
TL 1790328018.992 82.7 1.8
TL 1790328019.092 75.4 2.2
TL 1790328019.192 91.9 1.6
TL 1790328019.293 114.5 3.9
TL 1790328019.393 90.6 1.5
TL 1790328019.493 585.0 1.6
TL 1790328019.593 82.7 1.6
TL 1790328019.693 174.3 2.2
TL 1790328019.793 117.2 1.7
TL 1790328019.893 138.6 1.8
TL 1790328019.993 147.9 1.9
TL 1790328020.094 279.6 2.0
TL 1790328020.193 105.5 2.0
TL 1790328020.294 120.5 2.1
TL 1790328020.394 118.4 3.5
TL 1790328020.494 102.4 1.6
TL 1790328020.594 196.8 2.1
TL 1790328020.694 147.7 2.4
TL 1790328020.794 76.8 1.8
TL 1790328020.894 293.6 3.3
TL 1790328020.994 208.4 1.7
TL 1790328021.095 150.4 1.6
TL 1790328021.195 135.0 2.0
TL 1790328021.295 280.9 1.9
TL 1790328021.395 103.4 1.9
TL 1790328021.495 448.6 1.8
TL 1790328021.595 340.9 1.6
TL 1790328021.696 325.8 1.7
TL 1790328021.796 278.4 3.4
TL 1790328021.896 126.1 2.3
TL 1790328021.996 143.5 2.0
TL 1790328022.096 103.2 1.7
TL 1790328022.196 141.1 1.9
TL 1790328022.296 160.7 3.9
TL 1790328022.398 2052.9 1.9
TL 1790328022.496 97.7 1.5
TL 1790328022.597 259.1 2.8
TL 1790328022.697 300.1 2.7
TL 1790328022.797 230.8 2.7
TL 1790328022.897 123.6 2.2
TL 1790328022.997 126.4 2.1
TL 1790328023.097 144.2 1.7
TL 1790328023.197 103.8 1.5
TL 1790328023.298 122.1 1.8
TL 1790328023.398 77.9 1.6
TL 1790328023.498 286.0 1.5
TL 1790328023.598 120.9 1.8
TL 1790328023.698 160.4 2.7
TL 1790328023.798 99.0 2.0
TL 1790328023.898 93.4 2.1
TL 1790328023.998 174.4 1.9
TL 1790328024.098 98.9 3.8
TL 1790328024.198 92.3 1.5
TL 1790328024.298 89.8 1.9
TL 1790328024.399 97.2 1.7
TL 1790328024.499 96.0 2.1
TL 1790328024.599 152.8 3.2
TL 1790328024.704 5285.1 2.0
TL 1790328024.799 109.0 1.8
TL 1790328024.899 99.0 1.6
TL 1790328025.000 129.7 1.8
TL 1790328025.100 112.4 1.9
TL 1790328025.200 155.5 1.7
TL 1790328025.300 143.1 2.0
TL 1790328025.400 98.0 1.7
TL 1790328025.500 128.1 1.7
TL 1790328025.600 111.8 1.6
TL 1790328025.700 244.5 1.8
TL 1790328025.800 245.9 1.6
TL 1790328025.900 143.8 2.0
TL 1790328026.000 123.1 3.6
TL 1790328026.101 118.6 1.7
TL 1790328026.201 71.1 3.1
TL 1790328026.301 142.3 1.8
TL 1790328026.401 113.2 1.4
TL 1790328026.501 115.8 1.6
TL 1790328026.601 109.1 2.2
TL 1790328026.701 71.0 3.7
TL 1790328026.801 127.1 1.8
TL 1790328026.902 672.3 3.7
TL 1790328027.002 133.7 1.8
TL 1790328027.102 92.3 1.8
TL 1790328027.202 78.1 1.7
TL 1790328027.302 104.9 2.0
TL 1790328027.402 110.8 1.9
TL 1790328027.502 77.5 2.4
TL 1790328027.602 92.9 1.8
TL 1790328027.704 1291.2 2.9
TL 1790328027.803 293.7 5.2
TL 1790328027.903 130.4 1.8
TL 1790328028.003 114.0 2.0
TL 1790328028.103 87.7 2.7
TL 1790328028.203 131.1 2.2
TL 1790328028.303 112.2 2.3
TL 1790328028.403 71.8 2.1
TL 1790328028.503 132.6 1.9
TL 1790328028.604 328.1 2.2
TL 1790328028.704 129.8 1.7
TL 1790328028.804 166.8 3.5
TL 1790328028.904 194.1 2.1
TL 1790328029.004 153.2 2.0
TL 1790328029.104 132.1 1.8
TL 1790328029.204 125.2 2.1
TL 1790328029.304 99.0 2.2
TL 1790328029.404 83.2 1.9
TL 1790328029.505 584.9 2.9
TL 1790328029.605 218.5 2.0
TL 1790328029.705 144.2 2.0
TL 1790328029.805 132.8 2.9
TL 1790328029.905 149.2 1.8
TL 1790328030.005 107.1 1.7
TL 1790328030.105 102.8 1.8
TL 1790328030.205 119.9 2.4
TL 1790328030.305 82.3 2.0
TL 1790328030.405 74.7 2.0
TL 1790328030.506 328.3 2.7
TL 1790328030.606 334.1 4.2
TL 1790328030.706 250.6 1.9
TL 1790328030.806 136.7 2.8
TL 1790328030.906 227.4 2.5
TL 1790328031.006 119.7 1.8
TL 1790328031.106 100.6 1.7
TL 1790328031.206 125.2 1.7
TL 1790328031.306 111.9 1.6
TL 1790328031.407 279.6 3.4
TL 1790328031.507 119.9 1.8
TL 1790328031.607 168.7 1.8
TL 1790328031.707 332.1 1.8
TL 1790328031.807 126.3 1.8
TL 1790328031.907 73.2 1.9
TL 1790328032.007 161.5 1.8
TL 1790328032.107 116.4 1.8
TL 1790328032.207 142.2 1.8
TL 1790328032.309 1454.7 2.0
TL 1790328032.408 139.3 1.8
TL 1790328032.508 115.3 2.1
TL 1790328032.608 163.9 1.9
TL 1790328032.708 138.1 1.6
TL 1790328032.808 205.7 2.0
TL 1790328032.908 139.0 1.7
TL 1790328033.008 121.9 1.9
TL 1790328033.109 644.3 2.0
TL 1790328033.209 79.2 3.6
TL 1790328033.309 109.8 1.9
TL 1790328033.409 112.1 1.6
TL 1790328033.509 74.2 1.8
TL 1790328033.609 366.1 3.4
TL 1790328033.710 406.2 5.2
TL 1790328033.809 162.4 3.3
TL 1790328033.909 78.2 1.8
TL 1790328034.010 108.6 1.7
TL 1790328034.110 243.2 1.5
TL 1790328034.210 182.9 2.0
TL 1790328034.310 130.1 1.8
TL 1790328034.410 130.3 1.8
TL 1790328034.510 114.5 1.9
TL 1790328034.610 168.0 1.8
TL 1790328034.710 63.9 1.8
TL 1790328034.810 138.9 1.9
TL 1790328034.911 211.9 2.8
TL 1790328035.011 218.6 1.7
TL 1790328035.111 134.4 1.8
TL 1790328035.211 164.8 1.9
TL 1790328035.311 198.2 1.5
TL 1790328035.411 112.2 2.5
TL 1790328035.511 79.2 3.2
TL 1790328035.611 150.8 2.2
TL 1790328035.711 109.7 1.6
TL 1790328035.812 311.4 4.5
TL 1790328035.912 76.6 2.0
TL 1790328036.012 299.3 3.3
TL 1790328036.112 91.4 2.0
TL 1790328036.212 119.9 1.8
TL 1790328036.312 148.3 1.7
TL 1790328036.412 99.3 3.4
TL 1790328036.512 95.3 2.1
TL 1790328036.612 99.6 1.6
TL 1790328036.713 109.0 1.8
TL 1790328036.813 124.3 1.7
TL 1790328036.913 96.0 1.8
TL 1790328037.013 137.8 1.8
TL 1790328037.113 84.5 1.7
TL 1790328037.213 151.5 2.0
TL 1790328037.313 174.2 1.9
TL 1790328037.413 112.5 1.9
TL 1790328037.513 98.1 1.7
TL 1790328037.613 90.5 1.9
TL 1790328037.719 5594.2 1.5
TL 1790328037.814 68.3 1.6
TL 1790328037.914 74.6 1.7
TL 1790328038.014 160.3 4.9
TL 1790328038.114 224.1 3.9
TL 1790328038.216 1603.6 5.4
TL 1790328038.314 124.2 2.8
TL 1790328038.415 79.7 2.0
TL 1790328038.515 115.4 6.9
TL 1790328038.615 115.1 1.7
TL 1790328038.716 857.0 1.9
TL 1790328038.815 148.6 2.0
TL 1790328038.915 79.6 2.0
TL 1790328039.015 99.5 1.8
TL 1790328039.115 78.9 1.8
TL 1790328039.216 100.7 1.9
TL 1790328039.316 155.6 1.8
TL 1790328039.416 101.9 1.8
TL 1790328039.516 95.1 2.1
TL 1790328039.619 3465.7 2.8
TL 1790328039.716 378.1 3.9
TL 1790328039.816 172.7 2.2
TL 1790328039.916 139.6 1.7
TL 1790328040.016 91.6 2.1
TL 1790328040.117 121.3 2.0
TL 1790328040.217 80.3 1.7
TL 1790328040.318 267.2 2.1
TL 1790328040.418 124.5 1.8
TL 1790328040.518 234.1 11.8
TL 1790328040.618 289.2 3.9
TL 1790328040.718 161.3 2.8
TL 1790328040.818 131.1 1.8
TL 1790328040.918 97.9 1.9
TL 1790328041.018 126.1 2.2
TL 1790328041.119 78.7 2.3
TL 1790328041.219 128.7 2.0
TL 1790328041.319 138.1 1.9
TL 1790328041.419 81.3 1.8
TL 1790328041.520 556.0 2.6
TL 1790328041.620 401.9 4.2
TL 1790328041.720 351.8 3.3
TL 1790328041.820 314.5 1.9
TL 1790328041.920 122.7 1.8
TL 1790328042.020 93.3 1.9
TL 1790328042.120 129.8 2.6
TL 1790328042.220 71.7 1.8
TL 1790328042.326 6550.6 1.7
TL 1790328042.420 103.9 2.1
TL 1790328042.520 94.0 4.1
TL 1790328042.620 126.0 2.0
TL 1790328042.720 105.4 2.8
TL 1790328042.821 223.2 2.3
TL 1790328042.921 140.0 1.9
TL 1790328043.021 81.0 1.8
TL 1790328043.121 113.5 1.6
TL 1790328043.224 2680.3 1.6
TL 1790328043.321 229.0 3.3
TL 1790328043.421 135.5 1.9
TL 1790328043.521 102.9 1.8
TL 1790328043.622 211.3 3.5
TL 1790328043.722 138.2 3.0
TL 1790328043.822 117.7 2.1
TL 1790328043.922 89.4 2.0
TL 1790328044.022 113.0 1.8
TL 1790328044.125 3252.3 1.7
TL 1790328044.223 484.9 3.9
TL 1790328044.323 127.4 2.3
TL 1790328044.423 108.8 1.7
TL 1790328044.523 114.6 2.0
TL 1790328044.623 101.8 3.5
TL 1790328044.723 91.8 1.8
TL 1790328044.823 130.7 1.7
TL 1790328044.923 128.6 2.0
TL 1790328045.023 152.8 1.3
TL 1790328045.126 2649.5 1.4
TL 1790328045.224 269.3 3.3
TL 1790328045.324 157.2 2.0
TL 1790328045.424 95.7 2.0
TL 1790328045.524 168.9 1.9
TL 1790328045.624 149.7 2.0
TL 1790328045.724 130.0 2.0
TL 1790328045.824 111.5 1.8
TL 1790328045.924 152.8 2.0
TL 1790328046.024 159.9 2.7
TL 1790328046.125 222.9 2.7
TL 1790328046.225 159.2 2.8
TL 1790328046.325 101.9 2.8
TL 1790328046.425 200.6 1.8
TL 1790328046.525 149.7 2.2
TL 1790328046.625 102.9 1.7
TL 1790328046.725 158.8 2.3
TL 1790328046.825 178.6 2.0
TL 1790328046.925 96.7 1.8
TL 1790328047.026 987.7 2.1
TL 1790328047.126 344.5 1.9
TL 1790328047.225 90.4 1.7
TL 1790328047.326 370.7 2.6
TL 1790328047.426 142.6 2.2
TL 1790328047.526 81.8 2.9
TL 1790328047.626 134.6 1.8
TL 1790328047.726 130.3 1.8
TL 1790328047.826 100.7 3.6
TL 1790328047.926 84.3 3.0
TL 1790328048.026 120.7 3.8
TL 1790328048.127 83.9 2.1
TL 1790328048.227 133.7 2.3
TL 1790328048.327 377.6 2.1
TL 1790328048.428 699.9 3.0
TL 1790328048.527 137.3 1.7
TL 1790328048.627 114.3 1.8
TL 1790328048.727 149.5 1.7
TL 1790328048.828 167.4 1.8
TL 1790328048.928 194.5 2.0
TL 1790328049.028 124.6 1.6
TL 1790328049.128 244.6 1.5
TL 1790328049.229 472.7 2.0
TL 1790328049.330 1636.2 1.7
TL 1790328049.429 81.6 2.0
TL 1790328049.529 130.1 2.1
TL 1790328049.629 159.3 1.8
TL 1790328049.729 171.3 1.9
TL 1790328049.829 121.2 1.8
TL 1790328049.929 155.5 3.7
TL 1790328050.029 220.4 2.2
TL 1790328050.129 104.2 1.7
TL 1790328050.230 105.2 2.4
TL 1790328050.330 250.7 2.1
TL 1790328050.430 299.8 3.7
TL 1790328050.530 140.7 2.4
TL 1790328050.630 108.4 4.0
TL 1790328050.731 259.2 1.8
TL 1790328050.831 197.2 2.6
TL 1790328050.931 138.3 2.0
TL 1790328051.031 156.6 2.0
TL 1790328051.131 138.3 2.1
TL 1790328051.231 81.3 2.4
TL 1790328051.332 291.7 1.6
TL 1790328051.431 165.1 2.0
TL 1790328051.532 114.2 2.8
TL 1790328051.632 83.3 2.0
TL 1790328051.732 87.7 2.4
TL 1790328051.832 128.3 2.2
TL 1790328051.932 181.0 2.0
TL 1790328052.032 148.0 2.1
TL 1790328052.132 140.4 1.8
TL 1790328052.232 80.7 1.9
TL 1790328052.332 158.4 1.7
TL 1790328052.433 315.1 3.5
TL 1790328052.533 301.4 3.3
TL 1790328052.633 175.7 1.7
TL 1790328052.733 100.7 2.0
TL 1790328052.833 73.6 2.0
TL 1790328052.933 107.3 1.9
TL 1790328053.033 82.4 2.3
TL 1790328053.133 115.1 1.8
TL 1790328053.233 162.3 1.7
TL 1790328053.334 377.4 3.5
TL 1790328053.434 394.9 3.7
TL 1790328053.534 291.2 1.9
TL 1790328053.634 139.7 2.1
TL 1790328053.734 110.7 2.1
TL 1790328053.834 128.4 2.0
TL 1790328053.934 159.3 1.8
TL 1790328054.034 54.5 1.7
TL 1790328054.137 2695.6 1.9
TL 1790328054.235 147.1 2.2
TL 1790328054.335 140.3 2.1
TL 1790328054.435 238.7 1.6
TL 1790328054.535 150.4 1.6
TL 1790328054.635 131.5 1.9
TL 1790328054.735 134.6 1.9
TL 1790328054.835 185.3 1.8
TL 1790328054.935 160.1 1.9
TL 1790328055.036 564.4 1.8
TL 1790328055.136 217.0 3.2
TL 1790328055.236 174.2 4.3
TL 1790328055.336 195.3 1.9
TL 1790328055.436 177.9 2.1
TL 1790328055.536 115.1 1.5
TL 1790328055.636 120.6 1.9
TL 1790328055.736 122.4 2.0
TL 1790328055.837 1086.1 1.6
TL 1790328055.937 146.5 1.7
TL 1790328056.037 219.8 1.8
TL 1790328056.137 174.8 1.9
TL 1790328056.237 115.9 3.9
TL 1790328056.337 185.5 1.5
TL 1790328056.438 162.0 1.8
TL 1790328056.538 77.4 1.9
TL 1790328056.639 1006.2 1.9
TL 1790328056.738 101.4 1.6
TL 1790328056.838 79.7 1.8
TL 1790328056.938 181.8 1.8
TL 1790328057.038 87.1 2.2
TL 1790328057.138 170.4 1.9
TL 1790328057.239 310.6 3.0
TL 1790328057.338 155.4 1.9
TL 1790328057.439 151.2 2.0
TL 1790328057.539 161.1 2.4
TL 1790328057.639 108.3 1.7
TL 1790328057.739 110.1 2.2
TL 1790328057.839 96.7 2.0
TL 1790328057.939 372.1 2.1
TL 1790328058.039 74.8 1.8
TL 1790328058.139 263.7 3.8
TL 1790328058.239 96.6 1.7
TL 1790328058.340 175.3 2.2
TL 1790328058.440 123.0 2.4
TL 1790328058.540 185.8 1.9
TL 1790328058.640 131.6 2.1
TL 1790328058.740 153.3 1.7
TL 1790328058.840 104.5 1.8
TL 1790328058.940 236.3 1.8
TL 1790328059.040 92.1 1.7
TL 1790328059.140 190.0 1.6
TL 1790328059.241 117.0 2.1
TL 1790328059.341 68.8 1.7
TL 1790328059.441 219.2 2.2
TL 1790328059.541 169.0 1.7
TL 1790328059.641 264.3 2.9
TL 1790328059.741 99.3 1.8
TL 1790328059.841 63.7 1.9
TL 1790328059.941 161.0 2.6
TL 1790328060.041 139.7 1.7
TL 1790328060.141 100.6 1.8
TL 1790328060.242 337.2 2.6
TL 1790328060.342 464.7 3.1
TL 1790328060.442 172.6 2.4
TL 1790328060.543 260.3 2.0
TL 1790328060.643 99.7 1.8
TL 1790328060.743 111.6 1.8
TL 1790328060.843 87.6 2.2
TL 1790328060.943 149.7 1.8
TL 1790328061.044 258.9 1.8
TL 1790328061.144 260.2 2.0
TL 1790328061.244 116.4 1.8
TL 1790328061.344 90.4 1.7
TL 1790328061.444 158.8 1.6
TL 1790328061.544 198.3 1.7
TL 1790328061.644 121.5 2.3
TL 1790328061.744 99.5 1.7
TL 1790328061.844 119.6 2.0
TL 1790328061.944 53.3 1.8
TL 1790328062.045 418.3 4.0
TL 1790328062.145 291.1 3.8
TL 1790328062.245 153.3 2.2
TL 1790328062.345 121.0 2.0
TL 1790328062.445 101.9 1.7
TL 1790328062.545 96.4 1.9
TL 1790328062.645 149.3 1.7
TL 1790328062.745 110.4 1.9
TL 1790328062.845 68.6 2.3
TL 1790328062.946 115.6 1.8
TL 1790328063.046 83.6 4.8
TL 1790328063.146 389.8 7.9
TL 1790328063.247 240.1 3.2
TL 1790328063.347 98.2 1.7
TL 1790328063.447 82.0 1.9
TL 1790328063.547 150.1 1.8
TL 1790328063.647 128.4 1.9
TL 1790328063.747 365.5 3.3
TL 1790328063.848 406.5 1.8
TL 1790328063.947 135.8 1.6
TL 1790328064.048 172.2 2.2
TL 1790328064.150 1312.5 1.7
TL 1790328064.250 269.1 2.3
TL 1790328064.350 219.3 2.2
TL 1790328064.450 95.2 1.9
TL 1790328064.550 107.1 3.7
TL 1790328064.650 135.2 1.8
TL 1790328064.750 98.9 1.7
TL 1790328064.851 694.4 1.9
TL 1790328064.951 331.0 3.2
TL 1790328065.050 144.5 2.0
TL 1790328065.151 142.6 1.9
TL 1790328065.251 139.7 2.2
TL 1790328065.351 119.3 2.0
TL 1790328065.451 118.8 2.1
TL 1790328065.551 111.2 18.7
TL 1790328065.652 678.1 1.7
TL 1790328065.752 455.9 2.1
TL 1790328065.852 132.4 1.8
TL 1790328065.952 126.3 1.3
TL 1790328066.052 194.8 1.8
TL 1790328066.152 221.4 1.8
TL 1790328066.252 107.4 1.5
TL 1790328066.352 115.5 1.8
TL 1790328066.452 118.3 5.9
TL 1790328066.554 1343.3 1.8
TL 1790328066.653 251.8 3.9
TL 1790328066.753 112.0 2.1
TL 1790328066.853 74.6 1.6
TL 1790328066.953 138.6 1.7
TL 1790328067.053 140.2 1.8
TL 1790328067.153 175.7 1.7
TL 1790328067.253 149.3 2.2
TL 1790328067.353 122.7 1.9
TL 1790328067.454 245.7 2.9
TL 1790328067.554 170.8 2.8
TL 1790328067.654 135.2 2.1
TL 1790328067.754 83.7 1.7
TL 1790328067.854 93.2 1.8
TL 1790328067.955 97.8 1.7
TL 1790328068.055 90.5 2.0
TL 1790328068.155 405.9 1.6
TL 1790328068.257 2407.1 2.0
TL 1790328068.355 266.1 4.4
TL 1790328068.455 124.8 1.4
TL 1790328068.555 137.6 1.7
TL 1790328068.656 292.4 2.1
TL 1790328068.756 317.4 1.6
TL 1790328068.856 103.5 2.0
TL 1790328068.956 111.0 3.5
TL 1790328069.056 155.8 1.5
TL 1790328069.157 219.5 1.6
TL 1790328069.257 514.8 1.8
TL 1790328069.357 172.3 2.1
TL 1790328069.457 89.6 2.2
TL 1790328069.557 104.9 1.8
TL 1790328069.657 109.3 2.1
TL 1790328069.757 94.0 2.0
TL 1790328069.857 89.3 2.1
TL 1790328069.957 100.5 1.9
TL 1790328070.058 557.1 3.7
TL 1790328070.158 588.3 3.2
TL 1790328070.258 204.8 2.3
TL 1790328070.359 189.6 2.0
TL 1790328070.459 284.0 1.9
TL 1790328070.559 129.0 1.5
TL 1790328070.659 129.3 1.8
TL 1790328070.759 95.1 1.8
TL 1790328070.860 140.0 1.6
TL 1790328070.960 75.9 1.9
TL 1790328071.060 109.9 1.7
TL 1790328071.160 181.8 2.9
TL 1790328071.260 117.6 1.7
TL 1790328071.360 207.5 1.7
TL 1790328071.460 187.1 1.9
TL 1790328071.561 126.0 2.1
TL 1790328071.661 124.7 1.7
TL 1790328071.761 136.6 1.9
TL 1790328071.861 99.2 1.8
TL 1790328071.961 89.3 1.9
TL 1790328072.061 80.7 17.6
TL 1790328072.161 258.4 2.0
TL 1790328072.261 86.5 2.7
TL 1790328072.361 190.3 3.0
TL 1790328072.462 113.4 1.8
TL 1790328072.562 83.9 1.7
TL 1790328072.662 61.1 2.4
TL 1790328072.763 1734.9 2.3
TL 1790328072.862 87.7 1.8
TL 1790328072.962 81.1 1.5
TL 1790328073.062 200.6 1.8
TL 1790328073.162 257.3 2.4
TL 1790328073.263 112.3 2.6
TL 1790328073.363 118.0 1.8
TL 1790328073.463 139.3 1.9
TL 1790328073.563 115.3 1.5
TL 1790328073.663 229.2 2.0
TL 1790328073.763 194.8 2.0
TL 1790328073.863 132.7 2.1
TL 1790328073.963 143.3 1.9
TL 1790328074.063 76.4 1.8
TL 1790328074.165 880.1 2.1
TL 1790328074.264 332.7 3.7
TL 1790328074.364 132.6 1.8
TL 1790328074.464 100.1 2.0
TL 1790328074.564 187.6 2.4
TL 1790328074.664 138.6 1.8
TL 1790328074.764 106.4 3.4
TL 1790328074.865 134.8 1.7
TL 1790328074.965 120.1 1.6
TL 1790328075.065 214.1 1.9
TL 1790328075.167 2188.5 2.0
TL 1790328075.265 95.2 1.9
TL 1790328075.365 74.6 1.8
TL 1790328075.465 122.6 1.9
TL 1790328075.565 91.2 1.8
TL 1790328075.666 135.8 1.7
TL 1790328075.766 118.4 2.1
TL 1790328075.866 148.6 1.8
TL 1790328075.966 132.0 1.9
TL 1790328076.066 318.4 5.1
TL 1790328076.167 383.6 3.7
TL 1790328076.267 249.5 3.1
TL 1790328076.367 129.9 1.8
TL 1790328076.467 95.2 1.5
TL 1790328076.567 135.1 1.8
TL 1790328076.667 115.3 2.1
TL 1790328076.768 181.6 2.8
TL 1790328076.868 115.7 2.2
TL 1790328076.968 117.8 1.6
TL 1790328077.068 120.1 1.8
TL 1790328077.168 70.3 1.6
TL 1790328077.268 223.6 2.1
TL 1790328077.368 334.0 1.7
TL 1790328077.468 198.5 2.1
TL 1790328077.568 102.7 2.2
TL 1790328077.668 122.6 1.9
TL 1790328077.769 120.4 2.2
TL 1790328077.869 155.9 2.1
TL 1790328077.969 139.4 2.1
TL 1790328078.069 114.8 1.5
TL 1790328078.169 319.0 1.8
TL 1790328078.269 194.4 3.1
TL 1790328078.369 86.6 1.6
TL 1790328078.469 108.8 2.4
TL 1790328078.570 84.2 1.7
TL 1790328078.670 84.6 1.7
TL 1790328078.770 130.2 1.8
TL 1790328078.870 128.0 1.9
TL 1790328078.970 78.1 1.9
TL 1790328079.070 72.1 1.7
TL 1790328079.170 85.0 3.4
TL 1790328079.270 274.3 4.3
TL 1790328079.370 142.5 2.1
TL 1790328079.471 112.8 2.2
TL 1790328079.571 102.0 1.8
TL 1790328079.672 1380.6 2.9
TL 1790328079.771 104.6 1.8
TL 1790328079.871 118.1 1.8
TL 1790328079.971 155.6 2.6
TL 1790328080.071 117.5 2.4
TL 1790328080.171 103.2 4.5
TL 1790328080.271 99.3 1.8
TL 1790328080.372 145.9 1.7
TL 1790328080.472 76.2 1.8
TL 1790328080.572 125.3 1.8
TL 1790328080.673 691.0 4.9
TL 1790328080.772 229.5 31.4
TL 1790328080.872 277.0 4.6
TL 1790328080.973 304.6 3.6
TL 1790328081.073 141.2 1.8
TL 1790328081.173 115.1 1.8
TL 1790328081.273 146.9 2.1
TL 1790328081.373 106.4 2.3
TL 1790328081.473 90.4 4.7
TL 1790328081.573 228.8 4.8
TL 1790328081.674 174.7 2.4
TL 1790328081.774 225.5 3.2
TL 1790328081.874 55.7 1.6
TL 1790328081.974 63.0 1.7
TL 1790328082.074 63.6 2.0
TL 1790328082.174 97.9 1.9
TL 1790328082.274 115.2 1.9
TL 1790328082.374 108.9 1.6
TL 1790328082.475 896.5 1.9
TL 1790328082.575 391.4 4.4
TL 1790328082.675 341.8 5.4
TL 1790328082.775 113.3 1.9
TL 1790328082.875 97.8 2.0
TL 1790328082.975 84.3 1.9
TL 1790328083.075 123.5 2.4
TL 1790328083.175 103.1 1.9
TL 1790328083.276 194.9 1.8
TL 1790328083.376 176.0 1.9
TL 1790328083.477 955.8 3.9
TL 1790328083.577 780.2 4.5
TL 1790328083.676 379.8 4.0
TL 1790328083.777 331.6 3.6
TL 1790328083.876 73.2 2.1
TL 1790328083.977 127.4 87.6
TL 1790328084.077 92.4 1.5
TL 1790328084.187 9882.8 2.2
TL 1790328084.282 5551.8 2.5
TL 1790328084.380 2715.8 1.8
TL 1790328084.477 131.9 2.7
TL 1790328084.577 118.8 1.9
TL 1790328084.677 108.2 1.6
TL 1790328084.778 126.7 1.9
TL 1790328084.878 129.3 3.5
TL 1790328084.978 97.9 1.9
TL 1790328085.081 2737.1 2.2
TL 1790328085.178 299.4 3.7
TL 1790328085.279 736.7 3.1
TL 1790328085.379 322.5 27.6
TL 1790328085.478 107.6 2.2
TL 1790328085.579 108.9 1.8
TL 1790328085.679 259.8 3.1
TL 1790328085.779 119.8 2.1
TL 1790328085.879 135.5 2.0
TL 1790328085.980 138.5 1.8
TL 1790328086.080 98.3 1.9
TL 1790328086.180 103.1 1.9
TL 1790328086.280 292.0 1.9
TL 1790328086.380 94.0 3.4
TL 1790328086.480 91.0 2.0
TL 1790328086.580 158.5 2.0
TL 1790328086.680 130.2 2.0
TL 1790328086.780 129.3 2.2
TL 1790328086.880 144.6 1.4
TL 1790328086.980 137.7 2.2
TL 1790328087.081 100.9 2.0
TL 1790328087.181 75.8 1.9
TL 1790328087.281 109.5 4.1
TL 1790328087.381 86.9 1.8
TL 1790328087.482 391.9 4.0
TL 1790328087.582 104.0 2.1
TL 1790328087.682 358.6 1.8
TL 1790328087.782 349.0 1.7
TL 1790328087.882 269.8 1.8
TL 1790328087.982 107.9 2.2
TL 1790328088.082 106.3 1.9
TL 1790328088.183 58.9 1.7
TL 1790328088.283 133.5 4.1
TL 1790328088.383 115.3 2.2
TL 1790328088.483 116.9 2.4
TL 1790328088.583 124.0 19.4
TL 1790328088.686 3381.0 1.8
TL 1790328088.783 182.7 2.1
TL 1790328088.883 200.2 2.4
TL 1790328088.983 65.0 2.4
TL 1790328089.083 132.9 1.9
TL 1790328089.184 137.7 1.5
TL 1790328089.284 160.8 3.5
TL 1790328089.384 160.9 2.6
TL 1790328089.484 119.7 2.2
TL 1790328089.584 113.1 2.6
TL 1790328089.684 73.1 2.1
TL 1790328089.784 233.9 3.1
TL 1790328089.885 297.6 4.0
TL 1790328089.985 151.0 2.0
TL 1790328090.085 192.6 1.6
TL 1790328090.185 139.6 2.2
TL 1790328090.285 95.6 1.8
TL 1790328090.385 108.9 2.4
TL 1790328090.485 211.0 1.9
TL 1790328090.585 157.3 2.2
TL 1790328090.685 107.5 1.9
TL 1790328090.786 110.0 2.5
TL 1790328090.889 3077.9 1.7
TL 1790328090.986 363.6 5.5
TL 1790328091.086 60.4 1.8
TL 1790328091.186 159.3 1.8
TL 1790328091.286 125.6 2.1
TL 1790328091.386 176.9 1.9
TL 1790328091.486 118.0 2.1
TL 1790328091.586 77.2 1.8
TL 1790328091.687 133.2 2.2
TL 1790328091.787 128.3 1.9
TL 1790328091.887 126.8 2.1
TL 1790328091.987 114.5 1.9
TL 1790328092.087 161.6 2.2
TL 1790328092.187 129.3 2.0
TL 1790328092.287 97.2 2.1
TL 1790328092.387 108.7 1.8
TL 1790328092.489 1502.7 2.1
TL 1790328092.587 163.4 2.4
TL 1790328092.688 236.5 3.4
TL 1790328092.788 120.5 1.7
TL 1790328092.888 83.6 3.7
TL 1790328092.988 87.0 1.9
TL 1790328093.088 230.3 1.8
TL 1790328093.188 129.0 1.6
TL 1790328093.289 1034.8 1.7
TL 1790328093.389 380.6 4.3
TL 1790328093.489 89.7 1.9
TL 1790328093.589 242.1 2.4
TL 1790328093.689 62.9 1.9
TL 1790328093.789 95.5 1.8
TL 1790328093.889 147.1 2.0
TL 1790328093.989 168.5 3.1
TL 1790328094.089 140.6 1.9
TL 1790328094.190 174.7 1.9
TL 1790328094.290 117.4 1.8
TL 1790328094.390 88.9 2.0
TL 1790328094.490 396.1 4.9
TL 1790328094.590 245.9 5.7
TL 1790328094.691 346.5 4.7
TL 1790328094.791 275.9 3.4
TL 1790328094.891 105.8 1.9
TL 1790328094.991 71.4 2.2
TL 1790328095.091 57.1 3.7
TL 1790328095.191 103.6 2.1
TL 1790328095.291 81.6 1.9
TL 1790328095.391 275.2 4.0
TL 1790328095.491 301.4 5.2
TL 1790328095.592 225.8 4.3
TL 1790328095.692 380.4 4.7
TL 1790328095.792 121.0 2.8
TL 1790328095.892 63.3 2.4
TL 1790328095.992 95.4 1.8
TL 1790328096.092 113.7 1.8
TL 1790328096.192 105.0 1.8
TL 1790328096.292 74.6 1.9
TL 1790328096.393 258.6 4.8
TL 1790328096.493 117.6 3.0
TL 1790328096.593 483.1 6.3
TL 1790328096.693 91.0 2.1
TL 1790328096.793 157.9 1.8
TL 1790328096.893 113.7 2.1
TL 1790328096.993 123.1 2.1
TL 1790328097.093 145.6 2.0
TL 1790328097.193 109.7 1.8
TL 1790328097.294 133.4 2.1
TL 1790328097.394 436.2 3.4
TL 1790328097.494 396.7 4.2
TL 1790328097.594 298.1 4.3
TL 1790328097.696 678.8 4.5
TL 1790328097.795 124.1 1.9
TL 1790328097.895 177.1 1.7
TL 1790328097.995 99.1 1.8
TL 1790328098.096 357.5 1.6
TL 1790328098.196 58.1 1.8
TL 1790328098.297 1309.5 2.8
TL 1790328098.396 428.3 4.6
TL 1790328098.497 372.8 5.2
TL 1790328098.597 159.4 2.4
TL 1790328098.697 66.4 2.1
TL 1790328098.797 101.9 2.2
TL 1790328098.897 105.6 1.9
TL 1790328098.997 100.9 1.6
TL 1790328099.097 59.5 1.8
TL 1790328099.197 53.9 1.7
TL 1790328099.297 66.7 1.8
TL 1790328099.397 139.5 1.8
TL 1790328099.497 135.2 1.7
TL 1790328099.598 219.2 1.8
TL 1790328099.698 77.4 1.6
TL 1790328099.798 112.7 2.2
TL 1790328099.898 118.4 2.2
TL 1790328099.998 117.4 1.7
TL 1790328100.098 151.1 1.9
TL 1790328100.198 95.8 2.4
TL 1790328100.300 1917.4 2.4
TL 1790328100.399 244.4 2.1
TL 1790328100.499 79.6 1.8
TL 1790328100.599 74.9 1.8
TL 1790328100.699 161.3 1.8
TL 1790328100.799 135.5 2.0
TL 1790328100.899 137.8 1.7
TL 1790328100.999 111.8 1.9
TL 1790328101.099 140.8 2.1
TL 1790328101.199 108.2 2.2
TL 1790328101.300 829.2 2.4
TL 1790328101.400 175.1 2.4
TL 1790328101.500 85.3 2.2
TL 1790328101.600 135.5 2.0
TL 1790328101.700 246.6 1.9
TL 1790328101.800 167.8 2.1
TL 1790328101.900 117.6 1.9
TL 1790328102.000 146.7 2.1
TL 1790328102.100 140.7 2.3
TL 1790328102.200 100.1 1.6
TL 1790328102.300 125.4 1.7
TL 1790328102.401 422.7 3.5
TL 1790328102.501 74.0 2.6
TL 1790328102.601 225.4 3.3
TL 1790328102.701 54.1 1.6
TL 1790328102.801 333.4 1.9
TL 1790328102.902 600.2 2.8
TL 1790328103.002 133.0 2.1
TL 1790328103.102 285.5 1.9
TL 1790328103.202 99.8 1.9
TL 1790328103.302 84.6 2.0
TL 1790328103.402 82.1 2.2
TL 1790328103.502 79.3 2.2
TL 1790328103.602 136.8 2.3
TL 1790328103.703 523.7 4.6
TL 1790328103.802 97.4 2.0
TL 1790328103.903 150.3 2.0
TL 1790328104.003 192.5 2.0
TL 1790328104.103 135.4 1.9
TL 1790328104.203 120.4 3.9
TL 1790328104.303 141.9 3.6
TL 1790328104.404 265.9 2.1
TL 1790328104.504 89.5 1.9
TL 1790328104.608 4259.1 2.0
TL 1790328104.704 81.2 2.2
TL 1790328104.804 135.6 2.1
TL 1790328104.904 117.9 3.5
TL 1790328105.004 65.7 1.6
TL 1790328105.104 138.7 1.9
TL 1790328105.204 64.3 1.8
TL 1790328105.304 106.4 2.1
TL 1790328105.405 108.5 1.6
TL 1790328105.505 83.7 1.8
TL 1790328105.605 89.4 1.9
TL 1790328105.705 99.2 1.9
TL 1790328105.805 98.4 2.0
TL 1790328105.905 88.6 1.8
TL 1790328106.005 96.1 2.2
TL 1790328106.105 92.2 1.5
TL 1790328106.205 143.4 2.1
TL 1790328106.305 75.4 1.9
TL 1790328106.406 205.9 1.8
TL 1790328106.506 158.4 1.9
TL 1790328106.606 236.7 2.1
TL 1790328106.706 134.4 1.7
TL 1790328106.806 150.3 31.9
TL 1790328106.906 133.4 1.5
TL 1790328107.006 122.8 1.6
TL 1790328107.106 131.0 1.6
TL 1790328107.207 95.2 3.5
TL 1790328107.307 62.8 1.9
TL 1790328107.407 117.5 1.8
TL 1790328107.507 58.7 2.3
TL 1790328107.607 60.9 1.9
TL 1790328107.707 97.6 2.0
TL 1790328107.807 177.9 1.6
TL 1790328107.908 224.4 1.7
TL 1790328108.008 103.0 1.8
TL 1790328108.108 97.0 1.4
TL 1790328108.208 116.0 2.0
TL 1790328108.308 61.5 1.4
TL 1790328108.408 225.1 3.9
TL 1790328108.508 349.3 3.0
TL 1790328108.608 138.5 1.9
TL 1790328108.708 178.1 2.5
TL 1790328108.808 106.9 1.7
TL 1790328108.909 116.4 2.1
TL 1790328109.009 102.6 1.9
TL 1790328109.109 158.7 1.8
TL 1790328109.209 76.3 1.8
TL 1790328109.310 1024.7 1.7
TL 1790328109.409 216.0 2.5
TL 1790328109.509 80.7 2.1
TL 1790328109.610 706.2 2.3
TL 1790328109.709 59.7 2.0
TL 1790328109.809 78.0 1.5
TL 1790328109.909 110.1 1.7
TL 1790328110.010 121.5 1.9
TL 1790328110.110 139.3 2.0
TL 1790328110.210 173.7 2.0
TL 1790328110.310 96.4 1.9
TL 1790328110.411 970.5 2.3
TL 1790328110.510 413.5 4.0
TL 1790328110.610 126.5 1.6
TL 1790328110.711 285.4 2.7
TL 1790328110.811 124.1 1.8
TL 1790328110.911 109.4 2.0
TL 1790328111.011 95.4 1.9
TL 1790328111.111 95.9 1.8
TL 1790328111.211 114.6 1.8
TL 1790328111.311 95.8 1.6
TL 1790328111.412 1316.6 1.8
TL 1790328111.512 385.8 3.7
TL 1790328111.612 222.5 3.7
TL 1790328111.712 100.0 2.0
TL 1790328111.812 417.6 3.7
TL 1790328111.912 217.0 1.8
TL 1790328112.012 129.9 1.7
TL 1790328112.112 66.9 1.9
TL 1790328112.213 706.5 1.8
TL 1790328112.312 132.4 2.0
TL 1790328112.412 106.9 1.8
TL 1790328112.513 112.4 2.1
TL 1790328112.613 337.8 4.4
TL 1790328112.713 105.6 1.7
TL 1790328112.813 168.2 2.0
TL 1790328112.913 87.4 1.8
TL 1790328113.014 293.9 3.3
TL 1790328113.114 223.9 1.8
TL 1790328113.214 163.9 2.1
TL 1790328113.314 151.8 2.0
TL 1790328113.414 69.5 1.9
TL 1790328113.514 107.0 2.2
TL 1790328113.614 116.6 1.9
TL 1790328113.715 350.4 6.6
TL 1790328113.815 336.7 4.1
TL 1790328113.915 102.8 1.8
TL 1790328114.015 142.3 2.3
TL 1790328114.115 81.4 1.9
TL 1790328114.215 212.5 2.1
TL 1790328114.316 145.4 1.7
TL 1790328114.416 80.3 1.7
TL 1790328114.516 123.0 1.9
TL 1790328114.617 525.2 5.4
TL 1790328114.716 96.3 2.2
TL 1790328114.817 302.1 4.6
TL 1790328114.917 333.2 3.4
TL 1790328115.017 99.7 1.9
TL 1790328115.117 136.0 1.9
TL 1790328115.217 117.4 2.0
TL 1790328115.317 117.1 2.0
TL 1790328115.417 120.9 1.9
TL 1790328115.517 92.3 1.9
TL 1790328115.618 139.1 2.4
TL 1790328115.718 225.9 5.0
TL 1790328115.819 496.5 5.7
TL 1790328115.919 78.6 2.4
TL 1790328116.019 439.9 6.1
TL 1790328116.119 167.6 2.8
TL 1790328116.220 350.4 3.7
TL 1790328116.320 163.4 2.0
TL 1790328116.420 94.2 1.9
TL 1790328116.520 72.4 1.7
TL 1790328116.620 143.8 2.5
TL 1790328116.720 314.2 3.5
TL 1790328116.821 660.3 4.6
TL 1790328116.921 594.4 8.6
TL 1790328117.021 257.7 4.0
TL 1790328117.121 161.3 10.6
TL 1790328117.221 152.7 2.9
TL 1790328117.321 117.6 1.9
TL 1790328117.422 96.4 2.5
TL 1790328117.522 719.3 2.4
TL 1790328117.622 337.9 5.7
TL 1790328117.722 367.0 5.5
TL 1790328117.822 228.2 3.2
TL 1790328117.922 122.1 2.3
TL 1790328118.022 135.5 3.2
TL 1790328118.123 400.2 4.9
TL 1790328118.223 467.8 4.3
TL 1790328118.323 646.3 3.3
TL 1790328118.423 265.3 3.2
TL 1790328118.523 169.2 2.7
TL 1790328118.623 97.6 2.4
TL 1790328118.724 464.2 3.1
TL 1790328118.824 280.5 1.7
TL 1790328118.924 293.3 2.0
TL 1790328119.025 191.6 4.5
TL 1790328119.126 281.7 3.7
TL 1790328119.226 257.3 4.5
TL 1790328119.326 471.0 3.2
TL 1790328119.426 274.3 4.1
TL 1790328119.526 379.0 3.9
TL 1790328119.626 60.2 1.5
TL 1790328119.727 191.8 3.1
TL 1790328119.828 1199.6 3.2
TL 1790328119.927 567.8 2.3
TL 1790328120.027 161.9 1.8
TL 1790328120.127 421.4 4.9
TL 1790328120.228 350.3 7.1
TL 1790328120.328 331.1 2.7
TL 1790328120.428 104.4 2.0
TL 1790328120.528 83.4 1.5
TL 1790328120.628 109.6 3.1
TL 1790328120.728 251.6 4.5
TL 1790328120.828 299.4 2.2
TL 1790328120.929 289.4 3.0
TL 1790328121.028 67.9 2.7
TL 1790328121.129 76.7 2.3
TL 1790328121.229 111.9 2.9
TL 1790328121.330 1284.0 3.5
TL 1790328121.430 537.0 3.2
TL 1790328121.530 593.9 2.2
TL 1790328121.630 288.6 3.4
TL 1790328121.730 572.4 4.4
TL 1790328121.830 181.9 3.1
TL 1790328121.931 454.1 5.0
TL 1790328122.031 251.9 4.1
TL 1790328122.131 107.5 2.0
TL 1790328122.231 245.3 3.2
TL 1790328122.331 141.1 4.3
TL 1790328122.431 134.7 1.5
TL 1790328122.533 1436.2 4.4
TL 1790328122.632 402.1 3.6
TL 1790328122.732 153.3 3.5
TL 1790328122.832 76.0 1.4
TL 1790328122.933 343.5 2.9
TL 1790328123.033 284.3 3.6
TL 1790328123.133 106.8 1.6
TL 1790328123.233 415.5 3.3
TL 1790328123.333 265.8 1.3
TL 1790328123.433 116.7 1.9
TL 1790328123.533 273.4 3.1
TL 1790328123.634 376.9 5.9
TL 1790328123.734 274.7 4.3
TL 1790328123.834 128.2 1.8
TL 1790328123.934 98.2 2.3
TL 1790328124.035 327.6 3.5
TL 1790328124.135 565.6 3.7
TL 1790328124.235 251.4 3.4
TL 1790328124.335 259.9 2.4
TL 1790328124.435 150.6 2.0
TL 1790328124.535 209.3 3.1
TL 1790328124.635 109.3 1.9
TL 1790328124.735 282.5 3.9
TL 1790328124.836 459.6 2.2
TL 1790328124.936 165.1 2.1
TL 1790328125.036 266.4 2.9
TL 1790328125.136 581.8 5.3
TL 1790328125.236 257.5 4.1
TL 1790328125.337 292.0 3.9
TL 1790328125.437 197.9 1.8
TL 1790328125.537 125.5 2.1
TL 1790328125.637 159.7 1.9
TL 1790328125.737 94.9 1.7
TL 1790328125.837 81.3 3.0
TL 1790328125.937 224.0 1.7
TL 1790328126.038 191.9 3.5
TL 1790328126.138 83.1 2.7
TL 1790328126.238 315.5 2.3
TL 1790328126.338 159.5 2.3
TL 1790328126.438 286.1 2.9
TL 1790328126.539 243.9 2.7
TL 1790328126.639 411.4 5.4
TL 1790328126.740 263.5 3.4
TL 1790328126.840 410.1 3.8
TL 1790328126.940 247.0 2.0
TL 1790328127.040 223.8 2.4
TL 1790328127.141 281.9 3.4
TL 1790328127.241 328.1 3.3
TL 1790328127.341 350.4 2.8
TL 1790328127.441 260.7 2.7
TL 1790328127.542 537.4 5.1
TL 1790328127.641 95.7 3.3
TL 1790328127.742 276.6 2.7
TL 1790328127.842 310.9 2.3
TL 1790328127.942 422.1 3.3
TL 1790328128.042 197.6 1.9
TL 1790328128.142 97.7 2.2
TL 1790328128.242 118.0 2.0
TL 1790328128.342 88.0 2.8
TL 1790328128.442 104.7 2.2
TL 1790328128.543 189.7 3.0
TL 1790328128.643 346.4 7.3
TL 1790328128.743 207.3 3.7
TL 1790328128.843 142.1 1.3
TL 1790328128.944 620.3 1.8
TL 1790328129.045 1570.1 1.9
TL 1790328129.144 82.9 2.3
TL 1790328129.244 370.8 3.0
TL 1790328129.344 136.4 3.5
TL 1790328129.446 2416.5 3.2
TL 1790328129.545 351.2 1.8
TL 1790328129.644 80.4 2.6
TL 1790328129.745 98.9 2.4
TL 1790328129.845 120.2 2.0
TL 1790328129.945 92.0 3.9
TL 1790328130.045 584.3 2.0
TL 1790328130.145 142.2 3.8
TL 1790328130.245 112.5 2.8
TL 1790328130.345 90.0 3.2
TL 1790328130.446 194.0 3.3
TL 1790328130.546 191.5 1.8
TL 1790328130.646 102.3 3.5
TL 1790328130.746 185.6 3.2
TL 1790328130.846 110.8 2.7
TL 1790328130.946 67.6 2.4
TL 1790328131.047 553.7 3.2
TL 1790328131.147 80.6 3.0
TL 1790328131.247 201.6 3.7
TL 1790328131.347 64.5 2.1
TL 1790328131.447 84.5 2.5
TL 1790328131.548 602.4 2.8
TL 1790328131.647 208.4 4.2
TL 1790328131.747 60.7 2.8
TL 1790328131.848 346.3 2.3
TL 1790328131.948 100.4 3.2
TL 1790328132.048 277.4 2.7
TL 1790328132.148 65.2 1.7
TL 1790328132.248 147.3 3.3
TL 1790328132.349 725.8 1.8
TL 1790328132.449 146.6 2.1
TL 1790328132.549 110.0 1.3
TL 1790328132.649 78.5 1.6
TL 1790328132.749 259.1 1.9
TL 1790328132.849 87.6 3.3
TL 1790328132.949 175.6 2.1
TL 1790328133.049 244.3 2.1
TL 1790328133.150 458.8 2.0
TL 1790328133.250 89.9 2.0
TL 1790328133.350 161.9 3.1
TL 1790328133.450 81.0 2.9
TL 1790328133.550 77.1 2.0
TL 1790328133.650 59.4 2.7
TL 1790328133.750 71.5 2.6
TL 1790328133.850 132.2 1.9
TL 1790328133.950 124.0 2.2
TL 1790328134.050 71.9 2.3
TL 1790328134.150 51.4 2.7
TL 1790328134.251 49.0 1.8
TL 1790328134.351 58.6 2.7
TL 1790328134.451 75.2 2.5
TL 1790328134.551 322.6 4.2
TL 1790328134.652 231.3 3.7
TL 1790328134.752 197.9 3.1
TL 1790328134.852 272.1 2.4
TL 1790328134.952 90.6 1.5
TL 1790328135.052 186.2 1.2
TL 1790328135.153 318.4 4.4
TL 1790328135.253 247.1 1.9
TL 1790328135.353 135.2 2.3
TL 1790328135.453 474.1 4.0
TL 1790328135.553 254.9 3.6
TL 1790328135.653 176.4 3.9
TL 1790328135.753 154.5 2.3
