TL 1790361664.079 43.1 1.0
TL 1790361664.181 826.4 1.4
TL 1790361664.281 439.7 1.5
TL 1790361664.381 176.1 3.1
TL 1790361664.481 277.1 2.0
TL 1790361664.581 70.9 0.7
TL 1790361664.682 549.4 2.7
TL 1790361664.781 197.4 2.7
TL 1790361664.884 2207.1 8.8
TL 1790361664.983 478.5 3.1
TL 1790361665.083 303.7 1.4
TL 1790361665.184 739.3 4.8
TL 1790361665.284 219.4 2.9
TL 1790361665.384 204.8 2.3
TL 1790361665.484 339.2 2.7
TL 1790361665.585 600.8 2.3
TL 1790361665.685 481.3 4.6
TL 1790361665.785 78.7 0.8
TL 1790361665.885 292.0 3.0
TL 1790361665.985 291.3 3.9
TL 1790361666.086 385.1 2.9
TL 1790361666.186 221.2 4.0
TL 1790361666.286 319.5 3.7
TL 1790361666.386 101.4 0.9
TL 1790361666.486 87.9 0.9
TL 1790361666.587 328.2 0.9
TL 1790361666.687 166.2 2.1
TL 1790361666.787 228.7 2.3
TL 1790361666.887 330.6 2.8
TL 1790361666.987 120.3 1.8
TL 1790361667.088 196.3 1.7
TL 1790361667.188 151.1 2.8
TL 1790361667.288 127.1 2.2
TL 1790361667.388 317.1 5.1
TL 1790361667.488 85.7 1.1
TL 1790361667.589 310.1 1.8
TL 1790361667.689 395.4 4.3
TL 1790361667.789 312.8 3.7
TL 1790361667.889 272.1 3.0
TL 1790361667.990 313.6 2.7
TL 1790361668.090 223.9 1.5
TL 1790361668.190 206.2 3.4
TL 1790361668.290 331.0 5.3
TL 1790361668.390 291.2 4.0
TL 1790361668.490 96.3 1.0
TL 1790361668.590 81.6 0.3
TL 1790361668.691 478.3 2.6
TL 1790361668.791 161.5 2.9
TL 1790361668.891 332.9 3.5
TL 1790361668.991 93.2 1.4
TL 1790361669.091 220.8 2.1
TL 1790361669.192 271.4 3.0
TL 1790361669.292 144.0 0.9
TL 1790361669.392 351.0 3.2
TL 1790361669.492 113.3 0.8
TL 1790361669.592 275.2 1.5
TL 1790361669.693 288.0 2.8
TL 1790361669.793 340.9 3.0
TL 1790361669.893 269.2 3.3
TL 1790361669.994 684.2 3.0
TL 1790361670.094 308.0 3.2
TL 1790361670.194 343.9 3.6
TL 1790361670.295 347.9 3.9
TL 1790361670.395 316.2 4.7
TL 1790361670.495 214.3 1.2
TL 1790361670.595 243.2 0.8
TL 1790361670.695 126.0 3.2
TL 1790361670.795 105.3 1.6
TL 1790361670.895 58.5 2.3
TL 1790361670.995 257.1 3.1
TL 1790361671.095 53.4 1.2
TL 1790361671.195 58.3 2.7
TL 1790361671.296 254.5 4.0
TL 1790361671.396 164.9 1.8
TL 1790361671.496 103.9 1.5
TL 1790361671.596 72.4 0.8
TL 1790361671.696 158.6 1.8
TL 1790361671.796 86.0 2.3
TL 1790361671.896 66.0 1.7
TL 1790361671.997 108.4 2.7
TL 1790361672.097 161.8 1.6
TL 1790361672.197 66.9 1.8
TL 1790361672.297 73.1 2.0
TL 1790361672.397 71.4 1.5
TL 1790361672.497 125.7 1.5
TL 1790361672.597 73.3 0.8
TL 1790361672.697 105.9 2.3
TL 1790361672.797 101.0 1.4
TL 1790361672.898 130.5 1.9
TL 1790361672.998 53.4 1.6
TL 1790361673.098 98.1 0.7
TL 1790361673.198 78.5 1.5
TL 1790361673.300 2553.7 1.8
TL 1790361673.400 1825.9 39.0
TL 1790361673.498 79.2 1.6
TL 1790361673.599 417.9 0.6
TL 1790361673.698 112.3 3.2
TL 1790361673.799 131.4 1.5
TL 1790361673.899 68.2 1.5
TL 1790361674.001 2422.8 1.5
TL 1790361674.099 102.4 0.5
TL 1790361674.199 69.2 1.8
TL 1790361674.322 23425.8 1.7
TL 1790361674.401 1905.5 1.5
TL 1790361674.499 62.1 1.6
TL 1790361674.600 365.5 0.6
TL 1790361674.700 351.9 1.9
TL 1790361674.800 247.0 25.7
TL 1790361674.900 147.8 1.6
TL 1790361675.000 99.1 1.7
TL 1790361675.100 125.4 0.4
TL 1790361675.200 81.2 1.5
TL 1790361675.302 1838.1 1.5
TL 1790361675.401 720.5 2.0
TL 1790361675.506 5909.3 1.8
TL 1790361675.623 22675.6 1.1
TL 1790361675.700 121.2 1.7
TL 1790361675.800 118.0 1.4
TL 1790361675.901 89.9 0.8
TL 1790361676.001 284.0 2.4
TL 1790361676.101 192.6 2.4
TL 1790361676.201 143.4 1.8
TL 1790361676.302 736.8 3.6
TL 1790361676.401 128.6 1.8
TL 1790361676.502 264.2 2.8
TL 1790361676.602 271.9 3.0
TL 1790361676.702 144.9 1.7
TL 1790361676.802 107.8 1.6
TL 1790361676.902 114.0 2.3
TL 1790361677.003 403.8 3.9
TL 1790361677.103 349.0 3.1
TL 1790361677.203 330.0 4.0
TL 1790361677.303 65.8 1.2
TL 1790361677.403 381.4 2.6
TL 1790361677.503 295.5 3.2
TL 1790361677.604 426.1 2.7
TL 1790361677.704 248.4 3.9
TL 1790361677.804 123.4 3.9
TL 1790361677.904 55.2 1.5
TL 1790361678.004 121.6 2.0
TL 1790361678.104 363.0 3.7
TL 1790361678.205 290.1 2.8
TL 1790361678.304 83.5 1.0
TL 1790361678.405 78.3 1.5
TL 1790361678.505 89.6 1.5
TL 1790361678.605 286.7 2.1
TL 1790361678.706 239.8 2.4
TL 1790361678.806 117.0 0.9
TL 1790361678.906 313.5 3.8
TL 1790361679.006 114.9 1.8
TL 1790361679.106 335.1 3.3
TL 1790361679.206 287.1 2.9
TL 1790361679.306 168.3 1.6
TL 1790361679.407 140.5 1.5
TL 1790361679.507 100.9 2.1
TL 1790361679.607 301.8 2.5
TL 1790361679.708 667.8 3.0
TL 1790361679.807 233.0 3.6
TL 1790361679.908 319.6 2.6
TL 1790361680.008 355.1 4.6
TL 1790361680.108 108.5 1.7
TL 1790361680.208 55.3 1.4
TL 1790361680.309 345.2 2.4
TL 1790361680.409 82.9 1.3
TL 1790361680.509 283.2 3.5
TL 1790361680.609 423.4 3.1
TL 1790361680.710 491.6 2.2
TL 1790361680.809 86.4 1.7
TL 1790361680.910 301.2 3.6
TL 1790361681.010 80.6 0.7
TL 1790361681.110 417.6 3.4
TL 1790361681.210 219.4 3.0
TL 1790361681.310 223.0 2.9
TL 1790361681.410 128.0 1.6
TL 1790361681.510 44.6 1.0
TL 1790361681.611 96.8 1.4
TL 1790361681.711 297.0 2.6
TL 1790361681.811 250.5 2.4
TL 1790361681.911 384.3 2.5
TL 1790361682.011 255.6 2.4
TL 1790361682.112 373.9 3.4
TL 1790361682.212 323.9 3.7
TL 1790361682.312 177.0 2.2
TL 1790361682.412 70.2 2.2
TL 1790361682.512 84.6 1.7
TL 1790361682.612 268.2 4.1
TL 1790361682.712 437.6 4.9
TL 1790361682.813 338.8 3.3
TL 1790361682.912 119.2 1.2
TL 1790361683.013 475.9 3.1
TL 1790361683.113 221.5 3.5
TL 1790361683.213 155.9 3.0
TL 1790361683.313 236.4 3.1
TL 1790361683.414 354.8 4.1
TL 1790361683.513 93.9 1.2
TL 1790361683.614 128.0 1.4
TL 1790361683.714 305.5 2.6
TL 1790361683.814 270.5 3.4
TL 1790361683.914 231.0 2.1
TL 1790361684.014 237.1 2.3
TL 1790361684.114 240.5 4.3
TL 1790361684.215 442.4 3.6
TL 1790361684.315 82.0 1.5
TL 1790361684.415 249.9 2.1
TL 1790361684.515 83.9 1.1
TL 1790361684.615 153.6 2.6
TL 1790361684.715 74.2 2.5
TL 1790361684.816 325.1 4.8
TL 1790361684.916 140.1 1.2
TL 1790361685.016 106.8 1.6
TL 1790361685.117 528.7 2.6
TL 1790361685.217 607.7 3.5
TL 1790361685.317 355.3 2.4
TL 1790361685.417 299.0 2.3
TL 1790361685.517 355.7 3.0
TL 1790361685.617 199.4 2.6
TL 1790361685.717 99.5 1.4
TL 1790361685.817 332.3 4.2
TL 1790361685.917 125.9 1.2
TL 1790361686.018 347.4 2.9
TL 1790361686.118 369.9 5.3
TL 1790361686.218 258.7 2.3
TL 1790361686.318 109.1 2.7
TL 1790361686.418 63.0 1.1
TL 1790361686.518 267.7 2.6
TL 1790361686.619 330.2 3.0
TL 1790361686.719 198.1 2.1
TL 1790361686.819 152.9 2.7
TL 1790361686.919 130.2 2.9
TL 1790361687.019 93.8 3.0
TL 1790361687.119 119.1 2.4
TL 1790361687.219 191.0 2.2
TL 1790361687.319 76.5 1.6
TL 1790361687.420 442.0 3.5
TL 1790361687.520 318.7 2.8
TL 1790361687.621 478.7 3.1
TL 1790361687.720 123.0 1.8
TL 1790361687.821 201.1 2.6
TL 1790361687.921 203.7 1.4
TL 1790361688.021 175.8 1.5
TL 1790361688.121 347.8 2.4
TL 1790361688.221 164.5 2.0
TL 1790361688.322 338.0 4.0
TL 1790361688.422 330.9 4.1
TL 1790361688.522 247.4 3.5
TL 1790361688.622 379.5 3.4
TL 1790361688.722 241.1 3.2
TL 1790361688.822 139.2 2.1
TL 1790361688.922 138.0 2.1
TL 1790361689.022 108.2 2.2
TL 1790361689.123 130.1 2.1
TL 1790361689.223 86.8 1.7
TL 1790361689.323 383.5 4.5
TL 1790361689.423 116.8 1.5
TL 1790361689.523 235.9 4.0
TL 1790361689.623 139.1 1.3
TL 1790361689.723 199.3 1.9
TL 1790361689.823 115.3 1.8
TL 1790361689.924 744.2 4.0
TL 1790361690.024 290.9 3.6
TL 1790361690.124 429.3 3.0
TL 1790361690.224 299.3 4.5
TL 1790361690.325 327.4 2.9
TL 1790361690.425 223.1 1.6
TL 1790361690.525 368.5 2.8
TL 1790361690.625 97.4 1.5
TL 1790361690.725 330.7 3.0
TL 1790361690.825 104.8 1.9
TL 1790361690.926 207.3 2.2
TL 1790361691.026 191.5 1.5
TL 1790361691.127 1330.5 2.4
TL 1790361691.226 191.4 1.2
TL 1790361691.326 63.4 1.7
TL 1790361691.426 119.2 1.2
TL 1790361691.527 325.2 2.6
TL 1790361691.627 202.6 1.3
TL 1790361691.727 72.3 1.4
TL 1790361691.827 330.1 3.1
TL 1790361691.927 387.8 4.2
TL 1790361692.027 107.8 1.5
TL 1790361692.127 77.3 1.7
TL 1790361692.228 516.9 1.9
TL 1790361692.328 371.9 4.5
TL 1790361692.428 309.2 4.3
TL 1790361692.528 155.1 1.6
TL 1790361692.628 76.2 1.4
TL 1790361692.728 178.6 2.1
TL 1790361692.828 102.2 2.0
TL 1790361692.928 132.1 1.6
TL 1790361693.029 432.7 4.3
TL 1790361693.129 270.0 2.3
TL 1790361693.229 134.2 2.2
TL 1790361693.329 270.6 3.0
TL 1790361693.429 189.4 2.1
TL 1790361693.529 160.4 2.1
TL 1790361693.629 106.1 4.0
TL 1790361693.730 201.9 1.2
TL 1790361693.830 1006.3 3.2
TL 1790361693.930 355.7 3.8
TL 1790361694.030 323.7 3.4
TL 1790361694.130 335.3 3.4
TL 1790361694.231 375.1 1.5
TL 1790361694.331 798.9 4.8
TL 1790361694.432 922.3 7.0
TL 1790361694.532 81.4 2.3
TL 1790361694.632 108.4 1.7
TL 1790361694.732 340.5 2.9
TL 1790361694.832 245.3 3.0
TL 1790361694.932 70.7 1.6
TL 1790361695.033 134.1 3.7
TL 1790361695.133 131.8 2.9
TL 1790361695.233 97.7 4.3
TL 1790361695.333 69.5 2.8
TL 1790361695.433 60.3 2.9
TL 1790361695.533 76.0 1.7
TL 1790361695.634 131.4 1.4
TL 1790361695.734 71.6 3.0
TL 1790361695.834 442.6 2.0
TL 1790361695.934 150.9 22.4
TL 1790361696.034 89.9 1.7
TL 1790361696.135 76.0 1.4
TL 1790361696.235 89.6 2.7
TL 1790361696.335 98.1 2.0
TL 1790361696.435 105.6 1.4
TL 1790361696.535 87.3 1.4
TL 1790361696.635 50.4 1.4
TL 1790361696.735 69.7 1.7
TL 1790361696.835 71.5 1.9
TL 1790361696.935 116.1 1.7
TL 1790361697.035 130.5 2.1
TL 1790361697.136 468.5 2.5
TL 1790361697.236 487.7 4.5
TL 1790361697.336 352.1 3.6
TL 1790361697.438 1958.8 2.2
TL 1790361697.536 209.1 2.7
TL 1790361697.636 70.1 1.8
TL 1790361697.737 261.1 2.2
TL 1790361697.837 341.4 5.7
TL 1790361697.937 99.4 1.9
TL 1790361698.037 100.2 2.2
TL 1790361698.137 170.7 1.8
TL 1790361698.237 101.2 3.6
TL 1790361698.337 108.5 2.8
TL 1790361698.438 241.3 3.3
TL 1790361698.538 179.4 2.8
TL 1790361698.638 351.2 3.1
TL 1790361698.738 110.1 1.8
TL 1790361698.838 76.8 1.4
TL 1790361698.939 194.7 2.7
TL 1790361699.039 412.3 5.4
TL 1790361699.139 155.2 1.3
TL 1790361699.239 83.1 2.1
TL 1790361699.340 382.9 1.8
TL 1790361699.440 214.7 3.2
TL 1790361699.540 118.4 2.1
TL 1790361699.640 449.2 3.9
TL 1790361699.740 360.2 4.7
TL 1790361699.841 284.8 4.4
TL 1790361699.941 115.5 2.1
TL 1790361700.041 67.1 2.3
TL 1790361700.142 892.4 5.0
TL 1790361700.242 465.5 4.2
TL 1790361700.341 93.8 3.2
TL 1790361700.441 76.0 3.3
TL 1790361700.542 167.3 2.3
TL 1790361700.642 317.6 4.3
TL 1790361700.742 254.3 4.1
TL 1790361700.842 207.8 3.6
TL 1790361700.943 232.9 3.5
TL 1790361701.043 71.0 1.6
TL 1790361701.143 49.2 1.3
TL 1790361701.243 166.7 3.3
TL 1790361701.343 431.0 5.8
TL 1790361701.443 279.0 4.5
TL 1790361701.543 92.1 1.7
TL 1790361701.644 150.7 1.5
TL 1790361701.744 321.4 4.3
TL 1790361701.844 67.4 1.8
TL 1790361701.944 121.5 1.8
TL 1790361702.044 51.5 1.6
TL 1790361702.144 188.7 2.9
TL 1790361702.245 312.0 2.0
TL 1790361702.345 63.4 1.7
TL 1790361702.445 79.0 1.3
TL 1790361702.545 116.8 1.6
TL 1790361702.645 75.5 2.8
TL 1790361702.745 150.5 2.6
TL 1790361702.845 65.2 1.6
TL 1790361702.946 663.9 3.3
TL 1790361703.046 245.2 2.1
TL 1790361703.145 87.6 1.5
TL 1790361703.246 301.7 4.6
TL 1790361703.346 346.9 5.7
TL 1790361703.446 242.0 3.2
TL 1790361703.546 129.5 1.7
TL 1790361703.646 69.7 1.7
TL 1790361703.747 348.9 2.0
TL 1790361703.847 798.4 6.1
TL 1790361703.947 293.8 3.0
TL 1790361704.047 297.4 3.5
TL 1790361704.147 121.8 1.5
TL 1790361704.247 79.8 1.7
TL 1790361704.348 471.6 2.0
TL 1790361704.448 190.7 2.0
TL 1790361704.548 386.6 2.7
TL 1790361704.648 90.5 1.7
TL 1790361704.748 103.7 1.3
TL 1790361704.851 3521.1 3.7
TL 1790361704.948 103.8 1.8
TL 1790361705.048 65.9 2.5
TL 1790361705.148 59.5 2.9
TL 1790361705.249 320.3 4.8
TL 1790361705.349 158.3 1.7
TL 1790361705.449 122.4 1.8
TL 1790361705.549 98.9 1.4
TL 1790361705.649 69.2 2.0
TL 1790361705.750 92.6 1.4
TL 1790361705.850 51.4 1.5
TL 1790361705.950 208.8 3.1
TL 1790361706.050 366.9 3.6
TL 1790361706.150 308.9 3.3
TL 1790361706.250 87.3 1.7
TL 1790361706.351 294.7 3.8
TL 1790361706.451 258.6 3.7
TL 1790361706.551 137.5 1.9
TL 1790361706.651 161.2 2.3
TL 1790361706.751 115.5 1.7
TL 1790361706.851 54.7 1.5
TL 1790361706.951 53.9 1.8
TL 1790361707.051 54.0 2.0
TL 1790361707.152 325.9 3.0
TL 1790361707.252 75.1 2.1
TL 1790361707.352 148.1 1.7
TL 1790361707.452 114.7 1.9
TL 1790361707.552 223.0 2.5
TL 1790361707.652 193.8 2.6
TL 1790361707.752 103.7 1.8
TL 1790361707.852 47.2 1.7
TL 1790361707.953 209.2 1.6
TL 1790361708.053 119.4 1.9
TL 1790361708.153 145.4 1.9
TL 1790361708.253 335.2 4.5
TL 1790361708.353 410.7 4.0
TL 1790361708.453 379.2 4.7
TL 1790361708.554 250.1 4.1
TL 1790361708.654 185.6 2.2
TL 1790361708.754 194.4 2.0
TL 1790361708.854 100.0 1.6
TL 1790361708.954 152.9 1.7
TL 1790361709.054 140.2 2.1
TL 1790361709.154 70.8 1.8
TL 1790361709.259 4593.5 1.8
TL 1790361709.355 377.2 5.5
TL 1790361709.455 382.6 4.8
TL 1790361709.555 78.8 3.4
TL 1790361709.655 111.9 2.0
TL 1790361709.756 68.7 1.6
TL 1790361709.856 339.0 4.1
TL 1790361709.957 410.5 4.3
TL 1790361710.057 140.6 1.8
TL 1790361710.157 334.7 3.1
TL 1790361710.258 1001.0 2.2
TL 1790361710.357 240.2 3.4
TL 1790361710.458 321.1 4.4
TL 1790361710.558 297.4 4.1
TL 1790361710.658 248.0 4.4
TL 1790361710.758 117.6 1.8
TL 1790361710.858 90.7 2.8
TL 1790361710.959 199.9 2.6
TL 1790361711.059 100.6 1.7
TL 1790361711.159 66.1 1.5
TL 1790361711.263 4567.7 1.8
TL 1790361711.359 72.0 1.0
TL 1790361711.459 329.5 3.5
TL 1790361711.559 339.3 4.1
TL 1790361711.659 61.6 2.7
TL 1790361711.760 253.5 3.9
TL 1790361711.860 120.8 4.1
TL 1790361711.960 74.3 3.6
TL 1790361712.060 327.9 3.6
TL 1790361712.160 79.1 1.5
TL 1790361712.263 2680.9 1.8
TL 1790361712.360 130.2 2.0
TL 1790361712.461 241.3 3.9
TL 1790361712.561 111.0 1.6
TL 1790361712.661 452.3 4.8
TL 1790361712.761 300.8 3.8
TL 1790361712.861 313.3 4.3
TL 1790361712.961 124.8 1.8
TL 1790361713.061 67.6 1.8
TL 1790361713.161 86.6 1.9
TL 1790361713.262 573.3 1.2
TL 1790361713.362 449.4 3.1
TL 1790361713.462 299.8 3.7
TL 1790361713.562 334.8 3.6
TL 1790361713.663 397.7 3.5
TL 1790361713.763 326.7 4.2
TL 1790361713.863 368.9 4.2
TL 1790361713.963 154.1 2.3
TL 1790361714.063 50.2 1.3
TL 1790361714.163 208.9 2.9
TL 1790361714.263 83.8 2.5
TL 1790361714.363 152.2 2.0
TL 1790361714.464 370.8 3.8
TL 1790361714.564 416.0 2.6
TL 1790361714.664 440.2 4.1
TL 1790361714.765 352.8 2.3
TL 1790361714.865 268.5 2.9
TL 1790361714.965 113.3 1.7
TL 1790361715.065 68.7 1.5
TL 1790361715.165 279.5 3.6
TL 1790361715.265 49.4 1.7
TL 1790361715.365 58.7 1.7
TL 1790361715.466 505.8 4.9
TL 1790361715.566 379.4 4.1
TL 1790361715.666 251.5 3.1
TL 1790361715.766 242.9 3.0
TL 1790361715.866 267.7 3.7
TL 1790361715.966 349.6 4.5
TL 1790361716.066 139.1 3.3
TL 1790361716.166 83.1 1.5
TL 1790361716.267 418.3 1.4
TL 1790361716.367 204.0 2.3
TL 1790361716.467 55.3 1.9
TL 1790361716.567 74.8 1.5
TL 1790361716.668 564.2 2.1
TL 1790361716.768 400.1 4.5
TL 1790361716.868 172.0 3.6
TL 1790361716.968 164.7 1.4
TL 1790361717.068 323.9 1.7
TL 1790361717.168 98.3 1.6
TL 1790361717.269 199.5 1.8
TL 1790361717.369 165.4 1.1
TL 1790361717.469 82.0 1.1
TL 1790361717.569 355.1 3.6
TL 1790361717.669 335.5 3.4
TL 1790361717.770 461.1 3.9
TL 1790361717.870 309.6 3.5
TL 1790361717.969 101.1 2.1
TL 1790361718.070 53.3 1.5
TL 1790361718.171 433.0 2.6
TL 1790361718.271 233.9 7.3
TL 1790361718.376 4667.2 1.7
TL 1790361718.472 301.2 4.0
TL 1790361718.573 317.0 3.5
TL 1790361718.673 212.2 1.7
TL 1790361718.773 91.0 2.7
TL 1790361718.873 248.7 2.1
TL 1790361718.973 139.5 1.8
TL 1790361719.073 77.4 1.6
TL 1790361719.174 303.9 3.0
TL 1790361719.274 237.7 3.0
TL 1790361719.374 203.7 2.1
TL 1790361719.474 75.3 1.5
TL 1790361719.579 5055.6 1.7
TL 1790361719.674 300.2 3.4
TL 1790361719.775 333.7 3.6
TL 1790361719.875 258.4 3.9
TL 1790361719.975 193.0 2.2
TL 1790361720.075 213.4 3.3
TL 1790361720.175 80.7 1.7
TL 1790361720.275 124.8 1.8
TL 1790361720.375 208.7 3.5
TL 1790361720.476 373.0 2.4
TL 1790361720.576 78.3 1.6
TL 1790361720.676 80.1 1.8
TL 1790361720.779 3020.2 1.4
TL 1790361720.876 135.1 1.2
TL 1790361720.976 83.0 1.6
TL 1790361721.078 1902.4 3.8
TL 1790361721.177 107.9 1.8
TL 1790361721.278 362.0 157.6
TL 1790361721.378 290.5 3.4
TL 1790361721.478 74.9 0.7
TL 1790361721.578 318.0 3.1
TL 1790361721.678 393.5 2.3
TL 1790361721.778 110.6 1.7
TL 1790361721.878 130.7 1.8
TL 1790361721.979 1099.1 1.6
TL 1790361722.079 413.9 3.6
TL 1790361722.179 493.8 3.8
TL 1790361722.279 418.2 4.1
TL 1790361722.379 257.9 3.9
TL 1790361722.479 332.4 4.1
TL 1790361722.580 319.1 2.8
TL 1790361722.680 98.1 1.5
TL 1790361722.780 65.7 1.4
TL 1790361722.881 1069.8 1.1
TL 1790361722.980 263.8 2.1
TL 1790361723.081 341.5 3.7
TL 1790361723.180 132.7 2.2
TL 1790361723.281 1084.2 2.0
TL 1790361723.381 119.9 1.9
TL 1790361723.481 241.3 4.1
TL 1790361723.581 217.4 3.7
TL 1790361723.681 224.8 1.4
TL 1790361723.782 222.8 1.6
TL 1790361723.885 3182.6 1.8
TL 1790361723.982 286.5 3.2
TL 1790361724.082 327.0 3.3
TL 1790361724.182 392.1 3.4
TL 1790361724.282 209.0 2.7
TL 1790361724.383 329.6 3.8
TL 1790361724.483 210.3 2.1
TL 1790361724.583 89.7 1.4
TL 1790361724.683 65.5 1.6
TL 1790361724.783 791.4 2.0
TL 1790361724.883 293.2 2.6
TL 1790361724.983 202.2 2.3
TL 1790361725.083 296.8 3.0
TL 1790361725.184 288.2 3.4
TL 1790361725.284 302.9 2.0
TL 1790361725.384 51.7 1.3
TL 1790361725.484 72.3 2.5
TL 1790361725.584 70.6 2.4
TL 1790361725.684 186.9 4.0
TL 1790361725.784 64.1 1.4
TL 1790361725.884 103.6 1.7
TL 1790361725.987 2259.9 1.4
TL 1790361726.085 677.9 4.1
TL 1790361726.185 638.3 3.7
TL 1790361726.285 470.7 3.4
TL 1790361726.386 486.8 4.2
TL 1790361726.486 331.7 4.6
TL 1790361726.586 91.2 1.3
TL 1790361726.686 442.0 3.4
TL 1790361726.789 398.4 2.7
TL 1790361726.889 233.2 3.3
TL 1790361726.989 137.4 3.2
TL 1790361727.089 93.8 1.9
TL 1790361727.189 211.2 4.3
TL 1790361727.290 389.1 3.5
TL 1790361727.390 271.5 3.4
TL 1790361727.490 517.3 2.3
TL 1790361727.590 364.2 4.1
TL 1790361727.690 111.8 2.7
TL 1790361727.790 84.6 1.7
TL 1790361727.890 61.5 1.8
TL 1790361727.991 75.9 2.2
TL 1790361728.092 1330.4 3.4
TL 1790361728.191 381.8 3.6
TL 1790361728.291 287.6 3.5
TL 1790361728.392 322.7 3.6
TL 1790361728.492 378.2 2.3
TL 1790361728.592 299.8 3.9
TL 1790361728.692 346.3 4.1
TL 1790361728.792 213.2 2.0
TL 1790361728.892 67.7 3.2
TL 1790361728.993 1071.1 2.3
TL 1790361729.093 90.3 1.7
TL 1790361729.193 317.2 3.3
TL 1790361729.293 280.2 3.6
TL 1790361729.393 293.0 2.9
TL 1790361729.494 485.3 3.5
TL 1790361729.594 356.0 3.7
TL 1790361729.694 68.3 1.3
TL 1790361729.794 96.0 1.4
TL 1790361729.896 2108.9 2.0
TL 1790361729.994 114.1 1.7
TL 1790361730.094 116.7 1.9
TL 1790361730.194 77.4 1.9
TL 1790361730.295 269.6 4.3
TL 1790361730.395 114.7 1.5
TL 1790361730.495 85.7 1.7
TL 1790361730.595 412.5 4.0
TL 1790361730.695 67.7 1.5
TL 1790361730.795 145.7 1.8
TL 1790361730.896 135.6 3.1
TL 1790361730.998 2843.9 2.2
TL 1790361731.096 617.3 4.0
TL 1790361731.196 105.3 4.7
TL 1790361731.296 241.2 2.8
TL 1790361731.397 321.3 3.8
TL 1790361731.497 91.2 1.7
TL 1790361731.597 83.6 2.2
TL 1790361731.697 218.3 3.2
TL 1790361731.797 272.8 3.0
TL 1790361731.897 73.9 1.4
TL 1790361731.998 325.4 2.7
TL 1790361732.098 230.2 1.6
TL 1790361732.198 232.8 1.6
TL 1790361732.298 78.9 2.9
TL 1790361732.398 84.3 3.3
TL 1790361732.499 349.6 4.8
TL 1790361732.599 319.8 3.7
TL 1790361732.699 385.6 3.9
TL 1790361732.799 98.7 1.6
TL 1790361732.899 147.9 1.5
TL 1790361732.999 168.6 3.1
TL 1790361733.099 71.7 1.4
TL 1790361733.200 198.1 2.1
TL 1790361733.300 948.3 1.2
TL 1790361733.400 342.9 3.7
TL 1790361733.500 274.0 4.2
TL 1790361733.601 357.9 4.6
TL 1790361733.701 389.6 5.5
TL 1790361733.802 479.1 3.4
TL 1790361733.901 204.8 3.0
TL 1790361734.002 276.4 1.5
TL 1790361734.101 57.4 2.1
TL 1790361734.204 2180.5 1.6
TL 1790361734.302 286.9 3.2
TL 1790361734.402 79.1 2.7
TL 1790361734.502 73.0 2.3
TL 1790361734.602 84.1 2.4
TL 1790361734.702 115.7 2.2
TL 1790361734.802 145.2 3.2
TL 1790361734.903 311.1 3.5
TL 1790361735.003 386.9 5.3
TL 1790361735.103 247.8 3.4
TL 1790361735.203 124.1 1.9
TL 1790361735.306 3367.9 2.0
TL 1790361735.404 319.3 2.8
TL 1790361735.504 369.2 4.4
TL 1790361735.604 675.1 3.7
TL 1790361735.704 525.7 4.0
TL 1790361735.805 220.7 3.8
TL 1790361735.905 418.0 3.1
TL 1790361736.005 293.6 3.0
TL 1790361736.106 131.2 1.6
TL 1790361736.206 113.5 1.5
TL 1790361736.306 68.9 1.8
TL 1790361736.406 71.4 1.4
TL 1790361736.506 90.4 1.7
TL 1790361736.606 265.7 3.9
TL 1790361736.706 103.7 2.1
TL 1790361736.807 280.7 1.9
TL 1790361736.907 63.9 3.4
TL 1790361737.007 358.7 3.8
TL 1790361737.107 186.8 2.0
TL 1790361737.207 120.0 1.9
TL 1790361737.307 111.9 4.8
TL 1790361737.407 60.1 1.3
TL 1790361737.508 385.2 2.4
TL 1790361737.608 364.9 4.4
TL 1790361737.708 543.5 4.4
TL 1790361737.808 321.3 4.2
TL 1790361737.908 262.4 3.7
TL 1790361738.008 222.3 2.7
TL 1790361738.108 79.1 2.2
TL 1790361738.209 60.4 1.7
TL 1790361738.310 1239.4 1.7
TL 1790361738.409 346.2 3.5
TL 1790361738.509 228.4 3.7
TL 1790361738.610 265.7 3.7
TL 1790361738.710 444.5 4.0
TL 1790361738.810 327.9 3.3
TL 1790361738.910 226.1 3.3
TL 1790361739.010 82.2 3.0
TL 1790361739.110 90.1 1.5
TL 1790361739.210 70.0 2.0
TL 1790361739.311 73.5 1.5
TL 1790361739.413 2553.1 1.6
TL 1790361739.511 329.1 4.5
TL 1790361739.611 364.3 3.6
TL 1790361739.711 211.1 3.4
TL 1790361739.812 290.3 4.1
TL 1790361739.912 347.6 3.2
TL 1790361740.012 62.0 1.1
TL 1790361740.112 111.0 2.1
TL 1790361740.212 59.0 1.8
TL 1790361740.312 269.6 1.7
TL 1790361740.412 214.6 2.4
TL 1790361740.513 380.9 3.8
TL 1790361740.613 300.5 4.1
TL 1790361740.713 338.3 4.0
TL 1790361740.814 442.4 4.2
TL 1790361740.914 246.5 4.1
TL 1790361741.015 577.1 4.5
TL 1790361741.115 228.6 3.3
TL 1790361741.215 204.4 2.7
TL 1790361741.315 53.2 2.2
TL 1790361741.416 835.4 3.1
TL 1790361741.519 3527.2 3.3
TL 1790361741.615 111.5 1.6
TL 1790361741.716 297.2 4.4
TL 1790361741.816 72.9 3.5
TL 1790361741.916 444.9 3.4
TL 1790361742.016 324.5 3.0
TL 1790361742.116 298.7 2.8
TL 1790361742.216 273.3 3.2
TL 1790361742.316 128.1 1.7
TL 1790361742.416 92.0 1.6
TL 1790361742.518 1403.8 2.0
TL 1790361742.617 276.9 3.6
TL 1790361742.717 320.1 3.1
TL 1790361742.817 236.9 4.1
TL 1790361742.918 311.7 3.6
TL 1790361743.018 295.7 3.3
TL 1790361743.118 362.7 4.1
TL 1790361743.219 1128.0 3.0
TL 1790361743.319 278.0 3.6
TL 1790361743.419 130.5 1.7
TL 1790361743.519 128.5 2.7
TL 1790361743.625 5666.0 1.6
TL 1790361743.719 115.8 3.0
TL 1790361743.819 224.8 2.8
TL 1790361743.920 230.9 1.8
TL 1790361744.020 215.1 3.6
TL 1790361744.120 514.4 5.3
TL 1790361744.220 299.5 3.4
TL 1790361744.321 313.1 2.3
TL 1790361744.420 55.5 1.1
TL 1790361744.521 64.8 1.8
TL 1790361744.622 1559.7 1.6
TL 1790361744.722 338.2 3.8
TL 1790361744.822 352.8 2.7
TL 1790361744.922 209.0 2.0
TL 1790361745.022 190.1 2.2
TL 1790361745.123 265.3 4.2
TL 1790361745.223 240.6 2.6
TL 1790361745.323 541.2 3.8
TL 1790361745.423 104.0 1.5
TL 1790361745.523 101.2 1.5
TL 1790361745.625 1733.3 1.7
TL 1790361745.724 527.4 3.7
TL 1790361745.824 556.1 3.5
TL 1790361745.924 96.7 1.7
TL 1790361746.024 89.1 4.2
TL 1790361746.124 115.8 3.5
TL 1790361746.224 159.0 2.6
TL 1790361746.325 100.8 1.9
TL 1790361746.425 252.2 3.2
TL 1790361746.525 57.2 1.2
TL 1790361746.628 2775.5 1.3
TL 1790361746.725 347.4 3.8
TL 1790361746.825 93.8 1.8
TL 1790361746.926 463.4 3.6
TL 1790361747.026 299.8 3.7
TL 1790361747.126 569.7 4.1
TL 1790361747.226 379.0 4.4
TL 1790361747.326 334.9 3.7
TL 1790361747.426 211.3 2.3
TL 1790361747.526 214.4 3.6
TL 1790361747.626 55.8 1.9
TL 1790361747.727 242.9 1.7
TL 1790361747.827 359.1 3.9
TL 1790361747.929 1170.6 4.0
TL 1790361748.028 424.1 4.2
TL 1790361748.128 90.0 1.6
TL 1790361748.228 199.4 2.4
TL 1790361748.328 161.7 1.9
TL 1790361748.428 67.2 2.2
TL 1790361748.528 154.3 2.7
TL 1790361748.629 354.0 4.7
TL 1790361748.729 93.8 1.6
TL 1790361748.830 1191.5 1.9
TL 1790361748.930 866.3 3.5
TL 1790361749.030 438.0 3.6
TL 1790361749.130 316.8 3.8
TL 1790361749.231 773.2 3.4
TL 1790361749.331 442.9 3.7
TL 1790361749.431 645.4 4.9
TL 1790361749.531 103.9 1.7
TL 1790361749.631 71.0 1.1
TL 1790361749.734 2368.8 2.1
TL 1790361749.832 247.9 1.9
TL 1790361749.933 703.4 3.6
TL 1790361750.033 283.2 3.7
TL 1790361750.133 434.0 4.4
TL 1790361750.233 155.3 3.7
TL 1790361750.333 198.3 2.7
TL 1790361750.433 329.9 1.8
TL 1790361750.533 89.1 2.0
TL 1790361750.633 78.5 1.9
TL 1790361750.734 66.7 2.0
TL 1790361750.842 8087.8 1.8
TL 1790361750.934 580.1 3.3
TL 1790361751.034 256.1 2.8
TL 1790361751.135 931.9 4.2
TL 1790361751.234 148.6 2.4
TL 1790361751.334 130.7 2.0
TL 1790361751.435 200.3 2.7
TL 1790361751.535 64.0 1.6
TL 1790361751.635 158.0 2.0
TL 1790361751.737 1843.6 1.9
TL 1790361751.835 132.8 2.3
TL 1790361751.935 90.1 2.0
TL 1790361752.035 167.3 1.8
TL 1790361752.136 282.2 3.5
TL 1790361752.236 296.5 3.4
TL 1790361752.336 493.6 3.8
TL 1790361752.437 628.7 4.6
TL 1790361752.537 473.2 6.3
TL 1790361752.636 143.9 1.9
TL 1790361752.736 86.2 2.4
TL 1790361752.840 3230.3 2.9
TL 1790361752.937 59.1 2.2
TL 1790361753.037 263.1 4.2
TL 1790361753.137 223.6 2.9
TL 1790361753.237 322.8 3.7
TL 1790361753.338 294.8 3.2
TL 1790361753.438 152.5 2.1
TL 1790361753.538 146.6 1.9
TL 1790361753.638 110.2 1.9
TL 1790361753.738 94.3 1.8
TL 1790361753.838 69.7 1.5
TL 1790361753.943 5378.1 2.0
TL 1790361754.038 204.4 3.8
TL 1790361754.139 362.4 4.3
TL 1790361754.239 289.6 4.4
TL 1790361754.339 357.6 3.6
TL 1790361754.439 230.8 3.3
TL 1790361754.539 125.8 2.4
TL 1790361754.639 152.5 1.7
TL 1790361754.739 244.7 3.7
TL 1790361754.839 163.2 2.3
TL 1790361754.939 74.4 3.0
TL 1790361755.041 1199.0 3.2
TL 1790361755.140 272.8 2.9
TL 1790361755.240 102.2 3.4
TL 1790361755.341 486.8 4.4
TL 1790361755.441 283.1 3.8
TL 1790361755.542 518.6 3.7
TL 1790361755.641 199.0 2.7
TL 1790361755.741 109.2 2.0
TL 1790361755.842 61.9 1.4
TL 1790361755.942 147.8 2.1
TL 1790361756.042 69.2 1.6
TL 1790361756.143 1197.4 2.1
TL 1790361756.242 237.8 3.3
TL 1790361756.343 675.5 3.5
TL 1790361756.443 294.1 4.6
TL 1790361756.543 389.3 4.0
TL 1790361756.644 338.5 4.3
TL 1790361756.744 262.9 4.0
TL 1790361756.844 69.6 1.3
TL 1790361756.944 167.9 2.4
TL 1790361757.044 76.8 2.0
TL 1790361757.148 3843.2 2.0
TL 1790361757.245 311.5 4.2
TL 1790361757.345 122.7 3.1
TL 1790361757.446 1108.0 3.5
TL 1790361757.545 98.1 1.6
TL 1790361757.645 236.1 2.4
TL 1790361757.745 203.7 1.5
TL 1790361757.846 346.4 2.1
TL 1790361757.946 205.5 2.3
TL 1790361758.046 191.2 2.4
TL 1790361758.148 1539.7 1.4
TL 1790361758.246 256.1 3.7
TL 1790361758.347 265.0 2.9
TL 1790361758.447 273.0 2.9
TL 1790361758.547 93.8 1.5
TL 1790361758.647 311.8 3.8
TL 1790361758.747 138.6 2.1
TL 1790361758.847 92.5 1.7
TL 1790361758.947 145.5 1.9
TL 1790361759.047 85.8 1.8
TL 1790361759.148 143.9 1.4
TL 1790361759.248 219.5 2.5
TL 1790361759.348 418.1 5.5
TL 1790361759.448 368.6 4.9
TL 1790361759.549 344.4 2.2
TL 1790361759.648 132.8 1.9
TL 1790361759.749 123.7 2.8
TL 1790361759.849 63.4 1.2
TL 1790361759.949 144.4 2.1
TL 1790361760.049 189.4 1.7
TL 1790361760.150 1140.9 1.8
TL 1790361760.249 120.6 2.0
TL 1790361760.349 132.2 1.7
TL 1790361760.450 153.5 1.7
TL 1790361760.550 96.9 1.7
TL 1790361760.650 199.3 2.2
TL 1790361760.751 409.9 3.9
TL 1790361760.851 496.1 1.4
TL 1790361760.951 297.5 3.7
TL 1790361761.051 62.6 1.4
TL 1790361761.151 255.1 1.6
TL 1790361761.252 661.0 3.7
TL 1790361761.351 190.5 3.0
TL 1790361761.452 342.1 3.8
TL 1790361761.552 439.3 6.1
TL 1790361761.652 372.6 3.2
TL 1790361761.752 136.6 2.0
TL 1790361761.852 126.0 2.9
TL 1790361761.953 62.2 1.0
TL 1790361762.053 96.9 1.5
TL 1790361762.153 67.4 2.1
TL 1790361762.254 1326.3 1.7
TL 1790361762.353 136.4 1.4
TL 1790361762.453 312.5 2.0
TL 1790361762.553 130.9 2.2
TL 1790361762.653 107.3 2.0
TL 1790361762.754 479.7 3.3
TL 1790361762.854 454.3 3.4
TL 1790361762.954 378.3 3.3
TL 1790361763.054 310.9 3.4
TL 1790361763.154 88.8 1.7
TL 1790361763.255 80.2 1.4
TL 1790361763.355 93.2 2.1
TL 1790361763.455 116.6 3.5
TL 1790361763.555 212.1 1.8
TL 1790361763.656 487.4 2.7
TL 1790361763.757 856.3 4.7
TL 1790361763.856 318.4 3.9
TL 1790361763.956 149.5 2.0
TL 1790361764.056 142.6 3.1
TL 1790361764.157 102.8 3.2
TL 1790361764.257 86.8 2.2
TL 1790361764.357 71.5 1.3
TL 1790361764.457 107.4 1.7
TL 1790361764.558 911.9 2.0
TL 1790361764.660 2892.3 2.0
TL 1790361764.758 390.3 3.6
TL 1790361764.858 290.1 3.9
TL 1790361764.958 102.7 1.6
TL 1790361765.058 248.0 3.1
TL 1790361765.158 348.2 3.5
TL 1790361765.259 340.9 4.3
TL 1790361765.359 262.6 3.4
TL 1790361765.459 267.0 3.3
TL 1790361765.559 159.0 3.7
TL 1790361765.659 113.7 2.0
TL 1790361765.760 134.6 1.9
TL 1790361765.860 137.4 2.4
TL 1790361765.960 141.5 1.8
TL 1790361766.060 401.8 3.3
TL 1790361766.160 54.0 1.6
TL 1790361766.261 199.3 2.0
TL 1790361766.361 209.2 2.4
TL 1790361766.461 84.8 2.9
TL 1790361766.561 81.3 2.3
TL 1790361766.661 160.5 1.9
TL 1790361766.761 106.5 1.9
TL 1790361766.861 55.0 1.5
TL 1790361766.961 54.5 1.8
TL 1790361767.061 80.4 2.7
TL 1790361767.162 379.5 3.7
TL 1790361767.262 351.4 3.7
TL 1790361767.362 376.1 4.4
TL 1790361767.463 296.8 4.3
TL 1790361767.563 259.0 3.7
TL 1790361767.663 278.7 4.5
TL 1790361767.763 91.1 1.6
TL 1790361767.863 104.1 1.6
TL 1790361767.967 4167.9 1.9
TL 1790361768.063 358.8 3.1
TL 1790361768.163 303.8 4.3
TL 1790361768.263 78.7 2.2
TL 1790361768.364 402.3 4.4
TL 1790361768.465 372.8 4.3
TL 1790361768.565 630.5 4.5
TL 1790361768.665 245.6 2.9
TL 1790361768.765 124.7 2.1
TL 1790361768.865 43.9 2.1
TL 1790361768.966 1522.8 1.9
TL 1790361769.065 267.8 3.5
TL 1790361769.165 239.8 3.7
TL 1790361769.266 389.5 4.0
TL 1790361769.366 397.9 4.5
TL 1790361769.466 569.9 4.6
TL 1790361769.566 383.4 5.0
TL 1790361769.666 178.3 3.0
TL 1790361769.766 130.8 1.6
TL 1790361769.866 59.7 1.2
TL 1790361769.968 1675.8 1.9
TL 1790361770.067 532.2 3.3
TL 1790361770.167 486.0 4.1
TL 1790361770.268 459.9 4.4
TL 1790361770.368 445.5 5.0
TL 1790361770.469 474.1 3.7
TL 1790361770.569 341.8 3.5
TL 1790361770.669 347.1 3.5
TL 1790361770.769 80.6 1.7
TL 1790361770.870 782.8 1.4
TL 1790361770.969 92.6 3.2
TL 1790361771.070 887.4 2.1
TL 1790361771.170 98.2 1.9
TL 1790361771.271 299.5 3.2
TL 1790361771.371 362.3 4.2
TL 1790361771.471 406.5 3.9
TL 1790361771.571 112.8 1.9
TL 1790361771.672 271.2 2.8
TL 1790361771.772 169.7 1.4
TL 1790361771.872 208.2 1.6
TL 1790361771.972 62.8 1.7
TL 1790361772.072 444.5 3.6
TL 1790361772.172 204.4 2.4
TL 1790361772.273 110.1 2.0
TL 1790361772.373 93.6 1.1
TL 1790361772.473 459.1 2.1
TL 1790361772.573 223.4 2.1
TL 1790361772.673 107.1 1.8
TL 1790361772.773 71.6 1.8
TL 1790361772.875 1535.8 1.8
TL 1790361772.974 103.4 1.9
TL 1790361773.075 249.2 3.3
TL 1790361773.175 259.0 3.2
TL 1790361773.279 4210.3 2.0
TL 1790361773.375 63.1 1.9
TL 1790361773.475 84.7 2.0
TL 1790361773.575 142.2 1.9
TL 1790361773.675 73.9 1.3
TL 1790361773.775 93.6 1.7
TL 1790361773.875 109.5 1.9
TL 1790361773.975 134.1 1.8
TL 1790361774.075 89.1 2.9
TL 1790361774.176 373.9 4.0
TL 1790361774.276 328.4 3.4
TL 1790361774.377 482.8 5.2
TL 1790361774.477 412.3 4.1
TL 1790361774.578 233.4 3.4
TL 1790361774.678 367.8 3.7
TL 1790361774.778 134.3 1.8
TL 1790361774.878 66.0 2.0
TL 1790361774.978 84.0 1.8
TL 1790361775.081 2401.7 2.0
TL 1790361775.179 380.6 3.6
TL 1790361775.279 452.2 3.3
TL 1790361775.380 794.3 3.9
TL 1790361775.480 366.1 3.9
TL 1790361775.579 103.3 3.1
TL 1790361775.680 283.5 2.3
TL 1790361775.780 57.1 1.7
TL 1790361775.880 250.9 1.8
TL 1790361775.982 1961.6 3.7
TL 1790361776.082 2187.2 1.6
TL 1790361776.180 105.3 2.0
TL 1790361776.280 189.2 2.0
TL 1790361776.381 371.5 3.9
TL 1790361776.481 279.4 3.6
TL 1790361776.582 720.8 4.5
TL 1790361776.682 181.3 2.2
TL 1790361776.782 492.2 4.0
TL 1790361776.882 122.0 1.9
TL 1790361776.982 84.9 1.8
TL 1790361777.082 92.4 2.4
TL 1790361777.183 295.7 1.6
TL 1790361777.283 238.7 2.4
TL 1790361777.383 179.4 2.1
TL 1790361777.483 290.9 3.9
TL 1790361777.583 294.4 3.2
TL 1790361777.684 438.9 5.4
TL 1790361777.783 76.0 1.6
TL 1790361777.884 82.8 2.1
TL 1790361777.984 53.6 1.7
TL 1790361778.084 288.2 2.4
TL 1790361778.184 48.2 1.4
TL 1790361778.287 2760.2 3.0
TL 1790361778.385 356.0 3.2
TL 1790361778.485 353.9 3.5
TL 1790361778.585 375.2 4.6
TL 1790361778.685 338.1 4.2
TL 1790361778.785 350.5 4.1
TL 1790361778.885 288.3 3.5
TL 1790361778.986 359.3 2.4
TL 1790361779.085 55.6 1.5
TL 1790361779.188 2499.2 1.6
TL 1790361779.286 371.5 3.6
TL 1790361779.386 270.8 2.9
TL 1790361779.487 529.2 3.4
TL 1790361779.587 123.4 1.9
TL 1790361779.687 324.8 4.4
TL 1790361779.787 146.5 3.1
TL 1790361779.887 128.6 2.7
TL 1790361779.987 304.1 2.3
TL 1790361780.087 71.7 1.9
TL 1790361780.192 4341.3 3.1
TL 1790361780.288 98.7 3.6
TL 1790361780.388 411.7 2.7
TL 1790361780.488 528.6 5.0
TL 1790361780.588 292.8 3.7
TL 1790361780.689 567.0 3.7
TL 1790361780.789 490.7 4.7
TL 1790361780.889 220.7 3.0
TL 1790361780.989 135.9 2.0
TL 1790361781.089 102.3 1.2
TL 1790361781.189 235.0 6.1
TL 1790361781.289 239.0 3.0
TL 1790361781.390 434.4 3.5
TL 1790361781.490 237.8 3.8
TL 1790361781.590 289.7 4.8
TL 1790361781.690 384.1 3.9
TL 1790361781.791 525.1 3.2
TL 1790361781.890 211.3 3.1
TL 1790361781.990 80.0 2.7
TL 1790361782.091 102.2 4.9
TL 1790361782.195 3950.9 1.6
TL 1790361782.291 87.4 2.1
TL 1790361782.391 52.8 2.3
TL 1790361782.491 152.1 1.8
TL 1790361782.591 66.3 2.8
TL 1790361782.692 368.7 3.8
TL 1790361782.792 452.9 4.8
TL 1790361782.892 340.9 4.3
TL 1790361782.992 197.3 2.3
TL 1790361783.092 95.1 1.8
TL 1790361783.193 863.0 1.9
TL 1790361783.293 246.6 2.8
TL 1790361783.393 381.1 3.9
TL 1790361783.494 560.7 3.2
TL 1790361783.593 81.0 1.8
TL 1790361783.694 246.0 3.9
TL 1790361783.795 1173.0 4.4
TL 1790361783.894 253.9 3.2
TL 1790361783.994 392.8 3.5
TL 1790361784.094 219.3 3.2
TL 1790361784.194 54.3 1.6
TL 1790361784.296 1448.4 1.5
TL 1790361784.395 350.3 2.7
TL 1790361784.495 159.8 2.3
TL 1790361784.595 130.3 1.4
TL 1790361784.695 65.2 3.0
TL 1790361784.795 114.5 3.6
TL 1790361784.895 139.0 2.0
TL 1790361784.996 141.0 1.8
TL 1790361785.096 116.2 1.2
TL 1790361785.196 99.7 1.4
TL 1790361785.296 277.7 2.0
TL 1790361785.396 237.3 1.6
TL 1790361785.497 316.5 4.0
TL 1790361785.597 364.7 5.4
TL 1790361785.697 57.8 1.5
TL 1790361785.797 250.1 4.1
TL 1790361785.897 261.0 3.7
TL 1790361785.997 127.4 1.7
TL 1790361786.098 315.5 2.8
TL 1790361786.199 1221.5 1.6
TL 1790361786.298 154.9 1.7
TL 1790361786.398 280.9 3.1
TL 1790361786.498 430.6 4.7
TL 1790361786.599 483.6 4.2
TL 1790361786.699 285.4 4.7
TL 1790361786.799 266.2 4.0
TL 1790361786.899 78.7 1.5
TL 1790361786.999 113.9 1.5
TL 1790361787.100 248.8 1.3
TL 1790361787.205 5091.9 2.1
TL 1790361787.300 193.0 1.8
TL 1790361787.400 174.8 2.1
TL 1790361787.500 429.9 2.2
TL 1790361787.600 84.2 2.1
TL 1790361787.701 303.3 3.0
TL 1790361787.802 538.5 3.3
TL 1790361787.901 226.2 2.6
TL 1790361788.002 274.3 3.1
TL 1790361788.102 184.5 1.9
TL 1790361788.207 5682.1 1.9
TL 1790361788.302 120.9 2.5
TL 1790361788.402 351.8 4.7
TL 1790361788.502 188.5 2.1
TL 1790361788.603 327.1 3.9
TL 1790361788.703 419.5 3.6
TL 1790361788.803 230.5 3.9
TL 1790361788.903 176.1 2.2
TL 1790361789.003 72.8 1.5
TL 1790361789.104 96.0 3.9
TL 1790361789.208 4040.5 2.6
TL 1790361789.304 124.0 3.1
TL 1790361789.404 128.0 1.5
TL 1790361789.505 354.1 3.5
TL 1790361789.605 375.3 4.4
TL 1790361789.706 1094.3 4.0
TL 1790361789.805 396.6 4.6
TL 1790361789.905 177.0 2.9
TL 1790361790.006 284.0 3.6
TL 1790361790.106 72.6 1.9
TL 1790361790.206 394.7 1.6
TL 1790361790.306 242.7 3.8
TL 1790361790.406 352.7 3.9
TL 1790361790.506 265.7 3.4
TL 1790361790.607 344.4 4.2
TL 1790361790.707 264.2 4.6
TL 1790361790.808 449.2 4.5
TL 1790361790.908 122.7 1.4
TL 1790361791.008 168.8 2.7
TL 1790361791.108 58.8 1.4
TL 1790361791.216 7585.2 2.5
TL 1790361791.309 496.1 3.7
TL 1790361791.409 342.0 4.5
TL 1790361791.509 71.7 3.2
TL 1790361791.609 51.4 1.8
TL 1790361791.709 84.7 1.6
TL 1790361791.809 197.2 3.5
TL 1790361791.909 336.7 3.3
TL 1790361792.010 240.6 3.5
TL 1790361792.109 47.3 1.9
TL 1790361792.213 3402.8 4.1
TL 1790361792.310 298.6 4.0
TL 1790361792.410 81.4 0.8
TL 1790361792.510 440.7 3.8
TL 1790361792.611 635.2 3.9
TL 1790361792.711 274.7 5.4
TL 1790361792.811 98.9 2.3
TL 1790361792.911 267.2 3.1
TL 1790361793.011 74.2 1.8
TL 1790361793.111 104.6 2.0
TL 1790361793.212 402.2 2.8
TL 1790361793.313 743.0 4.7
TL 1790361793.413 887.6 3.6
TL 1790361793.513 326.7 4.1
TL 1790361793.613 329.4 3.7
TL 1790361793.713 254.8 3.9
TL 1790361793.813 58.4 1.6
TL 1790361793.913 64.9 1.7
TL 1790361794.014 198.2 3.0
TL 1790361794.114 58.7 2.1
TL 1790361794.217 3648.0 2.0
TL 1790361794.314 425.5 3.3
TL 1790361794.415 315.0 3.4
TL 1790361794.515 226.3 2.6
TL 1790361794.615 217.8 2.4
TL 1790361794.715 247.1 2.6
TL 1790361794.815 127.7 2.1
TL 1790361794.915 322.7 3.7
TL 1790361795.016 228.6 242.9
TL 1790361795.116 185.2 1.6
TL 1790361795.216 81.7 2.6
TL 1790361795.316 118.3 1.5
TL 1790361795.416 508.1 3.0
TL 1790361795.517 858.4 4.4
TL 1790361795.616 272.8 4.5
TL 1790361795.717 269.8 4.2
TL 1790361795.817 100.1 2.9
TL 1790361795.917 397.9 4.4
TL 1790361796.017 259.2 1.8
TL 1790361796.117 90.6 1.6
TL 1790361796.217 52.5 2.4
TL 1790361796.318 175.1 3.0
TL 1790361796.418 86.8 1.7
TL 1790361796.518 342.7 2.1
TL 1790361796.618 154.3 2.5
TL 1790361796.718 85.9 1.6
TL 1790361796.818 81.2 1.7
TL 1790361796.918 99.7 1.5
TL 1790361797.019 319.8 3.3
TL 1790361797.119 379.8 2.8
TL 1790361797.219 400.0 4.2
TL 1790361797.319 297.7 3.7
TL 1790361797.419 204.7 1.1
TL 1790361797.519 329.6 4.1
TL 1790361797.619 142.7 2.3
TL 1790361797.719 138.3 3.2
TL 1790361797.821 219.7 2.3
TL 1790361797.921 371.4 4.3
TL 1790361798.021 293.8 3.7
TL 1790361798.121 360.9 3.7
TL 1790361798.221 444.1 4.0
TL 1790361798.321 65.3 2.8
TL 1790361798.422 250.6 1.7
TL 1790361798.522 88.1 2.2
TL 1790361798.622 99.8 1.8
TL 1790361798.722 123.9 1.7
TL 1790361798.822 521.5 1.4
TL 1790361798.923 920.0 1.4
TL 1790361799.022 369.1 3.2
TL 1790361799.123 564.6 4.3
TL 1790361799.223 862.7 2.9
TL 1790361799.323 444.4 4.1
TL 1790361799.423 370.3 4.1
TL 1790361799.523 418.5 3.4
TL 1790361799.624 437.4 4.4
TL 1790361799.725 286.5 2.1
TL 1790361799.824 70.0 1.4
TL 1790361799.925 187.9 2.7
TL 1790361800.025 391.4 3.7
TL 1790361800.125 379.0 4.1
TL 1790361800.226 567.3 4.2
TL 1790361800.326 523.0 3.5
TL 1790361800.426 502.3 4.3
TL 1790361800.526 100.0 1.6
TL 1790361800.626 533.9 2.7
TL 1790361800.726 95.7 1.7
TL 1790361800.826 104.3 1.1
TL 1790361800.926 98.2 1.6
TL 1790361801.027 318.1 2.2
TL 1790361801.127 289.6 3.4
TL 1790361801.227 244.9 1.9
TL 1790361801.327 292.5 3.8
TL 1790361801.427 181.6 2.3
TL 1790361801.527 108.6 1.6
TL 1790361801.627 70.8 1.9
TL 1790361801.728 408.9 3.3
TL 1790361801.829 503.8 1.4
TL 1790361801.928 130.0 1.2
TL 1790361802.030 2085.7 1.8
TL 1790361802.128 88.5 1.4
TL 1790361802.229 146.4 2.0
TL 1790361802.329 115.6 1.5
TL 1790361802.430 956.7 2.5
TL 1790361802.529 70.7 1.9
TL 1790361802.629 289.4 1.8
TL 1790361802.730 409.0 3.5
TL 1790361802.829 124.2 1.6
TL 1790361802.930 179.3 2.3
TL 1790361803.030 155.4 1.7
TL 1790361803.130 134.4 1.9
TL 1790361803.230 680.9 2.0
TL 1790361803.330 388.6 3.9
TL 1790361803.430 303.3 2.8
TL 1790361803.531 368.0 5.5
TL 1790361803.632 885.7 4.5
TL 1790361803.731 134.1 1.4
TL 1790361803.832 160.8 1.9
TL 1790361803.932 130.7 1.9
TL 1790361804.032 73.0 1.7
TL 1790361804.132 146.4 1.9
TL 1790361804.232 125.3 3.3
TL 1790361804.333 333.9 2.1
TL 1790361804.433 465.8 3.3
TL 1790361804.533 320.7 6.0
TL 1790361804.633 415.0 11.1
TL 1790361804.733 96.5 2.5
TL 1790361804.833 166.8 1.7
TL 1790361804.934 247.6 4.5
TL 1790361805.034 274.4 3.3
TL 1790361805.134 259.0 3.0
TL 1790361805.234 83.0 3.0
TL 1790361805.334 250.8 2.2
TL 1790361805.435 295.8 4.3
TL 1790361805.535 158.7 2.4
TL 1790361805.635 146.2 2.3
TL 1790361805.735 108.2 2.5
TL 1790361805.835 277.4 3.7
TL 1790361805.935 301.2 2.6
TL 1790361806.036 264.1 3.0
TL 1790361806.136 277.9 2.0
TL 1790361806.236 199.6 1.8
TL 1790361806.336 58.1 2.7
TL 1790361806.436 425.5 3.5
TL 1790361806.537 511.2 4.6
TL 1790361806.636 74.3 1.5
TL 1790361806.737 364.7 3.2
TL 1790361806.837 355.0 3.8
TL 1790361806.937 293.4 4.0
TL 1790361807.038 310.6 4.1
TL 1790361807.138 297.7 2.8
TL 1790361807.238 225.7 2.1
TL 1790361807.338 57.7 1.5
TL 1790361807.451 13217.1 2.1
TL 1790361807.538 74.6 3.9
TL 1790361807.638 52.2 1.4
TL 1790361807.738 168.4 1.9
TL 1790361807.839 391.9 3.2
TL 1790361807.939 239.9 3.6
TL 1790361808.039 264.8 2.8
TL 1790361808.139 359.7 4.0
TL 1790361808.239 258.7 2.7
TL 1790361808.339 129.1 2.5
TL 1790361808.439 71.2 2.5
TL 1790361808.539 61.4 3.4
TL 1790361808.641 741.3 2.1
TL 1790361808.740 133.5 2.1
TL 1790361808.841 229.6 1.9
TL 1790361808.941 191.9 1.9
TL 1790361809.041 208.4 2.0
TL 1790361809.141 214.2 2.3
TL 1790361809.241 125.4 1.6
TL 1790361809.341 136.8 1.6
TL 1790361809.441 138.8 1.9
TL 1790361809.541 108.7 1.3
TL 1790361809.641 60.0 1.5
TL 1790361809.741 207.1 1.6
TL 1790361809.841 69.3 2.4
TL 1790361809.941 59.3 1.5
TL 1790361810.042 99.1 1.4
TL 1790361810.142 203.3 2.3
TL 1790361810.242 135.2 1.9
TL 1790361810.342 95.2 1.9
TL 1790361810.442 244.7 3.6
TL 1790361810.542 72.8 2.2
TL 1790361810.642 156.0 1.9
TL 1790361810.745 274.0 2.0
TL 1790361810.845 410.1 2.0
TL 1790361810.945 68.6 1.1
TL 1790361811.046 454.5 3.8
TL 1790361811.146 161.8 1.8
TL 1790361811.246 159.3 2.4
TL 1790361811.346 107.9 2.1
TL 1790361811.447 505.8 4.6
TL 1790361811.547 581.8 4.7
TL 1790361811.646 104.5 2.1
TL 1790361811.747 203.7 3.0
TL 1790361811.847 128.8 1.4
TL 1790361811.947 86.4 1.9
TL 1790361812.047 95.8 2.6
TL 1790361812.147 84.2 1.9
TL 1790361812.247 90.1 3.2
TL 1790361812.347 83.4 2.0
TL 1790361812.448 290.7 3.9
TL 1790361812.548 267.2 2.5
TL 1790361812.648 71.2 1.9
TL 1790361812.748 75.3 2.4
TL 1790361812.848 283.7 3.9
TL 1790361812.948 208.0 2.1
TL 1790361813.049 1266.9 1.8
TL 1790361813.149 331.3 3.9
TL 1790361813.249 271.6 5.2
TL 1790361813.349 158.8 2.2
TL 1790361813.450 1050.4 3.4
TL 1790361813.549 225.1 2.7
TL 1790361813.650 315.5 3.6
TL 1790361813.750 762.9 3.4
TL 1790361813.850 504.2 1.4
TL 1790361813.950 473.8 2.3
TL 1790361814.050 177.0 1.5
TL 1790361814.150 244.4 1.8
TL 1790361814.250 64.7 1.5
TL 1790361814.351 245.7 1.4
TL 1790361814.451 96.2 2.0
TL 1790361814.551 387.3 3.5
TL 1790361814.651 311.0 2.7
TL 1790361814.751 437.2 3.4
TL 1790361814.851 130.9 2.3
TL 1790361814.951 194.6 2.4
TL 1790361815.051 76.3 2.2
TL 1790361815.151 97.1 1.9
TL 1790361815.252 139.6 2.1
TL 1790361815.352 573.2 3.4
TL 1790361815.452 432.9 4.1
TL 1790361815.552 319.6 3.3
TL 1790361815.653 331.5 3.9
TL 1790361815.753 423.5 4.0
TL 1790361815.853 159.4 2.0
TL 1790361815.953 164.8 2.2
TL 1790361816.053 82.2 1.5
TL 1790361816.153 58.3 1.6
TL 1790361816.253 242.7 2.8
TL 1790361816.353 99.0 2.0
TL 1790361816.454 378.9 4.7
TL 1790361816.554 328.1 2.0
TL 1790361816.654 127.3 1.5
TL 1790361816.754 269.5 1.4
TL 1790361816.854 125.4 1.7
TL 1790361816.954 200.3 1.8
TL 1790361817.054 65.3 1.1
TL 1790361817.154 75.4 2.0
TL 1790361817.258 3626.0 1.6
TL 1790361817.354 134.0 1.7
TL 1790361817.455 237.3 3.5
TL 1790361817.555 73.5 1.6
TL 1790361817.655 124.6 1.5
TL 1790361817.755 423.4 5.0
TL 1790361817.856 382.4 4.3
TL 1790361817.955 59.7 1.7
TL 1790361818.056 290.4 3.0
TL 1790361818.156 235.7 3.5
TL 1790361818.256 91.3 1.9
TL 1790361818.358 2175.7 1.9
TL 1790361818.456 249.6 3.9
TL 1790361818.557 307.7 3.2
TL 1790361818.657 71.8 1.7
TL 1790361818.757 92.7 1.4
TL 1790361818.857 216.6 1.4
TL 1790361818.957 50.9 1.3
TL 1790361819.057 80.0 1.7
TL 1790361819.157 86.9 1.4
TL 1790361819.258 310.9 2.9
TL 1790361819.357 119.4 1.9
TL 1790361819.458 214.5 2.1
TL 1790361819.558 226.7 3.9
TL 1790361819.658 231.7 3.4
TL 1790361819.759 279.6 4.2
TL 1790361819.859 712.8 5.8
TL 1790361819.959 98.0 1.2
TL 1790361820.059 596.4 1.7
TL 1790361820.160 430.8 4.5
TL 1790361820.259 184.5 1.7
TL 1790361820.361 1216.6 4.0
TL 1790361820.460 317.7 4.1
TL 1790361820.560 106.3 1.6
TL 1790361820.662 2070.1 1.8
TL 1790361820.760 285.7 2.1
TL 1790361820.861 301.7 3.6
TL 1790361820.961 127.1 2.0
TL 1790361821.062 1541.5 2.0
TL 1790361821.161 77.1 1.6
TL 1790361821.262 626.9 2.5
TL 1790361821.361 113.4 2.0
TL 1790361821.462 476.1 3.3
TL 1790361821.561 144.5 2.0
TL 1790361821.661 71.6 1.5
TL 1790361821.762 375.9 1.9
TL 1790361821.862 313.2 4.6
TL 1790361821.962 125.6 2.2
TL 1790361822.062 246.1 3.4
TL 1790361822.162 65.1 1.6
TL 1790361822.262 115.7 1.8
TL 1790361822.363 134.1 2.1
TL 1790361822.463 137.1 2.3
TL 1790361822.563 150.9 2.7
TL 1790361822.663 62.3 0.9
TL 1790361822.763 210.9 2.9
TL 1790361822.863 67.7 1.6
TL 1790361822.964 701.4 2.2
TL 1790361823.064 331.8 5.1
TL 1790361823.164 319.2 3.5
TL 1790361823.264 123.6 2.4
TL 1790361823.364 50.4 1.6
TL 1790361823.464 224.8 1.6
TL 1790361823.564 161.8 2.1
TL 1790361823.665 484.2 3.4
TL 1790361823.765 354.5 3.7
TL 1790361823.865 371.5 4.1
TL 1790361823.965 264.2 3.3
TL 1790361824.065 114.5 2.2
TL 1790361824.166 257.7 1.9
TL 1790361824.265 73.7 1.5
TL 1790361824.366 534.1 3.0
TL 1790361824.466 360.6 3.7
TL 1790361824.566 467.7 3.7
TL 1790361824.666 478.7 3.9
TL 1790361824.766 321.6 6.6
TL 1790361824.867 363.9 3.6
TL 1790361824.967 219.4 3.4
TL 1790361825.067 91.9 1.6
TL 1790361825.167 297.7 3.3
TL 1790361825.267 96.2 1.5
TL 1790361825.368 463.2 3.1
TL 1790361825.470 257.3 2.4
TL 1790361825.570 75.8 2.2
TL 1790361825.671 140.8 2.2
TL 1790361825.771 324.0 1.9
TL 1790361825.871 253.5 3.0
TL 1790361825.971 409.0 4.2
TL 1790361826.072 352.2 2.9
TL 1790361826.172 295.4 3.1
TL 1790361826.272 192.0 2.8
TL 1790361826.372 93.4 1.3
TL 1790361826.472 298.7 2.0
TL 1790361826.573 378.8 4.4
TL 1790361826.673 258.5 2.5
TL 1790361826.773 350.9 4.1
TL 1790361826.873 361.2 4.1
TL 1790361826.973 232.6 3.7
TL 1790361827.074 428.4 3.0
TL 1790361827.174 109.9 1.5
TL 1790361827.274 114.0 1.4
TL 1790361827.374 525.7 1.7
TL 1790361827.474 426.7 5.3
TL 1790361827.575 754.2 3.6
TL 1790361827.675 491.2 3.5
TL 1790361827.775 89.3 1.6
TL 1790361827.875 63.3 2.7
TL 1790361827.975 75.9 2.7
TL 1790361828.075 110.5 1.6
TL 1790361828.175 215.5 1.8
TL 1790361828.275 118.7 1.8
TL 1790361828.375 53.2 1.3
TL 1790361828.479 4061.3 1.8
TL 1790361828.576 251.7 4.4
TL 1790361828.676 330.7 15.6
TL 1790361828.776 95.9 2.8
TL 1790361828.876 360.6 4.1
TL 1790361828.977 900.5 4.0
TL 1790361829.077 211.6 3.4
TL 1790361829.177 242.4 3.2
TL 1790361829.277 185.1 2.5
TL 1790361829.378 1384.3 1.4
TL 1790361829.477 254.2 3.2
TL 1790361829.578 263.1 3.6
TL 1790361829.678 139.0 1.5
TL 1790361829.778 96.8 1.9
TL 1790361829.878 344.1 3.3
TL 1790361829.979 409.5 3.7
TL 1790361830.079 184.7 1.4
TL 1790361830.179 194.8 1.9
TL 1790361830.279 68.0 2.1
TL 1790361830.379 348.2 1.9
TL 1790361830.479 110.4 2.1
TL 1790361830.579 283.0 4.4
TL 1790361830.680 352.3 4.5
TL 1790361830.780 693.1 3.5
TL 1790361830.880 341.3 3.3
TL 1790361830.981 527.8 2.6
TL 1790361831.080 142.5 1.4
TL 1790361831.180 84.9 2.0
TL 1790361831.280 112.2 1.9
TL 1790361831.381 200.3 2.6
TL 1790361831.481 78.6 2.3
TL 1790361831.582 1496.8 2.4
TL 1790361831.681 147.0 1.9
TL 1790361831.782 455.7 3.8
TL 1790361831.882 243.8 3.7
TL 1790361831.982 255.7 3.8
TL 1790361832.082 172.6 2.7
TL 1790361832.182 67.2 2.0
TL 1790361832.283 346.9 5.7
TL 1790361832.383 111.8 2.7
TL 1790361832.483 97.6 1.7
TL 1790361832.585 2165.3 1.4
TL 1790361832.683 419.4 5.3
TL 1790361832.783 79.5 1.1
TL 1790361832.884 414.1 2.3
TL 1790361832.984 423.4 3.7
TL 1790361833.084 524.9 4.4
TL 1790361833.185 488.6 4.8
TL 1790361833.285 416.8 4.1
TL 1790361833.385 118.9 1.9
TL 1790361833.485 267.9 1.6
TL 1790361833.585 60.9 1.4
TL 1790361833.685 164.6 2.2
TL 1790361833.785 68.1 1.8
TL 1790361833.886 314.7 3.7
TL 1790361833.986 261.9 3.4
TL 1790361834.086 306.5 3.4
TL 1790361834.186 323.5 4.6
TL 1790361834.286 139.9 1.8
TL 1790361834.386 116.2 2.0
TL 1790361834.486 72.2 1.9
TL 1790361834.587 365.5 4.4
TL 1790361834.687 261.7 1.5
TL 1790361834.788 203.9 1.8
TL 1790361834.888 127.0 1.8
TL 1790361834.988 92.3 1.8
TL 1790361835.088 172.4 4.2
TL 1790361835.189 312.3 3.7
TL 1790361835.289 302.7 3.3
TL 1790361835.389 166.7 2.5
TL 1790361835.489 84.0 2.3
TL 1790361835.589 276.1 4.3
TL 1790361835.689 245.9 4.5
TL 1790361835.789 93.3 2.0
TL 1790361835.889 62.4 1.8
TL 1790361835.990 370.3 4.6
TL 1790361836.090 276.4 3.2
TL 1790361836.190 236.6 3.0
TL 1790361836.291 542.8 3.5
TL 1790361836.390 221.6 1.9
TL 1790361836.490 68.4 1.6
TL 1790361836.591 421.2 3.4
TL 1790361836.691 288.8 3.0
TL 1790361836.791 321.3 2.8
TL 1790361836.891 302.6 3.0
TL 1790361836.991 70.2 3.0
TL 1790361837.092 161.5 1.8
TL 1790361837.192 94.5 1.3
TL 1790361837.292 307.7 3.5
TL 1790361837.393 822.8 2.6
TL 1790361837.492 143.5 0.8
TL 1790361837.593 503.1 2.1
TL 1790361837.693 344.4 2.9
TL 1790361837.793 68.6 0.8
TL 1790361837.893 303.1 2.4
TL 1790361837.994 373.0 2.4
TL 1790361838.094 272.3 4.0
TL 1790361838.194 204.0 2.0
TL 1790361838.294 341.5 3.3
TL 1790361838.394 372.8 4.3
TL 1790361838.494 319.2 3.5
TL 1790361838.595 220.8 4.3
TL 1790361838.695 130.0 1.6
TL 1790361838.795 71.1 1.4
TL 1790361838.895 294.5 3.1
TL 1790361838.995 360.4 3.3
TL 1790361839.095 169.3 2.0
TL 1790361839.195 115.7 1.2
TL 1790361839.295 177.4 1.9
TL 1790361839.395 65.7 2.4
TL 1790361839.496 212.4 3.0
TL 1790361839.596 140.1 1.8
TL 1790361839.696 115.3 2.1
TL 1790361839.796 354.2 3.1
TL 1790361839.896 291.2 2.7
TL 1790361839.997 344.5 2.6
TL 1790361840.097 285.4 3.6
TL 1790361840.197 298.1 3.6
TL 1790361840.297 304.1 3.1
TL 1790361840.397 392.3 2.7
TL 1790361840.497 62.3 0.5
TL 1790361840.598 516.0 3.3
TL 1790361840.698 115.9 2.1
TL 1790361840.798 507.7 3.5
TL 1790361840.899 602.4 4.2
TL 1790361840.999 328.4 2.4
TL 1790361841.099 391.6 3.7
TL 1790361841.199 328.0 3.5
TL 1790361841.299 244.1 2.6
TL 1790361841.399 180.4 1.9
TL 1790361841.499 71.3 2.7
TL 1790361841.599 71.4 1.6
TL 1790361841.700 224.2 1.5
TL 1790361841.800 80.7 1.5
TL 1790361841.900 324.6 46.5
TL 1790361842.000 427.0 2.8
TL 1790361842.100 144.6 1.3
TL 1790361842.201 330.3 3.1
TL 1790361842.301 471.3 2.9
TL 1790361842.401 130.7 1.5
TL 1790361842.501 101.1 1.1
TL 1790361842.601 283.9 2.4
TL 1790361842.701 316.6 3.1
TL 1790361842.801 101.7 1.7
TL 1790361842.901 107.7 1.7
TL 1790361843.002 110.6 1.5
TL 1790361843.102 214.7 3.7
TL 1790361843.202 336.2 2.9
TL 1790361843.302 140.1 1.8
TL 1790361843.402 187.2 1.5
TL 1790361843.503 340.6 2.0
TL 1790361843.603 433.6 3.6
TL 1790361843.703 255.4 3.4
TL 1790361843.803 95.2 1.2
TL 1790361843.903 149.3 3.3
TL 1790361844.003 69.5 2.2
TL 1790361844.104 235.3 3.5
TL 1790361844.204 530.2 4.1
TL 1790361844.305 652.1 4.1
TL 1790361844.404 282.8 3.5
TL 1790361844.505 319.3 4.7
TL 1790361844.605 258.2 2.2
TL 1790361844.705 117.0 1.4
TL 1790361844.805 58.2 1.3
TL 1790361844.905 207.2 2.8
TL 1790361845.005 260.7 2.3
TL 1790361845.106 364.2 3.2
TL 1790361845.206 335.7 3.9
TL 1790361845.306 256.9 3.0
TL 1790361845.407 239.8 2.0
TL 1790361845.507 308.9 3.2
TL 1790361845.607 380.4 4.1
TL 1790361845.707 110.7 3.2
TL 1790361845.807 103.4 1.7
TL 1790361845.908 374.1 1.6
TL 1790361846.008 367.9 3.1
TL 1790361846.108 59.9 1.6
TL 1790361846.208 163.9 2.1
TL 1790361846.310 2432.6 4.0
TL 1790361846.408 205.8 3.7
TL 1790361846.508 116.1 0.5
TL 1790361846.609 182.0 1.9
TL 1790361846.709 295.3 2.7
TL 1790361846.809 150.5 1.7
TL 1790361846.909 97.8 3.0
TL 1790361847.009 76.6 1.4
TL 1790361847.109 52.0 1.0
TL 1790361847.209 112.1 3.4
TL 1790361847.310 93.3 2.7
TL 1790361847.410 90.5 3.7
TL 1790361847.510 111.1 3.1
TL 1790361847.610 82.2 1.8
TL 1790361847.710 134.6 3.7
TL 1790361847.810 89.3 2.1
TL 1790361847.910 77.3 2.0
TL 1790361848.011 137.4 1.8
TL 1790361848.111 302.9 2.2
TL 1790361848.211 93.5 2.4
TL 1790361848.311 206.5 1.8
TL 1790361848.411 74.3 2.1
TL 1790361848.511 263.4 2.3
TL 1790361848.611 85.3 3.0
TL 1790361848.711 58.6 2.1
TL 1790361848.812 134.2 3.1
TL 1790361848.912 156.0 2.0
TL 1790361849.014 1931.8 1.5
TL 1790361849.112 59.8 2.3
TL 1790361849.212 359.2 2.1
TL 1790361849.312 122.3 4.0
TL 1790361849.412 141.5 1.5
TL 1790361849.512 136.8 1.5
TL 1790361849.613 149.6 2.8
TL 1790361849.713 340.1 2.0
TL 1790361849.813 56.1 1.7
TL 1790361849.913 390.9 1.5
TL 1790361850.013 186.6 1.9
TL 1790361850.113 72.5 1.7
TL 1790361850.213 97.5 3.4
TL 1790361850.314 132.7 2.9
TL 1790361850.414 168.8 3.5
TL 1790361850.514 71.5 1.8
TL 1790361850.614 150.6 3.6
TL 1790361850.715 550.7 3.5
TL 1790361850.815 90.7 1.8
TL 1790361850.915 208.1 3.5
TL 1790361851.015 89.4 3.0
TL 1790361851.115 125.9 2.5
TL 1790361851.215 69.1 1.7
TL 1790361851.315 83.9 2.9
TL 1790361851.415 121.5 2.1
TL 1790361851.516 168.6 3.1
TL 1790361851.616 155.3 1.8
TL 1790361851.716 250.1 4.7
TL 1790361851.816 79.6 2.2
TL 1790361851.916 388.2 2.9
TL 1790361852.016 124.0 1.1
TL 1790361852.116 74.8 2.1
TL 1790361852.217 273.6 3.2
TL 1790361852.317 279.9 3.3
TL 1790361852.417 377.1 1.2
TL 1790361852.518 372.0 2.1
TL 1790361852.618 339.9 3.3
TL 1790361852.718 197.7 3.4
TL 1790361852.818 83.3 1.7
TL 1790361852.918 68.7 0.4
TL 1790361853.019 368.5 2.4
TL 1790361853.118 124.6 1.4
TL 1790361853.219 255.3 3.1
TL 1790361853.319 210.8 2.4
TL 1790361853.419 189.4 1.8
TL 1790361853.519 353.5 3.8
TL 1790361853.619 98.3 1.7
TL 1790361853.719 130.8 2.4
TL 1790361853.819 65.6 1.0
TL 1790361853.920 81.4 0.6
TL 1790361854.020 280.4 2.7
TL 1790361854.120 323.0 2.3
TL 1790361854.220 292.6 3.9
TL 1790361854.320 268.1 3.1
TL 1790361854.420 88.5 0.5
TL 1790361854.521 384.7 3.6
TL 1790361854.621 89.9 1.1
TL 1790361854.721 312.0 4.5
TL 1790361854.821 228.3 2.2
TL 1790361854.921 60.7 0.5
TL 1790361855.022 332.1 4.3
TL 1790361855.122 313.7 3.7
TL 1790361855.222 314.0 5.8
TL 1790361855.323 741.1 3.3
TL 1790361855.423 177.3 1.3
TL 1790361855.523 392.3 3.5
TL 1790361855.623 309.7 2.4
TL 1790361855.723 160.1 3.0
TL 1790361855.823 100.2 1.1
TL 1790361855.923 98.4 0.8
TL 1790361856.024 325.5 4.0
TL 1790361856.124 320.7 3.5
TL 1790361856.224 249.8 4.0
TL 1790361856.324 183.7 2.7
TL 1790361856.425 240.5 2.5
TL 1790361856.525 73.0 1.3
TL 1790361856.625 247.0 3.4
TL 1790361856.725 211.5 4.4
TL 1790361856.825 94.8 1.3
TL 1790361856.925 107.2 0.5
TL 1790361857.026 250.0 3.6
TL 1790361857.126 334.1 3.7
TL 1790361857.226 101.5 2.5
TL 1790361857.326 220.9 2.8
TL 1790361857.426 392.6 3.0
TL 1790361857.526 262.5 2.0
TL 1790361857.626 93.0 1.9
TL 1790361857.727 206.6 4.1
TL 1790361857.827 112.7 1.6
TL 1790361857.927 119.4 0.4
TL 1790361858.028 511.4 1.8
TL 1790361858.128 254.8 3.1
TL 1790361858.228 505.5 4.4
TL 1790361858.328 258.7 2.9
TL 1790361858.428 235.0 1.8
TL 1790361858.528 213.3 1.6
TL 1790361858.630 1986.3 2.6
TL 1790361858.728 126.5 2.0
TL 1790361858.829 261.9 2.3
TL 1790361858.929 271.6 1.3
TL 1790361859.029 369.6 2.9
TL 1790361859.129 266.7 2.8
TL 1790361859.230 503.3 4.6
TL 1790361859.330 349.9 3.2
TL 1790361859.430 401.4 2.7
TL 1790361859.530 122.6 1.1
TL 1790361859.630 143.8 1.1
TL 1790361859.730 122.6 2.0
TL 1790361859.832 1334.6 4.3
TL 1790361859.931 219.7 2.1
TL 1790361860.032 631.6 3.7
TL 1790361860.132 358.8 4.5
TL 1790361860.232 185.6 2.1
TL 1790361860.332 211.9 3.3
TL 1790361860.432 105.4 0.8
TL 1790361860.532 109.0 1.0
TL 1790361860.633 454.8 2.4
TL 1790361860.732 247.6 3.4
TL 1790361860.833 231.0 4.1
TL 1790361860.933 223.4 1.6
TL 1790361861.033 89.3 1.1
TL 1790361861.133 260.7 3.9
TL 1790361861.233 243.0 4.1
TL 1790361861.334 243.5 2.8
TL 1790361861.434 140.9 0.9
TL 1790361861.534 142.4 1.8
TL 1790361861.634 302.4 2.9
TL 1790361861.735 286.8 3.4
TL 1790361861.834 45.2 1.5
TL 1790361861.935 294.4 2.6
TL 1790361862.035 202.3 3.7
TL 1790361862.135 207.0 2.9
TL 1790361862.236 244.6 4.0
TL 1790361862.335 114.1 1.8
TL 1790361862.436 79.4 0.9
TL 1790361862.536 356.8 3.1
TL 1790361862.636 257.6 4.2
TL 1790361862.736 285.7 3.7
TL 1790361862.837 238.8 3.5
TL 1790361862.937 242.1 2.0
TL 1790361863.037 90.5 1.5
TL 1790361863.137 187.9 3.3
TL 1790361863.237 364.2 5.5
TL 1790361863.338 323.8 3.1
TL 1790361863.438 182.7 1.9
TL 1790361863.538 228.4 3.0
TL 1790361863.638 256.8 3.8
TL 1790361863.738 326.8 3.3
TL 1790361863.838 94.9 1.4
TL 1790361863.938 68.9 0.8
TL 1790361864.038 81.8 1.7
TL 1790361864.139 561.4 4.5
TL 1790361864.239 304.4 4.8
TL 1790361864.339 324.0 4.4
TL 1790361864.439 178.4 1.9
TL 1790361864.540 367.9 3.9
TL 1790361864.640 80.6 1.7
TL 1790361864.740 441.2 3.4
TL 1790361864.840 119.5 1.3
TL 1790361864.940 325.4 1.4
TL 1790361865.041 194.6 3.1
TL 1790361865.141 387.8 2.5
TL 1790361865.241 295.8 4.2
TL 1790361865.341 327.5 4.2
TL 1790361865.441 341.5 2.7
TL 1790361865.542 251.0 3.2
TL 1790361865.641 90.7 2.0
TL 1790361865.742 120.4 1.7
TL 1790361865.842 65.6 2.1
TL 1790361865.942 241.9 1.6
TL 1790361866.042 72.8 2.4
TL 1790361866.142 300.5 5.2
TL 1790361866.243 357.3 4.4
TL 1790361866.343 64.2 2.2
TL 1790361866.443 415.2 2.4
TL 1790361866.543 301.1 3.4
TL 1790361866.643 98.6 1.8
TL 1790361866.743 235.6 4.8
TL 1790361866.843 107.1 1.6
TL 1790361866.944 244.0 1.1
TL 1790361867.044 346.6 3.1
TL 1790361867.144 335.8 4.5
TL 1790361867.245 384.1 4.8
TL 1790361867.345 118.5 1.5
TL 1790361867.445 187.7 2.1
TL 1790361867.545 317.5 2.5
TL 1790361867.645 80.5 1.5
TL 1790361867.745 84.3 1.4
TL 1790361867.846 414.8 3.1
TL 1790361867.946 139.3 1.4
TL 1790361868.046 189.0 2.2
TL 1790361868.147 436.6 3.3
TL 1790361868.247 230.4 4.0
TL 1790361868.347 102.4 1.6
TL 1790361868.447 173.9 2.1
TL 1790361868.548 368.8 3.2
TL 1790361868.648 205.5 4.4
TL 1790361868.749 230.0 4.2
TL 1790361868.849 394.4 3.3
TL 1790361868.949 205.8 2.7
TL 1790361869.049 137.3 2.2
TL 1790361869.149 104.4 1.4
TL 1790361869.250 100.7 1.4
TL 1790361869.350 109.0 1.6
TL 1790361869.450 109.7 1.0
TL 1790361869.550 330.4 2.8
TL 1790361869.650 301.5 3.5
TL 1790361869.750 58.9 1.2
TL 1790361869.851 225.4 5.0
TL 1790361869.951 260.3 2.1
TL 1790361870.051 240.0 4.1
TL 1790361870.151 133.9 2.1
TL 1790361870.251 194.1 2.4
TL 1790361870.351 109.2 3.5
TL 1790361870.452 226.6 1.5
TL 1790361870.552 601.4 2.0
TL 1790361870.652 694.8 3.1
TL 1790361870.752 391.8 3.4
TL 1790361870.852 199.9 4.5
TL 1790361870.953 236.0 2.0
TL 1790361871.053 259.8 2.9
TL 1790361871.153 179.3 1.9
TL 1790361871.253 108.3 1.4
TL 1790361871.353 82.8 1.7
TL 1790361871.453 252.8 1.3
TL 1790361871.553 195.2 2.1
TL 1790361871.654 309.4 2.8
TL 1790361871.754 313.9 3.2
TL 1790361871.854 245.6 3.1
TL 1790361871.954 87.2 0.5
TL 1790361872.054 233.5 3.3
TL 1790361872.154 104.7 1.7
TL 1790361872.255 534.4 3.5
TL 1790361872.355 220.9 3.5
TL 1790361872.455 210.2 2.8
TL 1790361872.555 337.8 3.1
TL 1790361872.655 201.5 3.8
TL 1790361872.756 314.4 3.1
TL 1790361872.856 303.0 4.3
TL 1790361872.956 109.9 0.8
TL 1790361873.056 208.6 2.1
TL 1790361873.156 352.5 3.0
TL 1790361873.257 356.0 4.5
TL 1790361873.357 328.1 2.9
TL 1790361873.457 95.4 0.9
TL 1790361873.557 181.1 3.5
TL 1790361873.657 93.3 1.6
TL 1790361873.757 132.7 1.4
TL 1790361873.858 349.3 2.3
TL 1790361873.958 436.1 2.8
TL 1790361874.058 226.9 3.4
TL 1790361874.159 597.8 2.9
TL 1790361874.258 304.0 4.6
TL 1790361874.359 291.6 3.5
TL 1790361874.459 152.5 1.0
TL 1790361874.559 168.7 2.1
TL 1790361874.659 252.1 3.8
TL 1790361874.759 344.5 2.7
TL 1790361874.859 383.0 4.0
TL 1790361874.959 88.2 0.8
TL 1790361875.059 100.3 3.2
TL 1790361875.160 190.8 3.9
TL 1790361875.260 303.6 85.8
TL 1790361875.360 88.5 1.5
TL 1790361875.460 117.0 0.7
TL 1790361875.561 389.7 3.8
TL 1790361875.660 137.3 2.8
TL 1790361875.760 106.4 1.1
TL 1790361875.861 286.4 3.7
TL 1790361875.961 353.8 2.0
TL 1790361876.061 358.9 3.4
TL 1790361876.161 145.9 2.7
TL 1790361876.261 151.4 1.6
TL 1790361876.361 92.3 1.5
TL 1790361876.462 412.9 1.8
TL 1790361876.562 318.9 3.2
TL 1790361876.662 64.1 1.7
TL 1790361876.762 308.7 3.4
TL 1790361876.862 328.1 3.1
TL 1790361876.963 270.9 1.8
TL 1790361877.063 488.3 3.1
TL 1790361877.163 122.0 1.7
TL 1790361877.263 76.5 2.4
TL 1790361877.363 242.8 1.9
TL 1790361877.463 214.9 1.7
TL 1790361877.563 340.8 3.4
TL 1790361877.664 275.9 4.3
TL 1790361877.764 332.1 4.6
TL 1790361877.865 469.9 3.7
TL 1790361877.965 197.0 1.6
TL 1790361878.065 100.5 2.2
TL 1790361878.165 109.9 2.2
TL 1790361878.265 92.4 1.6
TL 1790361878.365 384.1 4.1
TL 1790361878.466 366.1 3.7
TL 1790361878.566 299.3 3.0
TL 1790361878.666 344.0 4.3
TL 1790361878.766 108.4 1.3
TL 1790361878.866 102.8 1.9
TL 1790361878.967 352.3 1.9
TL 1790361879.069 2680.2 3.7
TL 1790361879.167 462.6 3.5
TL 1790361879.267 370.0 4.7
TL 1790361879.367 319.2 4.1
TL 1790361879.467 193.5 2.0
TL 1790361879.567 106.5 0.7
TL 1790361879.667 79.0 1.6
TL 1790361879.768 93.2 1.5
TL 1790361879.868 315.5 1.5
TL 1790361879.968 298.9 3.5
TL 1790361880.068 207.5 3.2
TL 1790361880.169 413.6 4.5
TL 1790361880.269 238.9 4.4
TL 1790361880.369 92.4 1.7
TL 1790361880.469 299.9 2.8
TL 1790361880.569 197.7 2.9
TL 1790361880.669 97.4 2.1
TL 1790361880.770 276.6 3.0
TL 1790361880.870 292.9 3.1
TL 1790361880.970 245.3 3.4
TL 1790361881.070 203.5 3.7
TL 1790361881.171 403.9 5.2
TL 1790361881.271 347.1 4.4
TL 1790361881.371 350.7 3.3
TL 1790361881.471 122.2 0.9
TL 1790361881.571 95.2 1.4
TL 1790361881.671 100.9 2.5
TL 1790361881.772 179.7 2.3
TL 1790361881.872 369.1 3.1
TL 1790361881.972 101.1 1.2
TL 1790361882.072 427.0 3.5
TL 1790361882.172 294.8 4.1
TL 1790361882.273 376.0 5.7
TL 1790361882.373 329.4 2.9
TL 1790361882.473 144.8 0.5
TL 1790361882.573 98.7 1.2
TL 1790361882.674 393.6 3.6
TL 1790361882.774 273.8 2.7
TL 1790361882.874 188.5 3.2
TL 1790361882.974 112.6 0.7
TL 1790361883.074 478.1 2.6
TL 1790361883.174 281.6 5.5
TL 1790361883.274 199.8 2.2
TL 1790361883.374 125.4 1.1
TL 1790361883.475 202.8 2.0
TL 1790361883.575 118.2 2.0
TL 1790361883.675 207.8 3.5
TL 1790361883.775 128.9 1.4
TL 1790361883.876 299.9 2.9
TL 1790361883.976 188.1 2.2
TL 1790361884.076 96.9 2.2
TL 1790361884.176 374.7 4.3
TL 1790361884.276 350.5 3.6
TL 1790361884.377 340.7 3.6
TL 1790361884.477 341.6 2.6
TL 1790361884.577 236.6 2.2
TL 1790361884.677 227.8 4.8
TL 1790361884.778 332.3 4.2
TL 1790361884.878 129.9 1.5
TL 1790361884.978 139.4 0.9
TL 1790361885.078 76.1 1.5
TL 1790361885.178 284.2 3.7
TL 1790361885.279 340.2 3.1
TL 1790361885.379 364.8 2.7
TL 1790361885.479 331.8 2.4
TL 1790361885.579 321.2 3.0
TL 1790361885.679 63.2 3.0
TL 1790361885.779 76.0 1.9
TL 1790361885.879 61.5 3.0
TL 1790361885.979 96.8 1.1
TL 1790361886.079 62.2 1.6
TL 1790361886.180 152.2 2.0
TL 1790361886.280 83.2 2.9
TL 1790361886.380 132.9 1.4
TL 1790361886.480 102.1 0.9
TL 1790361886.580 69.6 2.0
TL 1790361886.680 227.8 1.4
TL 1790361886.780 100.5 3.7
TL 1790361886.880 111.1 3.2
TL 1790361886.982 1327.4 1.8
TL 1790361887.081 149.6 2.3
TL 1790361887.181 72.7 1.9
TL 1790361887.281 85.0 1.8
TL 1790361887.381 69.4 2.6
TL 1790361887.481 109.8 1.0
TL 1790361887.581 110.1 2.2
TL 1790361887.681 102.3 1.5
TL 1790361887.781 114.2 1.1
TL 1790361887.882 340.6 4.5
TL 1790361887.982 104.6 0.7
TL 1790361888.083 376.5 2.7
TL 1790361888.183 277.0 2.9
TL 1790361888.283 328.3 4.3
TL 1790361888.383 372.4 3.5
TL 1790361888.483 94.2 1.0
TL 1790361888.583 63.0 0.9
TL 1790361888.683 81.6 1.7
TL 1790361888.783 68.9 2.0
TL 1790361888.884 246.5 1.8
TL 1790361888.984 59.0 1.2
TL 1790361889.084 151.5 1.3
TL 1790361889.184 87.7 2.1
TL 1790361889.284 73.7 2.8
TL 1790361889.384 167.7 1.7
