1790360110.042988717  249640 1003019
1790360112.485980539  202014 1004388
1790360114.759421059   68234 1003145
1790360117.017412100       0       0
1790360119.274978661       0       0
1790360121.534452827       0       0
1790360123.809929285  105636 1004035
1790360126.074853138       0       0
1790360128.345847200       0       0
1790360130.642388657       0       0
1790360132.899449385       0       0
1790360135.221436520       0       0
1790360137.550521207   63332 1003506
1790360139.803218810   56601 1003077
1790360142.057454330   50439 1002790
1790360144.322122089   43142 1002707
1790360146.691811880   52854 1002710
1790360148.933813129       0       0
1790360151.195080785   63647 1002588
1790360153.482021305   68386 1002952
1790360155.776793856   71177 1003021
1790360158.028990209   57019 1003142
1790360160.308341042   69648 1003076
1790360162.582107760   64943 1003211
1790360164.834642342   59953 1002583
1790360167.124984945   49751 1002651
1790360169.389228069   68515 1003036
1790360171.645505516   56836 1002876
1790360173.946350359   70963 1003269
1790360176.224531765   66927 1003214
1790360178.483776920   66651 1002703
1790360180.880385305   65581 1002857
1790360183.138542804   61695 1002811
1790360185.388819417   86863 1003074
1790360187.675200146   63880 1002909
1790360189.963674103   63636 1003148
1790360192.236760977   60363 1002797
1790360194.515199570   47512 1002790
1790360196.802553319   55126 1002686
1790360199.101061704   55832 1002591
1790360201.375820974   81988 1003427
1790360203.680475765   53030 1002942
1790360205.940813212   52761 1002844
1790360208.217361440   55228 1002522
1790360210.504323418   60057 1002881
1790360212.786322584   54323 1002766
1790360215.213947844   49520 1002470
1790360217.482435187   74628 1003081
1790360219.751807686   54867 1002711
1790360222.017594768   74246 1003194
1790360224.304415236   51768 1002520
1790360226.571632943   56528 1002547
1790360228.843440651   53077 1002771
1790360231.155433723   48946 1002752
1790360233.419953253   73559 1003039
1790360235.668149346   67004 1002950
1790360237.903725543   65671 1002984
1790360240.185054136   50500 1002760
1790360242.460532885   61418 1002763
1790360244.728113197   44550 1002685
1790360246.984553092   56185 1002689
1790360249.381440643   61587 1002545
1790360251.646694757   71854 1003059
1790360253.930932725   55406 1002871
1790360256.194278557   53211 1002912
1790360258.443196838   56199 1002857
1790360260.705309701   55177 1002770
1790360262.981808815       0       0
1790360265.250633710   59755 1002583
1790360267.543601678   85075 1003369
1790360269.825887979   68137 1002847
1790360272.112600061   52446 1002708
1790360274.374237456   54142 1002872
1790360276.659842351       0       0
1790360278.931258132       0       0
1790360281.206079850   62897 1003181
1790360283.624548078       0       0
1790360285.887306723       0       0
1790360288.176576566       0       0
1790360290.441402867       0       0
